ct,pop,no_hispanic,hispanic
01001020100,2010,1957,53
01001020200,2196,2168,28
01001020300,3136,2908,228
01001020400,4563,4157,406
01001020500,10529,10429,100
01001020600,3742,3570,172
01001020700,3047,2944,103
01001020801,3025,2909,116
01001020802,10743,10596,147
01001020900,5912,5877,35
01001021000,2899,2886,13
01001021100,3247,3232,15
01003010100,4013,4003,10
01003010200,3067,3038,29
01003010300,8079,7892,187
01003010400,4578,4312,266
01003010500,5115,5053,62
01003010600,3503,3487,16
01003010701,7938,7613,325
01003010703,17062,16223,839
01003010704,6004,5703,301
01003010705,9435,9089,346
01003010800,7686,7659,27
01003010903,5953,5684,269
01003010904,6523,6117,406
01003010905,8055,7393,662
01003010906,5272,4741,531
01003011000,3885,3604,281
01003011101,9685,9048,637
01003011102,4578,4523,55
01003011201,5023,4932,91
01003011202,6085,5906,179
01003011300,4621,4442,179
01003011401,10021,9500,521
01003011403,9933,9251,682
01003011405,4078,3961,117
01003011406,3810,3695,115
01003011407,4970,4893,77
01003011408,719,719,0
01003011501,5947,5706,241
01003011502,11575,10959,616
01003011601,6640,6100,540
01003011602,5657,5552,105
01003990000,0,0,0
01005950100,3477,3361,116
01005950200,4404,4344,60
01005950300,1657,1614,43
01005950400,3693,3517,176
01005950500,3438,3268,170
01005950600,2003,1800,203
01005950700,1959,1959,0
01005950800,2195,2121,74
01005950900,3788,3483,305
01007010001,2783,2715,68
01007010002,6562,6283,279
01007010003,4824,4824,0
01007010004,8403,8248,155
01009050101,7864,6420,1444
01009050102,7202,5902,1300
01009050200,3317,2856,461
01009050300,5025,4202,823
01009050400,4689,4472,217
01009050500,7250,6780,470
01009050601,3962,3938,24
01009050602,9550,9474,76
01009050700,8845,8624,221
01011952100,1738,1738,0
01011952200,5660,5647,13
01011952500,3154,3154,0
01013952700,2142,2142,0
01013952800,1479,1479,0
01013952900,2342,2165,177
01013953000,1489,1459,30
01013953100,2981,2981,0
01013953200,4006,3960,46
01013953300,1791,1791,0
01013953400,2754,2754,0
01013953500,1296,1296,0
01015000200,3034,3010,24
01015000300,2509,2364,145
01015000400,2711,2676,35
01015000500,1444,1358,86
01015000600,1908,1903,5
01015000700,2774,2688,86
01015000800,1166,1163,3
01015000900,3905,3887,18
01015001000,6162,5914,248
01015001100,7060,6220,840
01015001201,3209,3025,184
01015001202,4151,3800,351
01015001300,2305,2261,44
01015001400,2955,2931,24
01015001500,4665,4400,265
01015001600,3621,3263,358
01015001700,6614,6295,319
01015001800,6418,6117,301
01015002000,6988,6959,29
01015002101,3611,3587,24
01015002102,3285,3252,33
01015002103,6975,6685,290
01015002200,3442,3406,36
01015002300,3677,3547,130
01015002400,4494,4494,0
01015002501,7522,7457,65
01015002502,4467,4448,19
01015002600,4807,4787,20
01015981901,4,4,0
01015981902,0,0,0
01015981903,0,0,0
01017953800,3930,3930,0
01017953900,3045,3045,0
01017954000,6321,6275,46
01017954200,3197,3187,10
01017954300,4839,4817,22
01017954400,891,882,9
01017954500,4116,4065,51
01017954600,3057,3057,0
01017954700,4622,4612,10
01019955701,3557,3527,30
01019955702,3616,3494,122
01019955800,5298,5211,87
01019955900,4594,4566,28
01019956000,4397,4303,94
01019956100,4435,4391,44
01021060101,4718,4559,159
01021060102,6755,6317,438
01021060200,2887,2887,0
01021060300,3864,3555,309
01021060401,5712,5338,374
01021060402,8735,7010,1725
01021060500,2988,2956,32
01021060600,3148,2976,172
01021060700,5010,4878,132
01023956700,2998,2998,0
01023956800,4339,4265,74
01023956900,3767,3767,0
01023957000,2183,2183,0
01025957500,1207,1204,3
01025957601,1086,1072,14
01025957602,5203,5203,0
01025957700,1556,1556,0
01025957800,4744,4719,25
01025957901,3888,3888,0
01025957902,4189,4188,1
01025958001,1158,1158,0
01025958002,1816,1816,0
01027958900,5113,4959,154
01027959000,3386,3121,265
01027959100,2612,2612,0
01027959200,2372,2372,0
01029959500,2677,2667,10
01029959600,3835,3773,62
01029959700,3670,3418,252
01029959800,4809,4784,25
01031010100,2117,2088,29
01031010200,1677,1670,7
01031010300,4823,4711,112
01031010400,1774,1762,12
01031010500,4489,4366,123
01031010600,1585,1585,0
01031010700,2317,2103,214
01031010800,2816,2728,88
01031010900,2380,2319,61
01031011000,3508,3316,192
01031011100,2077,1939,138
01031011201,8827,8370,457
01031011202,8264,6905,1359
01031011300,4337,3785,552
01033020100,3637,3448,189
01033020200,2227,2161,66
01033020300,1655,1650,5
01033020400,1520,1509,11
01033020500,5191,5011,180
01033020600,4037,4014,23
01033020701,6001,5904,97
01033020703,5333,5304,29
01033020704,4519,4401,118
01033020801,4380,4304,76
01033020802,3642,3605,37
01033020901,4434,4386,48
01033020902,3789,3534,255
01033021000,4012,3840,172
01035960200,1729,1686,43
01035960300,1539,1527,12
01035960400,3532,3517,15
01035960500,1807,1653,154
01035960600,4090,4090,0
01037961000,3751,3745,6
01037961100,3558,3558,0
01037961200,3555,3421,134
01039961600,4016,4016,0
01039961700,4518,4396,122
01039961800,3121,3034,87
01039961900,2263,2243,20
01039962000,3934,3860,74
01039962100,2060,2019,41
01039962300,2957,2945,12
01039962400,2993,2993,0
01039962500,1463,1421,42
01039962600,1574,1574,0
01039962700,1679,1655,24
01039962800,1874,1866,8
01039962900,1859,1831,28
01039963000,3418,3298,120
01041963400,1929,1907,22
01041963500,1969,1844,125
01041963600,3098,3017,81
01041963700,3733,3733,0
01041963800,1730,1724,6
01041963900,1437,1437,0
01043964100,5558,5496,62
01043964200,7336,7140,196
01043964300,4846,4361,485
01043964400,4487,4444,43
01043964500,4576,4535,41
01043964600,3895,3761,134
01043964700,5168,4617,551
01043964800,4641,4229,412
01043964900,6177,5936,241
01043965000,6018,5550,468
01043965100,3661,3355,306
01043965200,2549,2453,96
01043965300,4569,4480,89
01043965401,3055,3038,17
01043965402,3995,3809,186
01043965500,5681,5597,84
01043965600,2282,2267,15
01043965700,2822,2822,0
01045020000,4681,3944,737
01045020100,3615,3580,35
01045020200,2293,2264,29
01045020300,2321,2321,0
01045020400,2275,2261,14
01045020500,2033,1888,145
01045020700,3106,3092,14
01045020801,3378,3224,154
01045020802,4406,4222,184
01045021101,5191,4374,817
01045021102,4343,4197,146
01045021200,2529,2220,309
01045021300,4033,3954,79
01045021400,5403,5145,258
01047956100,6321,6321,0
01047956201,2862,2862,0
01047956202,1928,1919,9
01047956300,4020,3997,23
01047956400,3419,3399,20
01047956500,3267,3267,0
01047956600,2772,2772,0
01047956701,2033,1937,96
01047956702,1495,1416,79
01047956800,2724,2719,5
01047956900,2310,2279,31
01047957000,1320,1215,105
01047957100,1520,1520,0
01047957200,1395,1395,0
01047957300,4040,4011,29
01049960100,5994,5994,0
01049960200,3290,3002,288
01049960300,7253,6638,615
01049960400,6005,6005,0
01049960500,5317,5295,22
01049960600,6395,5225,1170
01049960700,8670,5887,2783
01049960800,4920,3738,1182
01049960900,3679,3203,476
01049961000,3938,3264,674
01049961100,3265,2824,441
01049961200,2331,2063,268
01049961300,5624,3902,1722
01049961400,4256,3955,301
01051030100,9361,9291,70
01051030200,4616,4616,0
01051030300,2587,2579,8
01051030400,6991,6765,226
01051030500,4564,4497,67
01051030600,6909,6855,54
01051030701,7202,7139,63
01051030702,4305,4105,200
01051030800,6745,6634,111
01051030901,6212,6007,205
01051030902,3936,3562,374
01051031000,7373,6959,414
01051031100,4319,4279,40
01051031200,1836,1615,221
01051031300,4001,3786,215
01053969800,5817,5559,258
01053969900,4502,4381,121
01053970100,4120,4090,30
01053970200,1967,1967,0
01053970300,3468,3445,23
01053970400,5254,5016,238
01053970500,5190,5122,68
01053970600,3763,3749,14
01053970700,3794,3766,28
01055000200,3668,3609,59
01055000300,2667,2642,25
01055000400,4174,4091,83
01055000500,1725,1459,266
01055000600,1954,1815,139
01055000700,1085,1085,0
01055000800,1222,1098,124
01055000900,2908,2748,160
01055001000,1606,1397,209
01055001100,4927,4883,44
01055001200,3013,2730,283
01055001300,2232,1925,307
01055001600,3843,3673,170
01055001700,1726,1607,119
01055010100,2115,2028,87
01055010200,5106,4842,264
01055010300,2678,2678,0
01055010401,3507,3381,126
01055010402,5264,5176,88
01055010501,8235,8117,118
01055010502,5255,5244,11
01055010601,5032,5009,23
01055010602,3875,3824,51
01055010700,3880,3847,33
01055010800,2884,2817,67
01055010900,1658,1649,9
01055011001,4615,4552,63
01055011002,5101,4696,405
01055011100,5070,4982,88
01055011200,2338,2007,331
01057020000,1719,1719,0
01057020100,3322,3322,0
01057020200,4187,4129,58
01057020300,3832,3755,77
01057020400,3723,3714,9
01059972900,3616,3095,521
01059973000,5811,3425,2386
01059973100,2560,2484,76
01059973200,4423,3008,1415
01059973300,2624,2146,478
01059973400,2518,2506,12
01059973500,2266,2230,36
01059973600,1648,1620,28
01059973700,6107,6002,105
01061050100,4803,4567,236
01061050200,2479,2392,87
01061050300,5861,5806,55
01061050400,5680,5342,338
01061050500,4039,3895,144
01061050600,3903,3771,132
01063060000,1472,1468,4
01063060100,3761,3714,47
01063060200,3354,3352,2
01065040000,3728,3630,98
01065040100,1377,1377,0
01065040200,1629,1594,35
01065040300,2056,2048,8
01065040400,4854,4854,0
01065040500,1515,1473,42
01067030100,1894,1885,9
01067030200,2901,2862,39
01067030300,2612,2570,42
01067030400,1856,1756,100
01067030500,6396,6327,69
01067030600,1528,1352,176
01069040100,5388,5203,185
01069040201,9948,9735,213
01069040202,8726,8446,280
01069040301,3846,3751,95
01069040302,3705,3490,215
01069040400,2587,2536,51
01069040500,3600,3452,148
01069040600,2228,2183,45
01069040700,2807,2665,142
01069040800,8664,8104,560
01069040900,5066,4872,194
01069041000,5154,5047,107
01069041100,3718,3568,150
01069041200,2321,2228,93
01069041400,3185,3139,46
01069041500,4077,4051,26
01069041600,5145,4897,248
01069041700,1228,1210,18
01069041800,1949,1933,16
01069041900,7496,7306,190
01069042000,5859,5816,43
01069042100,7194,6948,246
01071950100,5666,5666,0
01071950200,3413,3390,23
01071950300,5783,5524,259
01071950400,1985,1929,56
01071950500,3854,3770,84
01071950600,5648,5609,39
01071950700,4443,4385,58
01071950800,4405,4127,278
01071950900,5886,5599,287
01071951000,4576,4556,20
01071951100,6949,6618,331
01073000100,3111,2832,279
01073000300,2333,1770,563
01073000400,3540,3540,0
01073000500,2966,2915,51
01073000700,2724,2666,58
01073000800,3338,3285,53
01073001100,4428,4428,0
01073001200,2762,2511,251
01073001400,2152,1980,172
01073001500,2540,2502,38
01073001600,3212,3096,116
01073001902,1856,1670,186
01073002000,3498,3484,14
01073002100,2945,2945,0
01073002200,2632,2597,35
01073002303,3764,3700,64
01073002305,3091,3029,62
01073002306,3713,3608,105
01073002400,3975,3746,229
01073002700,3749,3712,37
01073002900,2144,2144,0
01073003001,3099,2965,134
01073003002,2478,2398,80
01073003100,3997,3922,75
01073003200,1285,1285,0
01073003300,745,745,0
01073003400,2356,2335,21
01073003500,2440,2440,0
01073003600,4406,4341,65
01073003700,4887,4750,137
01073003802,5344,5320,24
01073003803,3558,3558,0
01073003900,1447,1323,124
01073004000,3087,3070,17
01073004200,2066,2038,28
01073004500,4887,4739,148
01073004701,3981,3520,461
01073004702,3580,3461,119
01073004800,2006,1918,88
01073004901,1136,1094,42
01073004902,3181,2935,246
01073005000,3378,2648,730
01073005101,2089,2019,70
01073005103,2828,2621,207
01073005104,4180,3845,335
01073005200,3374,3374,0
01073005302,3350,3350,0
01073005500,2303,2231,72
01073005600,4788,4520,268
01073005701,2445,2432,13
01073005702,2706,2703,3
01073005800,3739,3588,151
01073005903,5093,4872,221
01073005905,5457,5051,406
01073005907,2254,2197,57
01073005908,3829,3712,117
01073005909,2695,2695,0
01073005910,5870,5810,60
01073010001,4632,4477,155
01073010002,4981,4788,193
01073010100,1504,1499,5
01073010200,2895,2505,390
01073010301,2409,2395,14
01073010302,4289,4192,97
01073010401,3638,3591,47
01073010402,2135,1998,137
01073010500,1537,1499,38
01073010602,5886,5676,210
01073010603,2603,2603,0
01073010701,1633,1342,291
01073010702,4663,4627,36
01073010703,2353,2338,15
01073010704,4790,4561,229
01073010705,4190,4071,119
01073010706,5227,5198,29
01073010801,5947,5794,153
01073010802,3440,3399,41
01073010803,6426,6341,85
01073010804,2983,2983,0
01073010805,7008,6944,64
01073010900,4909,4365,544
01073011001,5422,4875,547
01073011002,2226,2172,54
01073011104,7722,7478,244
01073011107,10895,10849,46
01073011108,4645,4617,28
01073011109,3713,3699,14
01073011110,5997,5927,70
01073011111,7774,7543,231
01073011205,1927,1885,42
01073011206,5526,5526,0
01073011207,5645,5279,366
01073011208,3884,3859,25
01073011209,3690,3554,136
01073011210,4371,4003,368
01073011301,3178,2765,413
01073011302,6237,6201,36
01073011400,6811,6667,144
01073011500,5388,5388,0
01073011600,3951,3940,11
01073011703,9630,9415,215
01073011704,3450,3450,0
01073011705,7445,6937,508
01073011706,2211,2139,72
01073011802,7279,7261,18
01073011803,5142,5061,81
01073011804,3125,3125,0
01073011901,2680,1998,682
01073011904,2079,2079,0
01073012001,4498,4480,18
01073012002,7677,7483,194
01073012103,3874,3771,103
01073012104,2949,2929,20
01073012200,4301,4245,56
01073012302,3716,3707,9
01073012304,2783,2783,0
01073012305,7712,7668,44
01073012401,3997,3946,51
01073012402,2446,2422,24
01073012403,3467,3444,23
01073012500,4165,4158,7
01073012602,2886,2827,59
01073012701,3901,2864,1037
01073012703,6383,5653,730
01073012704,2068,2001,67
01073012802,2790,2698,92
01073012803,4689,4618,71
01073012905,4306,4159,147
01073012906,6147,5787,360
01073012907,4474,4333,141
01073012908,5354,4252,1102
01073012910,3564,3534,30
01073012911,5874,5763,111
01073012912,4654,4081,573
01073012913,4842,3616,1226
01073012914,1978,1918,60
01073012915,6100,5800,300
01073013002,1539,1539,0
01073013100,4545,4537,8
01073013200,2213,2166,47
01073013300,3534,2718,816
01073013400,4890,4708,182
01073013601,3347,3250,97
01073013801,1963,1835,128
01073013901,1838,1821,17
01073013902,2316,2301,15
01073014001,3914,3914,0
01073014002,3958,3941,17
01073014102,4487,4447,40
01073014104,3276,3169,107
01073014105,4479,4461,18
01073014203,12883,12669,214
01073014204,9908,9585,323
01073014301,2687,2673,14
01073014302,7204,6821,383
01073014404,5452,5292,160
01073014405,3872,3766,106
01073014406,5811,5811,0
01073014408,3777,3476,301
01073014409,3356,3165,191
01073014410,5036,4939,97
01073014412,4651,4516,135
01073014413,9627,9457,170
01075030000,4789,4680,109
01075030100,5313,5269,44
01075030200,3964,3916,48
01077010100,2026,1939,87
01077010200,1892,1842,50
01077010300,990,936,54
01077010400,3189,3159,30
01077010600,3126,2951,175
01077010700,2043,2017,26
01077010800,4156,4006,150
01077010900,6936,6779,157
01077011000,4873,4393,480
01077011101,5983,5933,50
01077011102,4046,4046,0
01077011200,4045,3822,223
01077011300,2100,2030,70
01077011400,6644,6492,152
01077011501,6271,6177,94
01077011502,5462,5462,0
01077011602,4773,4747,26
01077011603,4336,4254,82
01077011604,7094,6974,120
01077011700,4196,4155,41
01077011801,4834,4788,46
01077011802,3626,3522,104
01079979100,1806,1799,7
01079979200,4336,4053,283
01079979300,4828,4783,45
01079979400,4448,4448,0
01079979500,5504,5390,114
01079979600,5403,5183,220
01079979700,1844,1822,22
01079979800,3284,3284,0
01079979900,1980,1980,0
01081040200,5093,4933,160
01081040300,2315,2276,39
01081040400,7339,6949,390
01081040500,9234,8801,433
01081040602,5774,5678,96
01081040603,732,680,52
01081040604,5013,4828,185
01081040700,5224,5094,130
01081040800,3292,3161,131
01081040901,4006,3528,478
01081040902,6136,5128,1008
01081041000,7590,7567,23
01081041100,10352,9690,662
01081041200,4688,4676,12
01081041300,3824,3811,13
01081041400,3743,3453,290
01081041600,3570,3545,25
01081041700,9044,9021,23
01081041800,7912,7626,286
01081041900,7870,7645,225
01081042002,7477,7293,184
01081042003,3522,3475,47
01081042004,12312,11923,389
01081042005,5185,5056,129
01081042006,2017,1901,116
01081042101,3816,3760,56
01081042102,6867,6768,99
01083020101,4742,4438,304
01083020102,6161,6129,32
01083020201,5289,4787,502
01083020202,5395,5218,177
01083020300,3795,3795,0
01083020401,6100,5648,452
01083020402,5356,4921,435
01083020500,2710,2526,184
01083020600,5011,3851,1160
01083020700,2203,1877,326
01083020801,8335,8066,269
01083020802,8818,8597,221
01083020900,4302,4129,173
01083021000,2563,2447,116
01083021100,6377,5923,454
01083021200,13100,12770,330
01085780800,3434,3414,20
01085781000,2771,2741,30
01085781100,1654,1654,0
01085781200,2706,2706,0
01087231400,1318,1223,95
01087231500,2962,2947,15
01087231601,960,943,17
01087231602,1548,1546,2
01087231603,1140,1137,3
01087231700,2468,2417,51
01087231800,998,976,22
01087231900,1371,1353,18
01087232000,1730,1636,94
01087232100,1365,1365,0
01087232200,2258,2251,7
01087232300,1566,1566,0
01089000201,939,916,23
01089000202,3868,3717,151
01089000301,3942,3567,375
01089000302,3181,2780,401
01089000403,4813,4776,37
01089000501,2107,1935,172
01089000502,2312,2253,59
01089000503,1751,1642,109
01089000601,1404,1402,2
01089000602,2282,2115,167
01089000701,2811,2555,256
01089000702,2538,2403,135
01089000901,4478,4369,109
01089000902,1978,1965,13
01089001000,2775,2640,135
01089001200,3137,3137,0
01089001301,3216,3053,163
01089001302,1895,1827,68
01089001401,1744,1564,180
01089001402,4870,4739,131
01089001500,4487,4193,294
01089001700,1826,1819,7
01089001801,4224,4063,161
01089001901,3664,3633,31
01089001902,1287,1258,29
01089001903,2435,2384,51
01089002000,2240,2150,90
01089002100,3247,2726,521
01089002200,2096,1719,377
01089002300,5050,3923,1127
01089002400,3975,3280,695
01089002501,3427,2054,1373
01089002502,3015,2390,625
01089002600,4258,4219,39
01089002701,2627,2600,27
01089002721,4236,4070,166
01089002722,2974,2935,39
01089002801,4360,4204,156
01089002802,6766,6680,86
01089002911,4551,4229,322
01089002912,2475,2403,72
01089002921,6360,6254,106
01089002922,4164,4121,43
01089003000,2740,2644,96
01089003100,4343,4228,115
01089010100,9374,9225,149
01089010200,5636,5592,44
01089010301,7583,7571,12
01089010302,4150,4140,10
01089010401,6305,6107,198
01089010402,5975,5808,167
01089010501,12194,11751,443
01089010502,3475,3419,56
01089010612,5576,5513,63
01089010621,7431,7218,213
01089010622,10544,10316,228
01089010623,6544,6047,497
01089010624,8179,7841,338
01089010701,8505,7955,550
01089010702,8481,7735,746
01089010800,10309,9995,314
01089010901,14670,14564,106
01089010902,3006,2989,17
01089011011,9680,9319,361
01089011012,5950,5660,290
01089011013,5095,4882,213
01089011014,8701,8322,379
01089011021,5121,4861,260
01089011022,7580,6997,583
01089011100,1592,1441,151
01089011200,10840,10318,522
01089011300,6462,6360,102
01089011400,4147,4131,16
01091972900,4622,4536,86
01091973000,4554,4530,24
01091973100,1750,1727,23
01091973200,2426,2426,0
01091973300,2248,2248,0
01091973400,4466,4409,57
01093964000,4363,4363,0
01093964100,2574,2554,20
01093964200,1518,1518,0
01093964300,4807,4260,547
01093964400,5632,5606,26
01093964500,2400,2379,21
01093964600,3311,3271,40
01093964700,5634,5562,72
01095030100,2766,2560,206
01095030201,5206,5166,40
01095030202,4817,4817,0
01095030300,6698,6647,51
01095030401,4570,4407,163
01095030402,3414,3251,163
01095030500,7108,7003,105
01095030600,6600,6420,180
01095030701,3345,2999,346
01095030702,3791,3729,62
01095030801,5359,4396,963
01095030802,7869,4488,3381
01095030902,4433,3856,577
01095030903,6167,4615,1552
01095030904,5517,4320,1197
01095031000,5580,4797,783
01095031100,5496,3968,1528
01095031200,5798,4885,913
01097000200,1238,1232,6
01097000401,1297,1297,0
01097000402,796,796,0
01097000500,1982,1982,0
01097000600,1981,1981,0
01097000701,2232,2232,0
01097000702,2427,2427,0
01097000800,4703,4629,74
01097000901,1795,1773,22
01097000902,1888,1848,40
01097000903,1519,1484,35
01097001001,1652,1612,40
01097001002,1771,1704,67
01097001100,1864,1848,16
01097001200,6820,6617,203
01097001302,2940,2901,39
01097001400,1843,1843,0
01097001501,1458,1458,0
01097001502,1359,1335,24
01097001800,2325,2141,184
01097001901,2419,2404,15
01097001902,3250,3143,107
01097002000,1700,1688,12
01097002100,3889,3875,14
01097002200,2745,2707,38
01097002301,1932,1915,17
01097002302,2025,2025,0
01097002400,3035,2976,59
01097002501,3349,3174,175
01097002502,2216,2185,31
01097002600,2417,2416,1
01097002700,2575,2548,27
01097002800,4857,4805,52
01097002900,3873,3698,175
01097003000,3263,3223,40
01097003100,4550,4401,149
01097003202,2493,2250,243
01097003203,3429,3350,79
01097003204,4495,4092,403
01097003205,2500,2476,24
01097003301,2672,2532,140
01097003302,4008,3765,243
01097003402,4314,4314,0
01097003404,2687,2687,0
01097003405,1868,1810,58
01097003406,2835,2776,59
01097003407,7322,7011,311
01097003408,3570,3510,60
01097003501,3788,3636,152
01097003502,2522,2521,1
01097003602,1392,1337,55
01097003605,653,609,44
01097003606,3588,3317,271
01097003607,3949,3732,217
01097003608,1462,1437,25
01097003703,3668,3319,349
01097003704,4240,4079,161
01097003705,3650,3541,109
01097003706,3004,2874,130
01097003707,5247,5170,77
01097003708,4453,4369,84
01097003709,6860,6487,373
01097003710,4104,3975,129
01097003800,1274,1274,0
01097003901,2023,2023,0
01097003902,943,943,0
01097004000,2380,2380,0
01097004100,972,972,0
01097004800,1100,1100,0
01097004900,3541,3345,196
01097005000,1776,1776,0
01097005100,1548,1422,126
01097005200,1550,1491,59
01097005300,1872,1802,70
01097005400,4400,4306,94
01097005500,2609,2529,80
01097005600,7222,7203,19
01097005700,7057,7038,19
01097005800,3948,3917,31
01097005900,4652,4590,62
01097006000,5060,4840,220
01097006102,2276,2188,88
01097006103,5700,5700,0
01097006104,4878,4844,34
01097006105,7538,7399,139
01097006200,4536,4536,0
01097006301,10611,10499,112
01097006302,7021,6684,337
01097006402,4192,4105,87
01097006403,1962,1771,191
01097006404,11975,11647,328
01097006405,8071,8014,57
01097006406,8456,8201,255
01097006407,5799,5769,30
01097006501,5314,5203,111
01097006502,12185,11679,506
01097006600,5817,5745,72
01097006701,5952,5784,168
01097006702,3637,3584,53
01097006801,9217,8979,238
01097006802,3382,3109,273
01097006901,7717,7035,682
01097006902,4259,4142,117
01097007000,4503,4452,51
01097007101,4456,4268,188
01097007102,3204,3060,144
01097007103,3487,3477,10
01097007201,2585,2585,0
01097007202,2471,2425,46
01097007300,4169,3964,205
01097007400,3414,3414,0
01097007500,1450,1450,0
01097007600,1974,1974,0
01097007700,1398,1398,0
01097990000,0,0,0
01099075600,1177,1177,0
01099075700,1714,1714,0
01099075800,1508,1483,25
01099075900,6133,6034,99
01099076000,3251,3239,12
01099076100,6555,6555,0
01099076200,1637,1637,0
01101000100,418,388,30
01101000200,1341,1341,0
01101000300,1352,1345,7
01101000400,4228,4131,97
01101000500,2378,2157,221
01101000600,1360,1318,42
01101000700,1424,1390,34
01101000900,2300,1997,303
01101001000,1328,1286,42
01101001100,3585,3565,20
01101001200,1344,1344,0
01101001300,1750,1599,151
01101001400,3457,3415,42
01101001500,3363,3294,69
01101001600,3403,3161,242
01101001700,4885,4832,53
01101001800,3400,3290,110
01101001900,3146,2970,176
01101002000,4265,4194,71
01101002100,4027,4011,16
01101002201,4282,4232,50
01101002202,1268,1268,0
01101002300,2437,2437,0
01101002400,1597,1597,0
01101002500,2648,2475,173
01101002600,5870,5845,25
01101002700,4235,4198,37
01101002800,4567,4545,22
01101002900,8325,8037,288
01101003000,3160,2963,197
01101003100,3891,3891,0
01101003200,6016,5935,81
01101003301,3590,3582,8
01101003302,6388,6286,102
01101005101,3871,3825,46
01101005102,4954,4891,63
01101005301,855,743,112
01101005302,2178,1768,410
01101005402,6291,6072,219
01101005403,4096,4066,30
01101005406,9668,9528,140
01101005407,4377,4348,29
01101005408,8371,8291,80
01101005409,2725,2687,38
01101005410,5345,5345,0
01101005501,1706,1677,29
01101005502,1959,1837,122
01101005503,5032,4992,40
01101005504,1121,1109,12
01101005603,7601,5743,1858
01101005604,3366,3356,10
01101005605,3550,3433,117
01101005606,4203,4203,0
01101005607,4409,4312,97
01101005608,1726,1726,0
01101005609,4518,4508,10
01101005610,1410,1396,14
01101005611,3813,3770,43
01101005612,1553,1546,7
01101005700,1431,1431,0
01101005800,2066,2066,0
01101005901,4944,4678,266
01101005902,3434,3402,32
01101006000,3621,2628,993
01101006100,2170,2166,4
01103000100,4108,3177,931
01103000200,3696,3514,182
01103000300,2850,2655,195
01103000400,3932,3459,473
01103000600,2911,2313,598
01103000700,3898,2959,939
01103000800,2979,2589,390
01103000900,5400,3644,1756
01103001000,3484,2922,562
01103005101,5445,5113,332
01103005103,1032,1000,32
01103005105,2316,2121,195
01103005106,5711,5608,103
01103005107,4528,4400,128
01103005108,3839,3687,152
01103005109,4731,3830,901
01103005200,6518,6373,145
01103005301,8525,8476,49
01103005302,3853,3512,341
01103005303,3871,3812,59
01103005304,5707,5656,51
01103005404,5015,4905,110
01103005405,4860,4702,158
01103005500,5356,4995,361
01103005600,6160,6141,19
01103005701,2733,2703,30
01103005702,6097,5950,147
01105686800,1104,1100,4
01105687000,5655,5565,90
01105687100,3097,3097,0
01107050000,4891,4860,31
01107050100,3507,3475,32
01107050200,2036,2032,4
01107050300,4299,3889,410
01107050400,5309,5300,9
01109188600,1904,1875,29
01109188700,1556,1482,74
01109188800,2596,2567,29
01109188900,5893,5856,37
01109189000,7444,7428,16
01109189100,6840,6624,216
01109189200,2995,2793,202
01109189300,4049,3922,127
01111000100,3325,3046,279
01111000200,3072,3038,34
01111000300,3934,3921,13
01111000400,5050,4786,264
01111000500,4907,4890,17
01111000600,2327,2273,54
01113030200,2626,2549,77
01113030300,3310,3025,285
01113030401,6152,5868,284
01113030402,3043,3043,0
01113030500,2265,2241,24
01113030600,7946,7344,602
01113030700,3682,3492,190
01113030800,3288,3287,1
01113030901,6609,6512,97
01113030902,10931,10035,896
01113031000,3489,3345,144
01113031100,1737,1710,27
01113031200,3558,3211,347
01115040103,9284,9159,125
01115040104,5001,4965,36
01115040105,4490,4059,431
01115040106,6424,6401,23
01115040201,5250,5148,102
01115040203,6606,6475,131
01115040204,7081,7035,46
01115040205,5775,5742,33
01115040300,5740,5740,0
01115040401,5411,5277,134
01115040402,3764,3560,204
01115040501,11697,11500,197
01115040502,10053,9554,499
01117030102,4169,4127,42
01117030103,1043,1040,3
01117030211,3160,3148,12
01117030212,3293,2963,330
01117030213,4617,4263,354
01117030214,8493,8307,186
01117030215,4205,4079,126
01117030216,7059,7006,53
01117030217,5666,5556,110
01117030303,7890,7621,269
01117030304,6028,5889,139
01117030305,4142,4128,14
01117030306,3621,3468,153
01117030314,3469,3148,321
01117030315,5640,4138,1502
01117030316,5958,5070,888
01117030317,4077,3954,123
01117030319,2532,2011,521
01117030320,5514,5185,329
01117030330,5322,5187,135
01117030331,4320,4077,243
01117030332,1191,1191,0
01117030333,5110,5032,78
01117030334,4001,3949,52
01117030336,6515,6279,236
01117030337,1794,1518,276
01117030340,5980,5789,191
01117030341,2347,1884,463
01117030342,2443,2349,94
01117030344,3068,2868,200
01117030345,2935,2679,256
01117030405,1359,1344,15
01117030406,3438,2764,674
01117030407,2246,2150,96
01117030408,2896,2837,59
01117030501,7293,6659,634
01117030502,2572,2520,52
01117030604,7148,6211,937
01117030605,7726,7057,669
01117030607,6143,5805,338
01117030608,3400,3356,44
01117030609,7222,6968,254
01117030701,4558,4492,66
01117030703,3808,3646,162
01117030704,3997,3915,82
01117030800,4038,3978,60
01117030900,2505,2485,20
01117980000,0,0,0
01119011300,5460,5442,18
01119011400,1751,1748,3
01119011500,4801,4798,3
01119011600,1273,1258,15
01121010101,5177,4991,186
01121010102,4895,4819,76
01121010201,3601,3583,18
01121010202,4184,4158,26
01121010301,2883,2883,0
01121010302,4949,4949,0
01121010400,2565,2519,46
01121010500,2922,2656,266
01121010600,2908,2883,25
01121010700,2896,2618,278
01121010900,3243,3161,82
01121011000,2975,2975,0
01121011100,5087,5038,49
01121011200,2493,2477,16
01121011300,5956,5940,16
01121011400,2834,2747,87
01121011500,5628,5622,6
01121011600,4308,4292,16
01121011700,4128,4077,51
01121011800,2137,1852,285
01121011900,2990,2960,30
01121012000,2298,2105,193
01123961900,2448,2423,25
01123962000,4089,4055,34
01123962100,4158,4158,0
01123962200,4581,4431,150
01123962300,6155,5569,586
01123962400,4365,4298,67
01123962501,4305,4297,8
01123962502,2868,2808,60
01123962600,1620,1603,17
01123962700,6369,6328,41
01125010101,4405,4314,91
01125010102,2789,2741,48
01125010103,5962,5901,61
01125010201,3587,3567,20
01125010202,10579,9771,808
01125010203,3017,2906,111
01125010204,4629,4595,34
01125010301,6350,6183,167
01125010302,3220,2930,290
01125010303,2535,2535,0
01125010403,4075,3915,160
01125010404,2511,2511,0
01125010405,4129,3881,248
01125010406,5110,5007,103
01125010407,3129,3098,31
01125010500,2208,2024,184
01125010601,4806,4585,221
01125010602,10958,10924,34
01125010701,6818,6750,68
01125010702,7222,6940,282
01125010703,2695,2606,89
01125010802,4337,4318,19
01125010803,3017,2786,231
01125010804,2674,2363,311
01125011200,7471,7332,139
01125011401,2410,2351,59
01125011402,2231,2202,29
01125011600,3316,3290,26
01125011701,2888,2882,6
01125011703,4800,4794,6
01125011800,3633,3614,19
01125011901,2910,2714,196
01125011902,1745,1562,183
01125012000,2807,2553,254
01125012100,5605,5431,174
01125012303,7749,7466,283
01125012304,3576,3530,46
01125012305,5182,5095,87
01125012403,3183,3170,13
01125012404,2591,2493,98
01125012405,7212,6916,296
01125012501,1834,1815,19
01125012502,6787,6763,24
01125012503,4693,4470,223
01125012600,1946,1844,102
01125012700,4808,4035,773
01125012800,2332,2332,0
01127020100,3013,2989,24
01127020200,4560,4229,331
01127020300,6829,6790,39
01127020400,1974,1673,301
01127020600,2659,2620,39
01127020700,2882,2641,241
01127020800,5411,5388,23
01127020900,4832,4832,0
01127021000,3860,3841,19
01127021100,3299,3297,2
01127021200,3385,3314,71
01127021300,3867,3839,28
01127021400,3794,3626,168
01127021500,3168,3168,0
01127021600,1459,1445,14
01127021700,4449,4426,23
01127021800,3827,3667,160
01127021900,2325,2325,0
01129043900,2617,2534,83
01129044000,3387,3332,55
01129044100,3257,3257,0
01129044200,5033,5019,14
01129044300,2615,2548,67
01131034700,1272,1272,0
01131034800,4865,4865,0
01131035100,3140,3078,62
01131035200,1842,1842,0
01133965501,2378,2378,0
01133965502,2521,2508,13
01133965503,2737,2709,28
01133965600,5247,5192,55
01133965700,4576,4200,376
01133965800,4487,4289,198
01133965900,2067,2037,30
02013000100,3299,2968,331
02016000100,1004,909,95
02016000200,4710,4015,695
02020000101,5947,5705,242
02020000102,5146,4871,275
02020000201,4860,4386,474
02020000202,6395,6065,330
02020000203,11970,11214,756
02020000204,3650,3471,179
02020000300,8648,6992,1656
02020000400,5163,4493,670
02020000500,1869,1774,95
02020000600,5948,5073,875
02020000701,6157,5722,435
02020000702,5616,5119,497
02020000703,5459,5163,296
02020000801,7000,5981,1019
02020000802,4757,4201,556
02020000901,5401,4849,552
02020000902,2913,2696,217
02020001000,3332,3007,325
02020001100,924,862,62
02020001200,3947,3821,126
02020001300,3119,2905,214
02020001400,5127,4565,562
02020001500,5201,5014,187
02020001601,4461,3855,606
02020001602,4745,4371,374
02020001701,7297,6834,463
02020001702,5396,4871,525
02020001731,6315,5573,742
02020001732,6458,6010,448
02020001801,4828,4469,359
02020001802,5241,4793,448
02020001900,4043,3623,420
02020002000,3496,3121,375
02020002100,3945,3899,46
02020002201,5256,4945,311
02020002202,3259,2793,466
02020002301,7168,6782,386
02020002302,5090,4623,467
02020002303,9192,8280,912
02020002400,3248,3107,141
02020002501,5076,4501,575
02020002502,4796,3835,961
02020002601,5276,4764,512
02020002602,6430,5754,676
02020002603,6155,5864,291
02020002702,10353,9492,861
02020002711,6762,6208,554
02020002712,9340,8476,864
02020002811,6258,5454,804
02020002812,8143,7796,347
02020002813,5300,5031,269
02020002821,5337,4786,551
02020002822,4039,3971,68
02020002823,5483,5136,347
02020002900,2586,2264,322
02050000100,10087,10011,76
02050000200,6365,6099,266
02050000300,1433,1416,17
02060000100,942,896,46
02068000100,2125,2108,17
02070000100,2675,2672,3
02070000200,2305,2161,144
02090000100,1474,1434,40
02090000200,3609,3419,190
02090000300,4364,4142,222
02090000400,4932,4464,468
02090000500,2710,2161,549
02090000600,4516,4212,304
02090000700,4391,3909,482
02090000800,5770,5226,544
02090000900,5781,5684,97
02090001000,1631,1628,3
02090001100,8811,7157,1654
02090001200,7279,6807,472
02090001300,6805,6667,138
02090001400,7178,6917,261
02090001500,11335,10271,1064
02090001600,4845,4681,164
02090001700,1205,1166,39
02090001800,2884,2519,365
02090001900,10630,10200,430
02100000100,2528,2487,41
02105000200,64,64,0
02105000300,2043,1938,105
02110000100,4651,4385,266
02110000200,7486,6926,560
02110000300,5829,5521,308
02110000400,5004,4760,244
02110000500,3437,3116,321
02110000600,6117,5768,349
02122000100,464,423,41
02122000200,6284,5824,460
02122000300,1177,1135,42
02122000400,6646,6530,116
02122000500,6871,6509,362
02122000600,7551,7377,174
02122000700,9941,9463,478
02122000800,3677,3590,87
02122000900,2314,2256,58
02122001000,4305,4096,209
02122001100,3205,3053,152
02122001200,961,955,6
02122001300,4241,4212,29
02130000100,3459,3369,90
02130000200,4860,4550,310
02130000300,3061,2854,207
02130000400,2335,2308,27
02150000100,1948,1896,52
02150000200,7024,6363,661
02150000300,2773,2395,378
02150000400,820,805,15
02150000500,1353,1248,105
02158000100,7993,7886,107
02164000100,1411,1382,29
02170000101,516,500,16
02170000102,2224,2198,26
02170000200,2056,2016,40
02170000300,6507,6275,232
02170000401,2028,1938,90
02170000402,2102,1992,110
02170000501,1984,1914,70
02170000502,2126,2025,101
02170000601,5195,5075,120
02170000603,7252,6961,291
02170000604,4744,4584,160
02170000701,3150,2927,223
02170000703,3883,3707,176
02170000705,4416,4023,393
02170000706,5951,5661,290
02170000800,5447,5112,335
02170000900,2959,2852,107
02170001001,3732,3525,207
02170001003,3952,3618,334
02170001004,5229,5075,154
02170001100,6073,5875,198
02170001201,5536,5217,319
02170001202,5417,5191,226
02170001300,6200,5955,245
02180000100,5848,5829,19
02180000200,4031,3838,193
02185000100,4377,4129,248
02185000200,2412,2378,34
02185000300,2892,2803,89
02188000100,4435,4405,30
02188000200,3288,3155,133
02195000200,3196,2865,331
02198000100,2188,2165,23
02198000200,2519,2457,62
02198000300,0,0,0
02198940100,1667,1531,136
02220000100,3455,3238,217
02220000200,5466,5127,339
02230000100,1014,950,64
02240000100,2187,2178,9
02240000400,4783,4439,344
02261000100,2037,2000,37
02261000200,3047,3030,17
02261000300,4438,4048,390
02275000300,2401,2329,72
02282000100,646,628,18
02290000100,1217,1188,29
02290000200,1363,1333,30
02290000300,1959,1939,20
02290000400,1061,1033,28
04001942600,1534,1534,0
04001942700,4663,4613,50
04001944000,6186,6135,51
04001944100,5915,5824,91
04001944201,4524,4427,97
04001944202,4592,4466,126
04001944300,7307,7289,18
04001944901,3948,3879,69
04001944902,4816,4746,70
04001945001,5082,5005,77
04001945002,3950,3869,81
04001945100,2433,2336,97
04001970200,4511,3685,826
04001970300,3959,2767,1192
04001970501,5067,4052,1015
04001970502,3859,3416,443
04003000100,1483,1080,403
04003000201,3238,1713,1525
04003000202,3972,1632,2340
04003000203,2701,2110,591
04003000301,3982,2925,1057
04003000302,4744,4320,424
04003000303,3277,2947,330
04003000400,2055,1637,418
04003000500,9867,5953,3914
04003000600,3380,948,2432
04003000700,4129,294,3835
04003000800,3465,685,2780
04003000901,2200,79,2121
04003000902,1598,241,1357
04003001000,1465,1216,249
04003001100,3536,1861,1675
04003001200,2798,1306,1492
04003001300,5427,4338,1089
04003001401,4959,4334,625
04003001402,1028,750,278
04003001501,3155,2104,1051
04003001502,4024,2526,1498
04003001601,5341,3198,2143
04003001602,3090,2272,818
04003001701,3631,2500,1131
04003001702,3958,2835,1123
04003001703,4879,3674,1205
04003001800,8888,7383,1505
04003001900,6733,5567,1166
04003002001,5383,3879,1504
04003002002,4921,3837,1084
04003002100,4870,3936,934
04005000100,3524,3189,335
04005000200,3744,2955,789
04005000300,6688,4146,2542
04005000400,5447,4320,1127
04005000500,4203,2539,1664
04005000600,5627,5214,413
04005000700,3611,3105,506
04005000800,5466,4526,940
04005000900,6862,5776,1086
04005001000,10962,9150,1812
04005001101,4574,4074,500
04005001102,7345,5718,1627
04005001200,2690,2352,338
04005001301,5264,4699,565
04005001302,5710,4836,874
04005001500,3084,2847,237
04005001600,3120,2853,267
04005001700,3542,2680,862
04005002000,1870,1803,67
04005002100,7532,6751,781
04005002200,6197,5563,634
04005002300,5716,5101,615
04005942201,4041,3997,44
04005942202,3658,3617,41
04005944900,4861,4773,88
04005945000,4402,4344,58
04005945100,3667,3599,68
04005945200,4657,4607,50
04007000100,1815,1731,84
04007000200,2136,1989,147
04007000301,6359,5695,664
04007000302,2827,2700,127
04007000400,3740,3360,380
04007000500,5460,5094,366
04007000600,1444,1292,152
04007000700,1708,1699,9
04007000800,1601,913,688
04007000900,2951,1574,1377
04007001000,5284,3404,1880
04007001100,3708,2162,1546
04007001200,5023,3636,1387
04007001300,1124,374,750
04007940200,2049,1971,78
04007940400,5950,5721,229
04009940500,4599,4230,369
04009961100,4742,3505,1237
04009961201,3438,2825,613
04009961202,3535,2240,1295
04009961300,3589,2205,1384
04009961400,4874,2640,2234
04009961500,4335,2796,1539
04009961600,2713,1613,1100
04009961700,5704,3429,2275
04011960100,2594,1010,1584
04011960200,3845,1902,1943
04011960300,2785,2022,763
04012020100,2322,1485,837
04012020201,1832,1672,160
04012020202,587,553,34
04012020501,1919,1498,421
04012020502,4190,4012,178
04012020602,1418,929,489
04012940200,3043,1890,1153
04012940300,4993,2949,2044
04012980000,0,0,0
04013010101,4786,4758,28
04013010102,4440,4374,66
04013030401,4189,4013,176
04013030402,4277,4166,111
04013040502,5050,4312,738
04013040506,5515,5515,0
04013040507,6303,6277,26
04013040512,1703,1671,32
04013040513,2955,2947,8
04013040514,2936,2888,48
04013040515,4681,3370,1311
04013040516,4420,4007,413
04013040517,7556,6720,836
04013040518,6953,5580,1373
04013040519,4911,4519,392
04013040520,4369,3927,442
04013040521,7245,6359,886
04013040522,4360,4360,0
04013040523,2872,2836,36
04013040524,1433,1405,28
04013040525,3370,3277,93
04013040526,2065,1985,80
04013040527,3674,3318,356
04013040528,6239,6151,88
04013040529,3059,2996,63
04013040530,3880,3092,788
04013040531,3747,3418,329
04013050603,4935,3523,1412
04013050604,3735,2178,1557
04013050605,7542,6064,1478
04013050606,7462,6082,1380
04013050607,7540,4484,3056
04013050608,8028,5612,2416
04013050609,4730,2916,1814
04013050610,9417,5815,3602
04013050611,5168,2491,2677
04013050701,5455,3201,2254
04013050702,5024,2731,2293
04013060801,5879,2323,3556
04013060802,2607,1593,1014
04013060901,4867,2861,2006
04013060902,3360,647,2713
04013060903,5759,2013,3746
04013060904,3618,1835,1783
04013061009,9735,7110,2625
04013061010,4756,4213,543
04013061011,6526,4418,2108
04013061012,8156,5938,2218
04013061013,6537,4396,2141
04013061014,6121,3700,2421
04013061015,5659,3956,1703
04013061016,5610,4419,1191
04013061017,3389,2366,1023
04013061018,4413,4292,121
04013061019,3972,2579,1393
04013061020,3823,2847,976
04013061021,2110,1617,493
04013061022,10162,6779,3383
04013061023,11377,7071,4306
04013061024,2198,1223,975
04013061025,9864,8403,1461
04013061026,5636,4550,1086
04013061027,4797,3774,1023
04013061028,2786,2364,422
04013061029,4506,3666,840
04013061030,7930,6678,1252
04013061031,4150,3549,601
04013061032,6465,4854,1611
04013061033,6698,5176,1522
04013061034,7404,5634,1770
04013061035,7428,5925,1503
04013061036,3453,2754,699
04013061037,5075,4009,1066
04013061038,4723,3873,850
04013061039,4496,3712,784
04013061040,4409,2918,1491
04013061041,4548,2718,1830
04013061042,2091,1446,645
04013061043,2678,1692,986
04013061044,7644,6016,1628
04013061045,5829,4740,1089
04013061046,5832,4054,1778
04013061047,3528,2606,922
04013061100,2693,2216,477
04013061200,6227,1832,4395
04013061300,1936,740,1196
04013061401,1981,402,1579
04013061402,5517,1469,4048
04013071503,4857,4772,85
04013071504,3440,3395,45
04013071505,6713,6178,535
04013071506,4206,3960,246
04013071509,6287,5618,669
04013071510,4080,3600,480
04013071511,3689,3194,495
04013071512,6355,5351,1004
04013071513,1603,1352,251
04013071514,4213,3637,576
04013071515,3494,2969,525
04013071516,3085,2851,234
04013071517,3911,3130,781
04013071600,3773,2468,1305
04013071701,2944,2451,493
04013071702,2923,2803,120
04013071801,4755,4595,160
04013071802,3454,3370,84
04013071903,6730,4604,2126
04013071906,5513,3562,1951
04013071909,3995,2802,1193
04013071910,7021,4063,2958
04013071911,3407,2405,1002
04013071912,3146,1415,1731
04013071913,4979,2617,2362
04013071914,3246,1562,1684
04013071915,3462,2018,1444
04013082002,6566,3151,3415
04013082007,3978,1009,2969
04013082008,5365,1364,4001
04013082009,5443,1356,4087
04013082010,4308,1124,3184
04013082012,6419,2937,3482
04013082016,2726,1144,1582
04013082017,4895,2859,2036
04013082018,5680,1504,4176
04013082019,2736,1833,903
04013082020,3976,2782,1194
04013082021,1910,1045,865
04013082022,4719,2642,2077
04013082023,5100,2893,2207
04013082024,4555,2238,2317
04013082025,2576,1442,1134
04013082026,5545,2961,2584
04013082027,4432,1999,2433
04013082028,4472,1650,2822
04013082203,10161,3279,6882
04013082204,6798,1801,4997
04013082205,5761,1895,3866
04013082206,3979,1151,2828
04013082207,3019,720,2299
04013082208,3010,707,2303
04013082209,2745,353,2392
04013082210,5148,2322,2826
04013082211,5335,2688,2647
04013083000,6985,1309,5676
04013092305,4415,2982,1433
04013092306,6933,4833,2100
04013092307,6509,4078,2431
04013092308,6614,3656,2958
04013092309,5867,4050,1817
04013092311,2729,1731,998
04013092312,5256,3626,1630
04013092401,4421,2674,1747
04013092402,3524,2475,1049
04013092500,5409,2701,2708
04013092600,3440,1296,2144
04013092705,3705,2046,1659
04013092708,2052,1121,931
04013092709,4243,2758,1485
04013092710,4254,2472,1782
04013092711,3148,1739,1409
04013092712,5212,2575,2637
04013092713,5223,2347,2876
04013092715,4223,1060,3163
04013092716,3652,1440,2212
04013092717,5146,1920,3226
04013092718,3961,1614,2347
04013092719,3904,2411,1493
04013092720,4989,3540,1449
04013092721,3160,2356,804
04013092723,3907,2470,1437
04013092724,3721,2888,833
04013092801,5410,1434,3976
04013092802,5901,1399,4502
04013092900,2959,775,2184
04013093001,5225,2339,2886
04013093002,4830,2066,2764
04013093101,4976,1559,3417
04013093104,4967,1623,3344
04013093105,6161,1804,4357
04013093106,4387,1492,2895
04013093200,3234,1716,1518
04013103205,2918,2712,206
04013103206,2545,2381,164
04013103207,2613,2467,146
04013103208,4320,3533,787
04013103209,4820,4705,115
04013103210,6910,6231,679
04013103211,4002,3768,234
04013103212,4350,4104,246
04013103214,4332,4220,112
04013103215,2994,2619,375
04013103216,5130,4526,604
04013103217,6956,6553,403
04013103219,2949,2907,42
04013103220,3049,2949,100
04013103302,6889,4865,2024
04013103303,3356,2820,536
04013103304,5970,1898,4072
04013103305,3398,1022,2376
04013103306,4480,1939,2541
04013103400,4902,3605,1297
04013103501,3281,2377,904
04013103502,5445,4835,610
04013103604,4406,3024,1382
04013103605,5955,5528,427
04013103606,4342,3310,1032
04013103607,4828,4146,682
04013103608,3809,3360,449
04013103609,5068,3767,1301
04013103611,5465,5260,205
04013103612,5281,4356,925
04013103614,3432,2753,679
04013103615,5201,2430,2771
04013103701,4831,3776,1055
04013103702,3109,2581,528
04013103900,5779,4407,1372
04013104000,6694,4951,1743
04013104100,6674,4770,1904
04013104202,5250,4372,878
04013104203,6505,4715,1790
04013104204,3645,2763,882
04013104205,5027,3316,1711
04013104206,4538,3092,1446
04013104207,4033,3019,1014
04013104212,6646,5061,1585
04013104214,2405,1942,463
04013104215,4228,3516,712
04013104216,5080,4243,837
04013104217,5757,4920,837
04013104218,3475,2632,843
04013104219,3342,2627,715
04013104221,6037,4552,1485
04013104222,5801,4943,858
04013104223,2018,1633,385
04013104224,6072,5339,733
04013104225,3735,3199,536
04013104226,4342,3803,539
04013104227,2142,1492,650
04013104301,3885,2617,1268
04013104302,3571,2797,774
04013104401,4646,2884,1762
04013104402,2629,2330,299
04013104501,3682,1584,2098
04013104502,5512,2027,3485
04013104600,4343,2532,1811
04013104701,2629,1489,1140
04013104702,4018,2478,1540
04013104801,3537,3254,283
04013104802,5683,5096,587
04013104900,4381,3781,600
04013105002,2920,2752,168
04013105003,4702,4491,211
04013105004,3595,3265,330
04013105101,4265,3993,272
04013105102,4439,4147,292
04013105103,3048,2887,161
04013105200,6560,4205,2355
04013105300,5756,4024,1732
04013105400,3830,3387,443
04013105501,2844,1667,1177
04013105502,1955,1296,659
04013105503,3298,2219,1079
04013105601,4436,1851,2585
04013105602,6070,3169,2901
04013105701,3137,2058,1079
04013105702,3971,1804,2167
04013105800,6600,3538,3062
04013105900,4938,3480,1458
04013106001,1755,1056,699
04013106002,2454,1448,1006
04013106003,3410,2299,1111
04013106100,5345,4169,1176
04013106200,3454,3300,154
04013106300,4660,4209,451
04013106400,2814,2313,501
04013106501,3452,2689,763
04013106502,3613,2798,815
04013106600,3899,3388,511
04013106701,4050,2871,1179
04013106702,1469,1248,221
04013106703,2241,1742,499
04013106801,4370,2384,1986
04013106802,3706,2181,1525
04013106900,7853,3037,4816
04013107000,7096,3535,3561
04013107101,4589,1789,2800
04013107102,5478,1876,3602
04013107201,2973,1347,1626
04013107202,5851,1987,3864
04013107300,6703,3482,3221
04013107400,6749,4698,2051
04013107500,3683,3407,276
04013107601,3622,2929,693
04013107602,3057,2273,784
04013107700,3975,3295,680
04013107800,2445,2308,137
04013107900,3673,3378,295
04013108000,3163,2971,192
04013108100,1968,1568,400
04013108200,3532,2825,707
04013108301,3725,3250,475
04013108302,2911,2586,325
04013108400,5339,4626,713
04013108501,2310,1508,802
04013108502,3750,2860,890
04013108601,2769,1451,1318
04013108602,5303,3074,2229
04013108802,1960,1529,431
04013108901,2667,1485,1182
04013108902,5260,2689,2571
04013109001,4854,2151,2703
04013109002,4206,2153,2053
04013109003,5801,1491,4310
04013109101,3723,695,3028
04013109102,5702,1139,4563
04013109200,3333,1200,2133
04013109300,5421,1151,4270
04013109400,8570,2399,6171
04013109500,5614,1753,3861
04013109601,5866,1289,4577
04013109602,7032,1477,5555
04013109603,5642,1042,4600
04013109604,3993,1169,2824
04013109701,9106,1073,8033
04013109702,6070,1171,4899
04013109703,3111,717,2394
04013109704,2953,451,2502
04013109705,2397,354,2043
04013109801,4917,528,4389
04013109802,5355,1069,4286
04013109900,7808,971,6837
04013110001,4182,816,3366
04013110002,3851,748,3103
04013110100,6180,651,5529
04013110400,5062,3649,1413
04013110501,3139,2662,477
04013110502,2520,1867,653
04013110600,4865,3698,1167
04013110701,2677,1224,1453
04013110702,4155,2076,2079
04013110801,5663,3344,2319
04013110802,2321,1512,809
04013110901,3650,2234,1416
04013110902,5406,2926,2480
04013111000,4522,3766,756
04013111100,4176,3554,622
04013111201,6155,3110,3045
04013111202,1925,694,1231
04013111203,1650,1383,267
04013111204,2199,1732,467
04013111300,6027,4094,1933
04013111401,4455,1185,3270
04013111402,4502,2145,2357
04013111501,1973,119,1854
04013111502,5839,2118,3721
04013111601,3281,1047,2234
04013111602,4976,1151,3825
04013111700,6347,3765,2582
04013111800,3852,3305,547
04013111900,2293,1696,597
04013112100,3703,458,3245
04013112201,4213,770,3443
04013112202,4086,1078,3008
04013112301,5340,678,4662
04013112302,7616,1317,6299
04013112401,6608,766,5842
04013112402,5834,654,5180
04013112502,6085,870,5215
04013112503,9162,1422,7740
04013112504,4456,808,3648
04013112505,8862,996,7866
04013112507,2790,476,2314
04013112508,2114,225,1889
04013112509,10508,3315,7193
04013112510,5123,926,4197
04013112511,9075,1848,7227
04013112512,1815,636,1179
04013112513,9247,3024,6223
04013112514,4697,1980,2717
04013112601,2896,590,2306
04013112602,7020,787,6233
04013112700,6381,572,5809
04013112900,4824,2037,2787
04013113000,2043,1615,428
04013113100,3051,2478,573
04013113201,3018,502,2516
04013113202,2129,569,1560
04013113203,2778,739,2039
04013113300,5250,1426,3824
04013113400,286,202,84
04013113501,4982,1374,3608
04013113502,3033,874,2159
04013113601,4492,1471,3021
04013113602,3955,1428,2527
04013113700,8551,4339,4212
04013113801,1936,879,1057
04013113802,0,0,0
04013113900,976,251,725
04013114000,1953,1318,635
04013114100,1893,1410,483
04013114200,1471,440,1031
04013114301,665,442,223
04013114302,3162,1754,1408
04013114401,1800,463,1337
04013114402,1918,406,1512
04013114500,3609,471,3138
04013114600,1639,121,1518
04013114703,4739,2543,2196
04013114800,3870,954,2916
04013114900,2364,755,1609
04013115200,2683,1474,1209
04013115300,3122,1022,2100
04013115400,2445,378,2067
04013115500,3699,609,3090
04013115600,4719,1925,2794
04013115700,7249,1031,6218
04013115801,4539,815,3724
04013115802,3746,862,2884
04013115900,5731,1772,3959
04013116000,5737,2954,2783
04013116100,3612,1232,2380
04013116202,5723,1318,4405
04013116203,4851,2442,2409
04013116204,3689,1185,2504
04013116205,4779,2571,2208
04013116300,7075,2539,4536
04013116400,5688,1419,4269
04013116500,5777,481,5296
04013116602,8482,3047,5435
04013116603,6642,3957,2685
04013116604,4964,3120,1844
04013116605,6437,3759,2678
04013116606,6696,2795,3901
04013116607,2992,1560,1432
04013116608,3797,1922,1875
04013116609,4425,2975,1450
04013116610,5448,3313,2135
04013116611,3709,2209,1500
04013116612,5588,2792,2796
04013116613,7079,4217,2862
04013116702,9389,2741,6648
04013116703,4736,2032,2704
04013116704,7392,5193,2199
04013116707,2837,2180,657
04013116708,5367,4694,673
04013116709,1837,1517,320
04013116710,4747,3991,756
04013116711,2123,1907,216
04013116712,7205,5583,1622
04013116713,6731,5304,1427
04013116714,3754,3248,506
04013116715,2139,1788,351
04013116717,4129,3196,933
04013116718,2691,1955,736
04013116719,6694,5511,1183
04013116720,4019,2956,1063
04013116721,3478,3215,263
04013116725,4957,4643,314
04013116727,3824,3456,368
04013116728,4846,4457,389
04013116729,4296,3931,365
04013116730,1909,1759,150
04013116731,3336,2957,379
04013116732,4182,1827,2355
04013116733,355,322,33
04013116800,2666,1306,1360
04013116900,2351,225,2126
04013117000,5577,2979,2598
04013117100,2483,1880,603
04013117200,1166,132,1034
04013117300,1191,85,1106
04013216806,3244,3008,236
04013216807,5275,5030,245
04013216809,5191,5034,157
04013216810,1353,1300,53
04013216813,4160,4102,58
04013216816,5954,5637,317
04013216818,7128,6767,361
04013216819,6349,6220,129
04013216820,4455,4100,355
04013216821,5946,5863,83
04013216822,4227,4050,177
04013216826,4617,4478,139
04013216829,4921,4866,55
04013216830,2939,2814,125
04013216831,2962,2664,298
04013216832,1910,1836,74
04013216833,4837,4466,371
04013216834,2081,1825,256
04013216835,2488,2354,134
04013216836,3811,3654,157
04013216837,5024,4646,378
04013216838,4776,4433,343
04013216839,4036,3851,185
04013216840,4856,4761,95
04013216841,3597,3415,182
04013216842,3774,3481,293
04013216843,3200,3034,166
04013216844,3809,3623,186
04013216845,2248,2004,244
04013216846,7211,6693,518
04013216847,6954,6534,420
04013216848,6189,5912,277
04013216849,6377,6194,183
04013216850,4045,3352,693
04013216851,3776,3622,154
04013216852,3248,2877,371
04013216853,4898,4655,243
04013216901,2927,2792,135
04013216902,3857,3637,220
04013217001,4792,4742,50
04013217002,5787,5050,737
04013217101,2552,2058,494
04013217102,2965,2703,262
04013217201,1491,1227,264
04013217203,3652,3315,337
04013217204,3531,2649,882
04013217300,3393,2992,401
04013217400,3331,3030,301
04013217501,4063,2015,2048
04013217502,2948,2576,372
04013217600,5072,3836,1236
04013217700,5406,4334,1072
04013217800,6871,6015,856
04013217900,4237,3583,654
04013218000,5765,4358,1407
04013218100,2205,1490,715
04013218200,7909,4755,3154
04013218300,4337,3945,392
04013318400,4778,2623,2155
04013318501,3753,2761,992
04013318700,3340,2844,496
04013318800,6322,4792,1530
04013318900,6601,4968,1633
04013319000,8730,7353,1377
04013319101,3345,2502,843
04013319103,5243,4473,770
04013319104,5824,5130,694
04013319201,5546,3572,1974
04013319202,3358,2646,712
04013319300,2995,2033,962
04013319401,6437,5226,1211
04013319402,4019,3406,613
04013319403,4511,3739,772
04013319404,3609,3062,547
04013319500,6175,4867,1308
04013319600,6058,4813,1245
04013319703,4516,3538,978
04013319704,1556,1129,427
04013319705,3445,2458,987
04013319706,5623,2895,2728
04013319800,6423,4671,1752
04013319902,2851,2303,548
04013319903,6579,5081,1498
04013319904,4956,3888,1068
04013319905,5388,4361,1027
04013319906,3294,2855,439
04013319907,2382,2280,102
04013319908,2322,1707,615
04013319909,2448,2111,337
04013319910,4894,4225,669
04013320001,7299,5459,1840
04013320002,6172,2293,3879
04013320007,7488,5058,2430
04013320100,2636,2241,395
04013420104,5548,4369,1179
04013420105,5580,5054,526
04013420107,6442,6095,347
04013420108,1509,1352,157
04013420109,4584,4256,328
04013420110,5243,4390,853
04013420111,3892,3228,664
04013420112,3189,2632,557
04013420113,3258,2771,487
04013420114,3844,2704,1140
04013420115,2632,2190,442
04013420116,2706,2418,288
04013420202,5331,4544,787
04013420206,3401,3263,138
04013420207,2730,2555,175
04013420208,5421,3820,1601
04013420209,4344,4036,308
04013420210,5447,4272,1175
04013420211,4148,3902,246
04013420212,2919,2649,270
04013420213,2220,2209,11
04013420214,3748,3413,335
04013420215,1763,1529,234
04013420216,4344,3708,636
04013420301,2177,1889,288
04013420302,4985,4543,442
04013420303,4262,3280,982
04013420304,1330,1305,25
04013420401,4328,2512,1816
04013420402,2082,2003,79
04013420501,6736,4431,2305
04013420503,3606,2705,901
04013420504,3476,2515,961
04013420602,5133,4012,1121
04013420603,4265,3652,613
04013420604,4265,3594,671
04013420704,5148,4388,760
04013420705,3609,3478,131
04013420706,4487,3912,575
04013420707,2496,2198,298
04013420708,3652,3433,219
04013420709,3339,2883,456
04013420710,3757,2632,1125
04013420800,4793,3594,1199
04013420901,3944,1922,2022
04013420902,3542,2438,1104
04013421001,3997,2766,1231
04013421002,2771,1918,853
04013421101,4416,2705,1711
04013421102,6688,4507,2181
04013421201,5207,3646,1561
04013421202,3883,2692,1191
04013421302,5736,2616,3120
04013421303,5142,3005,2137
04013421304,2884,2268,616
04013421400,2368,1425,943
04013421501,3507,1565,1942
04013421502,3224,1353,1871
04013421601,3894,1770,2124
04013421602,4712,1036,3676
04013421701,4926,3117,1809
04013421702,4023,2137,1886
04013421801,2607,1146,1461
04013421802,4876,1748,3128
04013421901,3562,1619,1943
04013421902,6540,1273,5267
04013422001,4664,975,3689
04013422002,3929,1386,2543
04013422102,5070,1938,3132
04013422103,4659,3492,1167
04013422104,6480,3913,2567
04013422105,3454,1519,1935
04013422106,6694,2439,4255
04013422107,4119,2607,1512
04013422203,4973,3721,1252
04013422204,3103,2569,534
04013422205,1401,1222,179
04013422209,7126,5906,1220
04013422210,5437,4340,1097
04013422211,2419,2081,338
04013422212,4195,3575,620
04013422213,2732,2241,491
04013422215,2073,1592,481
04013422216,5793,4864,929
04013422217,3456,2859,597
04013422218,2842,2280,562
04013422219,3196,2309,887
04013422220,1901,1640,261
04013422221,3739,3158,581
04013422222,2227,1987,240
04013422301,6049,1870,4179
04013422302,4741,3301,1440
04013422304,3040,2186,854
04013422305,5555,4956,599
04013422307,4620,3166,1454
04013422308,5412,4308,1104
04013422309,5029,4050,979
04013422401,2994,2254,740
04013422402,5004,3467,1537
04013422403,4986,3956,1030
04013422404,4530,3845,685
04013422501,6040,4301,1739
04013422502,6086,4447,1639
04013422503,6420,3892,2528
04013422504,5495,4054,1441
04013422506,5212,4355,857
04013422507,4303,3907,396
04013422508,3490,3129,361
04013422509,5277,4296,981
04013422510,3292,2822,470
04013422511,3060,2702,358
04013422512,5210,4275,935
04013422513,4346,3597,749
04013422514,4868,4059,809
04013422606,10351,9094,1257
04013422607,4280,3678,602
04013422609,4457,3422,1035
04013422610,2831,2666,165
04013422615,7674,6749,925
04013422616,4888,4122,766
04013422617,6030,5372,658
04013422618,2813,2743,70
04013422620,3090,2679,411
04013422621,4728,4180,548
04013422622,4577,3880,697
04013422623,4664,3887,777
04013422624,2764,2663,101
04013422625,3720,3238,482
04013422626,2607,2273,334
04013422627,4031,2649,1382
04013422628,3808,2354,1454
04013422629,3123,2485,638
04013422630,4985,3686,1299
04013422631,4839,3931,908
04013422632,4011,3213,798
04013422633,3230,2500,730
04013422634,4574,3236,1338
04013422635,1945,1708,237
04013422636,2596,2390,206
04013422637,3704,3189,515
04013422638,4228,3099,1129
04013422639,3658,3631,27
04013422640,4680,3999,681
04013422641,6427,5100,1327
04013422642,5550,4651,899
04013422643,6181,4930,1251
04013422644,8035,7206,829
04013422646,11147,9407,1740
04013522800,1251,1100,151
04013522901,4214,3038,1176
04013522903,5125,1743,3382
04013522904,4748,2037,2711
04013523002,5726,2275,3451
04013523003,6522,4938,1584
04013523005,4814,3817,997
04013523006,5762,4412,1350
04013523102,5518,2494,3024
04013523103,5357,4210,1147
04013523104,5375,2700,2675
04013610000,7704,6806,898
04013610100,1155,1048,107
04013610200,6923,6508,415
04013610300,9788,8551,1237
04013610400,5860,5312,548
04013610500,6508,6027,481
04013610600,5963,5570,393
04013610700,7473,6618,855
04013610800,3935,3407,528
04013610900,7710,7209,501
04013611000,2660,2488,172
04013611100,3107,2816,291
04013611200,5848,5122,726
04013611300,4665,4266,399
04013611400,6869,6321,548
04013611500,6705,6017,688
04013611600,3016,2663,353
04013611700,5984,5589,395
04013611800,6791,5998,793
04013611900,2853,2570,283
04013612000,3275,3078,197
04013612200,4669,4314,355
04013612300,8437,6893,1544
04013612400,7673,7039,634
04013612500,4340,4160,180
04013612600,2226,2153,73
04013612700,2289,2162,127
04013612800,2219,2070,149
04013612900,2460,2264,196
04013613000,4109,3629,480
04013613100,2652,2588,64
04013613200,4068,3734,334
04013613300,7864,7276,588
04013613400,3364,3030,334
04013613500,4320,4021,299
04013613600,4324,3766,558
04013613700,5202,4647,555
04013613800,4055,3703,352
04013613900,5864,5517,347
04013614000,4673,4267,406
04013614100,6506,5789,717
04013614200,4684,4152,532
04013614300,3093,2872,221
04013614400,3542,2940,602
04013614500,4291,3463,828
04013614600,6288,5215,1073
04013614700,2528,1997,531
04013614800,3977,3301,676
04013614900,3986,3826,160
04013615000,8654,7862,792
04013615100,4009,3782,227
04013615200,6390,5818,572
04013615300,2057,1986,71
04013615400,2808,2719,89
04013615500,2445,2354,91
04013615600,3522,3053,469
04013615700,2724,2529,195
04013615800,5176,4691,485
04013615900,4189,3816,373
04013616000,2091,1741,350
04013616100,3461,2995,466
04013616200,3410,2885,525
04013616300,2055,1768,287
04013616400,5417,5166,251
04013616500,3274,2751,523
04013616600,5365,4597,768
04013616700,4874,4055,819
04013616800,5815,4697,1118
04013616900,4363,4081,282
04013617000,6705,4851,1854
04013617100,2299,2137,162
04013617200,2584,2291,293
04013617300,3351,2921,430
04013617400,7150,6688,462
04013617500,3710,3569,141
04013617600,5860,4807,1053
04013617700,3818,3385,433
04013617800,2416,2099,317
04013617900,2782,2151,631
04013618000,4978,4320,658
04013618100,4583,4099,484
04013618200,3971,3303,668
04013618300,3137,2664,473
04013618400,3778,2812,966
04013618500,3842,2709,1133
04013618600,4959,3453,1506
04013618700,2978,2244,734
04013618800,4941,3020,1921
04013618900,6944,5765,1179
04013619000,3411,2938,473
04013619100,3294,1985,1309
04013619200,5801,3012,2789
04013619300,4511,3190,1321
04013619400,5123,3550,1573
04013619500,6158,4624,1534
04013619600,2039,1747,292
04013619700,3834,2806,1028
04013619800,4437,4089,348
04013619900,5775,5332,443
04013723303,47,47,0
04013723304,4417,2650,1767
04013723305,2738,993,1745
04013723306,5670,3820,1850
04013723307,2166,1877,289
04013723308,8057,6750,1307
04013810000,1980,1834,146
04013810100,6868,5942,926
04013810200,3456,3164,292
04013810300,6133,4821,1312
04013810400,4907,4085,822
04013810500,5045,4259,786
04013810600,5851,5177,674
04013810700,6682,4745,1937
04013810800,4417,3228,1189
04013810900,5330,4650,680
04013811000,2753,2355,398
04013811100,2402,1848,554
04013811200,2943,2584,359
04013811300,2923,2366,557
04013811400,5193,4154,1039
04013811500,2511,2133,378
04013811600,4064,3227,837
04013811700,4403,3014,1389
04013811800,2288,2085,203
04013811900,6076,5128,948
04013812000,4528,3280,1248
04013812100,6215,4808,1407
04013812200,7646,6408,1238
04013812300,4709,3944,765
04013812400,4194,3964,230
04013812500,2381,1857,524
04013812600,4408,3950,458
04013812700,6002,4761,1241
04013812800,5030,4386,644
04013812900,2601,2232,369
04013813000,4370,4102,268
04013813100,2651,2362,289
04013813200,3890,3543,347
04013813300,5557,4859,698
04013813400,3863,3199,664
04013813500,3074,2676,398
04013813600,3526,3113,413
04013813700,2546,2496,50
04013813800,2424,2376,48
04013813900,5513,4539,974
04013814000,2429,2209,220
04013814100,6035,4944,1091
04013814200,2632,2356,276
04013814300,3727,3151,576
04013814400,4970,4177,793
04013814500,5447,4280,1167
04013814600,4566,3627,939
04013814700,4240,3881,359
04013814800,7600,6793,807
04013814900,2577,2111,466
04013815000,4100,3598,502
04013815100,5195,3968,1227
04013815200,8198,6532,1666
04013815300,4222,3705,517
04013815400,7933,6621,1312
04013815500,6110,5199,911
04013815600,5762,5186,576
04013815700,5938,4701,1237
04013815800,6049,5076,973
04013815900,8719,7414,1305
04013816000,13558,11945,1613
04013816100,7280,6257,1023
04013816200,3722,3087,635
04013816300,4153,3746,407
04013816400,7371,6339,1032
04013816500,4033,3541,492
04013816600,5178,4526,652
04013816700,2669,2166,503
04013816800,3727,3240,487
04013816900,5001,4293,708
04013817000,3512,3196,316
04013817100,8363,6125,2238
04013817200,6958,5724,1234
04013817300,5391,5307,84
04013817400,2876,2765,111
04013817500,2905,2888,17
04013817600,1517,1032,485
04013940700,143,143,0
04013941000,4158,3277,881
04013941100,47,32,15
04013941200,1119,1027,92
04013941300,6153,5328,825
04013980100,0,0,0
04013980400,12,12,0
04013980500,30,0,30
04013980600,469,370,99
04013980700,0,0,0
04015940400,1244,1201,43
04015940501,2597,2228,369
04015950100,10594,9906,688
04015950401,2096,2040,56
04015950402,3727,3659,68
04015950500,1363,1289,74
04015950600,9125,8307,818
04015950703,3799,3549,250
04015950704,6301,5621,680
04015950705,4023,3295,728
04015950706,3936,3360,576
04015951401,4179,3720,459
04015951402,3827,3350,477
04015951501,3683,2978,705
04015951502,5086,4327,759
04015951601,3131,2133,998
04015951602,4249,3002,1247
04015951700,5571,3470,2101
04015951800,3679,2846,833
04015951900,4324,3320,1004
04015952001,1968,1734,234
04015952002,6766,5544,1222
04015952003,4868,3656,1212
04015952004,3339,2565,774
04015952400,2945,2399,546
04015952500,5181,4204,977
04015952600,3483,2792,691
04015952700,5411,4622,789
04015952800,5866,5133,733
04015952900,5383,4500,883
04015953000,5400,4797,603
04015953100,3673,2479,1194
04015953200,2670,2311,359
04015953300,6113,5228,885
04015953401,4774,4520,254
04015953402,5484,4803,681
04015953601,9086,8129,957
04015953602,3076,2450,626
04015953800,5688,4866,822
04015953900,6573,5983,590
04015954800,10488,7803,2685
04015954900,4017,3611,406
04015955000,4843,3912,931
04017940008,1128,1128,0
04017940010,2725,2702,23
04017940011,2588,2562,26
04017940012,3428,3394,34
04017940013,4815,4744,71
04017940014,2769,2713,56
04017940015,4531,4415,116
04017940100,4755,4472,283
04017940301,4631,4571,60
04017940302,3184,3102,82
04017942300,2295,2283,12
04017942400,2449,2434,15
04017942500,4883,4827,56
04017960100,1717,1341,376
04017960200,3914,2956,958
04017960400,3525,2494,1031
04017960500,4367,2664,1703
04017960600,4325,3202,1123
04017961300,3408,2718,690
04017961700,6234,5412,822
04017962500,3247,2721,526
04017963300,4777,4453,324
04017963400,3191,3091,100
04017963700,1396,1222,174
04017963800,4598,3953,645
04017964201,1363,1291,72
04017964202,1980,1333,647
04017964800,4467,4006,461
04017964900,2412,2098,314
04017965200,4548,4013,535
04017965300,4559,3937,622
04019000100,809,611,198
04019000200,4032,1140,2892
04019000300,1567,955,612
04019000400,3352,2545,807
04019000500,11394,8798,2596
04019000600,5598,5107,491
04019000700,4958,2827,2131
04019000800,1731,955,776
04019000900,2723,1333,1390
04019001000,1017,456,561
04019001100,2653,598,2055
04019001200,4114,1409,2705
04019001302,2013,1198,815
04019001303,2603,811,1792
04019001304,5287,3025,2262
04019001400,6210,4549,1661
04019001500,4895,3924,971
04019001600,3825,3059,766
04019001700,2869,2350,519
04019001801,5621,4149,1472
04019001802,2345,1835,510
04019001900,3826,2948,878
04019002000,6210,2260,3950
04019002100,5980,1189,4791
04019002201,3515,889,2626
04019002202,3224,860,2364
04019002300,5627,1135,4492
04019002400,5909,613,5296
04019002501,5798,1780,4018
04019002503,4385,785,3600
04019002504,5767,1102,4665
04019002505,6829,1109,5720
04019002506,7797,1755,6042
04019002602,4413,2924,1489
04019002603,3668,2125,1543
04019002604,3614,1817,1797
04019002702,4632,3977,655
04019002703,3934,2581,1353
04019002704,1891,1320,571
04019002801,1737,1110,627
04019002802,4171,2974,1197
04019002803,2159,1587,572
04019002901,6712,5512,1200
04019002904,3316,2707,609
04019002905,4340,3956,384
04019002906,2495,1877,618
04019003002,4880,3624,1256
04019003003,4904,3582,1322
04019003004,1701,1298,403
04019003101,5462,3979,1483
04019003102,3761,2658,1103
04019003200,6132,4373,1759
04019003302,4500,3757,743
04019003303,3677,2568,1109
04019003304,3086,2083,1003
04019003400,5769,3252,2517
04019003501,7175,3408,3767
04019003502,4479,2538,1941
04019003503,4590,2450,2140
04019003504,2777,1689,1088
04019003600,5623,4635,988
04019003702,6744,1122,5622
04019003704,4967,776,4191
04019003705,5804,795,5009
04019003706,5140,591,4549
04019003707,3609,508,3101
04019003801,3486,456,3030
04019003802,5004,496,4508
04019003901,1992,270,1722
04019003902,2930,336,2594
04019003903,3283,254,3029
04019004008,4710,3230,1480
04019004010,2998,2299,699
04019004011,8157,4962,3195
04019004022,6670,5287,1383
04019004025,6425,5728,697
04019004026,5339,4524,815
04019004029,4394,2896,1498
04019004030,1824,1596,228
04019004031,4151,3367,784
04019004032,3597,2890,707
04019004033,4248,2380,1868
04019004034,3786,2402,1384
04019004035,3878,3126,752
04019004036,2505,1788,717
04019004037,3175,2388,787
04019004038,2883,2191,692
04019004039,2650,2315,335
04019004042,4576,3877,699
04019004043,4080,3212,868
04019004044,4022,3319,703
04019004046,4420,3695,725
04019004047,2594,2282,312
04019004048,4232,3528,704
04019004049,2524,2119,405
04019004050,2069,1925,144
04019004051,4893,4440,453
04019004052,1872,1749,123
04019004053,3047,2728,319
04019004054,1572,1478,94
04019004055,3403,3053,350
04019004056,2061,1459,602
04019004057,4136,3365,771
04019004058,4761,3688,1073
04019004061,5212,4210,1002
04019004062,5461,3732,1729
04019004063,5717,4423,1294
04019004064,8937,7255,1682
04019004065,3915,3006,909
04019004066,3007,2185,822
04019004067,2536,2002,534
04019004068,4715,4129,586
04019004069,3836,2599,1237
04019004070,2993,2243,750
04019004071,4708,3860,848
04019004072,2692,1887,805
04019004073,4752,3670,1082
04019004074,1979,1554,425
04019004107,10528,7555,2973
04019004109,5450,4703,747
04019004110,3487,504,2983
04019004112,2821,947,1874
04019004113,5108,2829,2279
04019004114,4955,795,4160
04019004115,6891,1397,5494
04019004116,2741,723,2018
04019004117,6440,1335,5105
04019004118,4881,2069,2812
04019004119,7137,6030,1107
04019004120,953,641,312
04019004121,8374,3853,4521
04019004122,4194,615,3579
04019004125,6681,4799,1882
04019004307,3167,2868,299
04019004310,2089,551,1538
04019004311,4235,1184,3051
04019004312,5365,1377,3988
04019004313,4484,2524,1960
04019004316,2966,2047,919
04019004317,2612,2455,157
04019004320,2682,710,1972
04019004321,5116,1317,3799
04019004322,6306,1829,4477
04019004323,3944,2382,1562
04019004324,2823,2783,40
04019004325,1687,1597,90
04019004326,3620,1829,1791
04019004327,4648,3030,1618
04019004328,3449,3436,13
04019004329,10932,7474,3458
04019004330,1731,1681,50
04019004331,3722,3365,357
04019004332,1376,1343,33
04019004333,4082,1196,2886
04019004334,9612,2685,6927
04019004404,3047,2683,364
04019004407,6052,1690,4362
04019004411,7907,3690,4217
04019004412,3401,2086,1315
04019004413,3125,1779,1346
04019004414,3328,1302,2026
04019004415,1767,570,1197
04019004418,3443,2827,616
04019004419,5783,4208,1575
04019004421,7090,4289,2801
04019004422,5423,2632,2791
04019004423,4113,3517,596
04019004424,3735,2461,1274
04019004425,5650,4540,1110
04019004426,2916,1989,927
04019004427,8429,6528,1901
04019004428,3269,2570,699
04019004429,7662,6036,1626
04019004430,2816,1875,941
04019004431,4421,2894,1527
04019004504,7194,2811,4383
04019004505,4214,2171,2043
04019004506,5152,2761,2391
04019004508,4601,2625,1976
04019004510,3431,2149,1282
04019004511,4284,2791,1493
04019004512,4381,2477,1904
04019004513,2992,1640,1352
04019004610,6158,3856,2302
04019004613,4207,2893,1314
04019004614,2980,2428,552
04019004615,2928,2548,380
04019004616,3885,2750,1135
04019004617,2591,1786,805
04019004618,3094,2132,962
04019004619,3138,2660,478
04019004620,1797,1462,335
04019004621,2131,1821,310
04019004622,3145,2511,634
04019004623,5619,4411,1208
04019004624,6400,4453,1947
04019004625,1862,1393,469
04019004626,3854,2507,1347
04019004627,2748,2051,697
04019004628,1319,1123,196
04019004630,2318,1648,670
04019004631,3555,2661,894
04019004632,2507,1874,633
04019004633,3206,2658,548
04019004634,1019,959,60
04019004635,5224,4779,445
04019004636,7092,5831,1261
04019004638,10993,9614,1379
04019004639,4094,3068,1026
04019004640,5146,4535,611
04019004641,3903,3226,677
04019004642,3526,3229,297
04019004643,4219,4109,110
04019004644,2745,1880,865
04019004645,5208,3811,1397
04019004646,3947,3002,945
04019004647,4382,3141,1241
04019004710,3633,2778,855
04019004711,4587,4108,479
04019004712,3042,2713,329
04019004713,3758,3307,451
04019004714,5304,4840,464
04019004715,4179,3034,1145
04019004716,6032,5368,664
04019004717,1910,1757,153
04019004718,2144,1709,435
04019004719,5484,5299,185
04019004720,1391,1267,124
04019004721,3377,2810,567
04019004722,2203,2077,126
04019004723,5188,4494,694
04019004724,2553,2172,381
04019004725,2835,2232,603
04019004726,4253,3720,533
04019005200,3909,2317,1592
04019005300,3533,3003,530
04019940600,911,900,11
04019940700,1585,1521,64
04019940800,4592,4516,76
04019940900,2181,1553,628
04019941000,3747,2654,1093
04021000201,4689,4437,252
04021000204,8691,7570,1121
04021000205,18531,14158,4373
04021000206,4713,3991,722
04021000207,12094,9532,2562
04021000208,2080,1217,863
04021000209,10963,8553,2410
04021000210,8758,6393,2365
04021000211,4394,3530,864
04021000212,6142,4944,1198
04021000213,11662,9979,1683
04021000214,9331,7028,2303
04021000215,2145,1703,442
04021000307,2445,2347,98
04021000308,5197,4516,681
04021000309,2595,2503,92
04021000310,3229,2875,354
04021000311,2623,2485,138
04021000312,4123,2839,1284
04021000313,5199,4332,867
04021000314,5571,4784,787
04021000315,4629,3820,809
04021000316,7026,6666,360
04021000317,2247,2200,47
04021000318,7438,6705,733
04021000319,1435,1428,7
04021000400,2931,883,2048
04021000603,5550,5107,443
04021000604,4774,4733,41
04021000700,3725,1562,2163
04021000801,12786,10367,2419
04021000802,4323,3670,653
04021000803,11983,6701,5282
04021000901,4684,1617,3067
04021000902,3278,1674,1604
04021001000,4735,2209,2526
04021001100,7013,4319,2694
04021001200,5203,3083,2120
04021001301,7708,3390,4318
04021001303,1470,948,522
04021001304,9289,6696,2593
04021001305,5873,3838,2035
04021001306,4863,2806,2057
04021001403,5221,3247,1974
04021001404,4191,2569,1622
04021001405,4079,2882,1197
04021001406,5240,2026,3214
04021001407,2385,1171,1214
04021001408,2188,1992,196
04021001500,3835,983,2852
04021001600,5568,2481,3087
04021001701,986,729,257
04021001702,2758,1769,989
04021001703,1878,1230,648
04021001704,6720,4886,1834
04021001705,6717,5389,1328
04021001706,4420,3659,761
04021001707,5660,4442,1218
04021001708,6431,4991,1440
04021001709,3722,2781,941
04021001710,4809,3685,1124
04021001711,2369,1561,808
04021001900,2468,1019,1449
04021002001,3640,1539,2101
04021002002,8851,4419,4432
04021002003,3729,397,3332
04021002101,7705,4487,3218
04021002102,982,590,392
04021002103,5610,3644,1966
04021002200,4805,2919,1886
04021002300,2824,1455,1369
04021002400,2259,647,1612
04021941200,6521,6020,501
04021941300,2305,2142,163
04021941400,8590,5643,2947
04023966000,3074,2452,622
04023966101,2810,1702,1108
04023966103,1220,13,1207
04023966104,9809,1470,8339
04023966105,9297,853,8444
04023966200,4723,311,4412
04023966301,4470,190,4280
04023966302,3328,285,3043
04023966401,3202,218,2984
04023966402,4614,317,4297
04025000202,8285,7217,1068
04025000203,5393,5054,339
04025000204,6777,5250,1527
04025000300,6250,5662,588
04025000401,6170,5759,411
04025000402,4941,4836,105
04025000500,5681,5214,467
04025000604,5446,4591,855
04025000605,9967,7758,2209
04025000606,6387,4227,2160
04025000607,6478,5855,623
04025000608,3954,3085,869
04025000609,5108,3500,1608
04025000610,3901,3284,617
04025000700,3679,3382,297
04025000801,3424,3008,416
04025000802,3392,3242,150
04025000900,4690,4161,529
04025001001,4235,3784,451
04025001002,3373,2988,385
04025001101,4326,4279,47
04025001102,4163,3853,310
04025001200,5737,5199,538
04025001300,2174,1736,438
04025001401,2491,2409,82
04025001402,2804,2603,201
04025001403,3367,2936,431
04025001500,7486,6876,610
04025001601,5989,4980,1009
04025001602,4242,3438,804
04025001603,6219,5336,883
04025001701,6038,5553,485
04025001702,4459,4176,283
04025001703,2811,2517,294
04025001801,3200,3003,197
04025001802,4982,4045,937
04025001900,14411,13169,1242
04025002001,5177,3555,1622
04025002002,5146,3581,1565
04025002003,4898,3548,1350
04025002004,8378,7385,993
04025002100,2557,1830,727
04027000100,2352,781,1571
04027000200,3523,607,2916
04027000301,3213,694,2519
04027000302,4602,393,4209
04027000402,3183,483,2700
04027000403,1615,483,1132
04027000404,3253,681,2572
04027000501,2980,1672,1308
04027000502,3030,1844,1186
04027000600,4896,1436,3460
04027000700,4255,741,3514
04027000800,4825,2240,2585
04027000901,3206,1332,1874
04027000902,2704,1263,1441
04027000903,3262,1747,1515
04027000905,8396,1582,6814
04027000907,7227,2513,4714
04027000908,2978,1452,1526
04027001001,2296,1782,514
04027001003,1363,527,836
04027001004,2185,730,1455
04027001100,5060,2632,2428
04027001200,3677,1841,1836
04027010905,3182,2044,1138
04027010907,5379,4057,1322
04027010910,1367,1132,235
04027010911,6444,3252,3192
04027010913,1331,441,890
04027010914,635,404,231
04027011000,2164,1043,1121
04027011104,4029,2021,2008
04027011106,6691,3691,3000
04027011107,2158,1357,801
04027011108,3831,2602,1229
04027011110,3138,2656,482
04027011111,3530,2764,766
04027011112,2418,2247,171
04027011114,2225,1953,272
04027011115,2973,2790,183
04027011201,4477,3003,1474
04027011202,1712,713,999
04027011403,4585,51,4534
04027011405,5353,67,5286
04027011406,9070,44,9026
04027011501,2460,945,1515
04027011503,5378,240,5138
04027011504,8928,165,8763
04027011600,9717,13,9704
04027011700,1392,1067,325
04027011800,8953,3775,5178
04027012100,1376,547,829
04027980003,0,0,0
04027980004,0,0,0
04027980005,535,119,416
04027980006,3780,2661,1119
05001480100,1504,1500,4
05001480200,1518,1518,0
05001480300,2680,2613,67
05001480400,2735,2620,115
05001480500,3957,3821,136
05001480600,1747,1724,23
05001480700,2950,2816,134
05001480800,1478,1401,77
05003960100,1684,1643,41
05003960200,2834,2723,111
05003960300,4773,4372,401
05003960400,1483,1474,9
05003960500,2859,2739,120
05003960600,5477,5109,368
05003960700,1879,1849,30
05005950100,4452,4250,202
05005950200,4151,4124,27
05005950300,4846,4678,168
05005950400,3306,3305,1
05005950500,5139,5040,99
05005950600,3773,3762,11
05005950700,3298,3231,67
05005950800,6392,6226,166
05005950900,5635,5540,95
05007020101,5574,5387,187
05007020102,6451,5756,695
05007020201,4631,3114,1517
05007020203,3404,2916,488
05007020205,6752,3129,3623
05007020206,6616,3313,3303
05007020301,3907,2186,1721
05007020302,4317,2406,1911
05007020304,3599,3101,498
05007020305,3850,2898,952
05007020401,6781,4925,1856
05007020402,4760,3019,1741
05007020404,4999,2614,2385
05007020405,3579,3137,442
05007020501,5720,5088,632
05007020503,4245,3918,327
05007020504,3340,2615,725
05007020603,7721,7277,444
05007020604,4729,4197,532
05007020605,4436,4248,188
05007020606,3870,3538,332
05007020701,5378,5108,270
05007020703,4876,4763,113
05007020704,4278,4265,13
05007020801,4259,4178,81
05007020803,4095,4061,34
05007020805,5181,4516,665
05007020806,5575,5396,179
05007020901,8133,7329,804
05007020902,6986,6476,510
05007021001,5147,4924,223
05007021002,7161,6254,907
05007021101,4611,3426,1185
05007021102,3899,2930,969
05007021201,5037,4204,833
05007021202,2897,2266,631
05007021301,6979,6567,412
05007021304,6939,6445,494
05007021305,5085,4498,587
05007021306,4055,3901,154
05007021308,3679,3560,119
05007021310,7731,6386,1345
05007021311,6176,5674,502
05007021404,3655,3164,491
05007021405,1927,1913,14
05007021406,6090,4510,1580
05007021407,4557,4379,178
05007021408,5380,3783,1597
05007021409,2184,2168,16
05009790100,6414,6295,119
05009790200,5940,5771,169
05009790300,5455,5415,40
05009790400,6639,6635,4
05009790501,3704,3602,102
05009790502,4302,4302,0
05009790600,4847,4422,425
05011950100,2562,2085,477
05011950200,1942,1716,226
05011950300,2206,1976,230
05011950400,1803,1412,391
05011950500,2583,2334,249
05013480100,2373,2314,59
05013480200,2837,2698,139
05015950100,2692,2683,9
05015950200,6059,5790,269
05015950300,7473,5409,2064
05015950400,4456,4399,57
05015950500,7010,5388,1622
05017080100,3200,2965,235
05017080200,2313,2287,26
05017080300,3285,3049,236
05017080400,2391,2310,81
05019953601,4580,4504,76
05019953602,4641,4329,312
05019953700,4380,4338,42
05019953800,3740,3493,247
05019953900,5343,5007,336
05021950100,2043,1973,70
05021950200,1883,1881,2
05021950300,2138,2134,4
05021950400,3178,3108,70
05021950500,2140,2123,17
05021950600,3820,3708,112
05023480100,4610,4466,144
05023480201,1301,1298,3
05023480202,3910,3827,83
05023480300,5535,5389,146
05023480400,3798,3700,98
05023480501,2872,2745,127
05023480502,3561,3547,14
05025970100,4888,4863,25
05025970200,3533,3369,164
05027950100,4040,3785,255
05027950200,4468,4218,250
05027950300,5007,4974,33
05027950400,7124,7102,22
05027950500,3529,3470,59
05029950100,5230,5201,29
05029950200,3524,3524,0
05029950300,5567,5086,481
05029950400,2163,2044,119
05029950500,2521,2407,114
05029950600,2055,2008,47
05031000101,3855,3581,274
05031000102,3810,3362,448
05031000200,4374,4011,363
05031000300,7044,6951,93
05031000401,5729,5418,311
05031000402,8017,7605,412
05031000501,6816,6767,49
05031000502,5252,5085,167
05031000601,5327,5040,287
05031000602,6463,5655,808
05031000700,7852,7065,787
05031000801,7545,7428,117
05031000802,7892,7746,146
05031000900,5968,5800,168
05031001000,3930,3741,189
05031001100,7830,7822,8
05031001200,5180,4951,229
05033020100,5726,5675,51
05033020201,6078,5953,125
05033020203,8332,7866,466
05033020204,4805,4654,151
05033020301,4371,4017,354
05033020302,4711,3907,804
05033020401,4541,4367,174
05033020402,4587,4420,167
05033020501,4224,3066,1158
05033020502,4672,4169,503
05033020600,9880,9505,375
05035030101,2311,2311,0
05035030102,3123,3116,7
05035030201,5033,5033,0
05035030202,3265,3222,43
05035030301,3446,3391,55
05035030302,2435,2360,75
05035030501,936,922,14
05035030502,767,767,0
05035030600,4608,4421,187
05035030701,1350,1218,132
05035030702,1240,1172,68
05035030703,2246,1996,250
05035030803,2048,2020,28
05035030804,3219,3211,8
05035030805,3253,3214,39
05035030806,3345,3204,141
05035030807,1545,1501,44
05035031000,1602,1559,43
05035031100,2356,2339,17
05035031200,1383,1383,0
05037950100,1367,1367,0
05037950200,3322,3320,2
05037950300,1315,1315,0
05037950400,2770,2770,0
05037950500,4594,4571,23
05037950600,3961,3664,297
05039970100,1372,1317,55
05039970200,1888,1764,124
05039970300,4478,4428,50
05041950100,1453,1450,3
05041950200,4346,4195,151
05041950300,1526,1390,136
05041950400,2810,2752,58
05041950500,2099,1805,294
05043490100,2530,2413,117
05043490200,2585,2585,0
05043490300,6217,5958,259
05043490400,3241,3113,128
05043490500,4115,4068,47
05045030101,3017,3007,10
05045030102,5022,4972,50
05045030103,3537,3282,255
05045030104,5022,4835,187
05045030200,5304,5191,113
05045030301,5445,5309,136
05045030302,5913,5841,72
05045030303,4535,4497,38
05045030401,2129,2105,24
05045030402,3808,3690,118
05045030403,3837,3481,356
05045030404,2639,2455,184
05045030501,12383,12032,351
05045030502,4400,4211,189
05045030600,5555,5364,191
05045030701,3800,3666,134
05045030702,3952,3797,155
05045030800,5929,5623,306
05045030900,3288,2814,474
05045031001,4444,3991,453
05045031003,2428,2269,159
05045031005,8573,8374,199
05045031006,4064,3851,213
05045031101,5636,5310,326
05045031102,5757,5696,61
05047950100,3948,3902,46
05047950200,6992,6854,138
05047950300,6859,6542,317
05049550100,5757,5757,0
05049550200,6429,6271,158
05051010300,5756,5502,254
05051010400,7342,7311,31
05051010500,6126,5983,143
05051010600,3711,3626,85
05051010700,2132,1927,205
05051010800,2694,2628,66
05051010900,3160,3051,109
05051011000,4355,3955,400
05051011100,9074,8813,261
05051011200,7732,7520,212
05051011300,4031,3827,204
05051011400,3543,2968,575
05051011500,2259,2055,204
05051011601,5807,5619,188
05051011602,5076,4425,651
05051011700,5333,4600,733
05051011800,4506,4220,286
05051011900,5834,5759,75
05051012001,5255,5160,95
05051012002,3393,3106,287
05053470100,5210,5210,0
05053470200,3022,3022,0
05053470300,4177,4037,140
05053470400,5637,5609,28
05055480100,3190,3131,59
05055480200,4243,4071,172
05055480300,3554,3499,55
05055480400,7151,6978,173
05055480500,6953,6738,215
05055480600,7125,7125,0
05055480700,2081,2042,39
05055480801,5070,4961,109
05055480802,4378,4056,322
05057480100,4904,4665,239
05057480200,2467,2460,7
05057480300,5066,3891,1175
05057480400,4544,4202,342
05057480500,5227,4208,1019
05059020100,7154,6956,198
05059020200,2947,2904,43
05059020300,2183,2118,65
05059020400,5821,5525,296
05059020500,5436,5285,151
05059020600,3905,3824,81
05059020700,5994,5735,259
05061950100,4063,3793,270
05061950200,4868,4514,354
05061950300,4556,3642,914
05063490100,6523,6473,50
05063490200,2586,2449,137
05063490300,6122,5148,974
05063490400,4212,4105,107
05063490500,2748,2740,8
05063490600,2804,2154,650
05063490700,7262,7003,259
05063490800,4773,4737,36
05065960100,3390,3296,94
05065960200,4661,4650,11
05065960300,3307,3158,149
05065960400,2103,2103,0
05067480100,3492,3463,29
05067480200,3079,3059,20
05067480300,3643,3481,162
05067480400,5591,5402,189
05067480500,1690,1621,69
05069000102,1918,1838,80
05069000301,3167,3158,9
05069000302,5368,5063,305
05069000303,3451,3402,49
05069000502,3536,3477,59
05069000900,2924,2924,0
05069001000,1582,1555,27
05069001200,1777,1777,0
05069001300,1628,1628,0
05069001401,1729,1729,0
05069001402,2670,2657,13
05069001501,3607,3393,214
05069001502,3336,3336,0
05069001600,3686,3595,91
05069001700,2320,2314,6
05069001800,3431,3431,0
05069001901,1475,1442,33
05069001903,2078,2078,0
05069002000,5691,5668,23
05069002103,4622,4604,18
05069002104,4212,4163,49
05069002300,3140,2903,237
05069002400,4161,4020,141
05069002500,876,861,15
05071951700,4518,4089,429
05071951800,4778,4685,93
05071951900,3271,2925,346
05071952000,4363,3322,1041
05071952100,3524,2580,944
05071952200,5571,4950,621
05073470100,4412,4355,57
05073470200,2715,2701,14
05075470100,1754,1711,43
05075470200,4588,4545,43
05075470300,1927,1907,20
05075470400,1602,1593,9
05075470501,2638,2562,76
05075470502,4406,4388,18
05077470100,2514,2404,110
05077470200,1858,1831,27
05077470300,4122,4115,7
05077470400,1287,1287,0
05079960300,2304,2185,119
05079960400,3202,3110,92
05079960500,2292,2187,105
05079960600,6137,5952,185
05081030101,2213,2200,13
05081030102,5104,4804,300
05081030200,2344,2325,19
05081030300,2955,2883,72
05083950100,4442,4352,90
05083950200,3553,3439,114
05083950300,3525,3523,2
05083950400,3214,3125,89
05083950500,4381,4176,205
05083950600,2820,2727,93
05085020101,7727,7524,203
05085020102,6253,6104,149
05085020103,6027,5914,113
05085020104,7298,7127,171
05085020201,3932,3796,136
05085020202,3800,3506,294
05085020204,5495,5091,404
05085020205,5302,5113,189
05085020206,4922,4685,237
05085020301,3717,3611,106
05085020302,3600,3170,430
05085020400,2685,2631,54
05085020500,4539,4409,130
05085020600,1692,1546,146
05085020700,2994,2949,45
05085020800,1296,1208,88
05087960100,3936,3880,56
05087960200,3652,3133,519
05087960300,5019,4767,252
05087960400,3154,3154,0
05089960100,4761,4645,116
05089960201,3065,2997,68
05089960202,3927,3813,114
05089960300,4651,4605,46
05091020100,4319,4087,232
05091020200,3100,3037,63
05091020400,2714,2483,231
05091020500,2741,2619,122
05091020600,2142,2003,139
05091020701,3268,3227,41
05091020702,3773,3773,0
05091020801,2560,2434,126
05091020802,2382,2382,0
05091020900,8523,8211,312
05091021000,8094,8094,0
05091980000,50,50,0
05093010100,1665,1560,105
05093010200,6233,6136,97
05093010300,2714,2679,35
05093010600,6452,6216,236
05093010700,4082,3923,159
05093010800,6564,6328,236
05093010900,2225,2109,116
05093011000,4218,3953,265
05093011100,3112,3000,112
05093011200,2127,2066,61
05093011300,2108,1946,162
05093011400,2699,2558,141
05095950100,3394,3268,126
05095950200,2031,1976,55
05095950300,2117,2117,0
05097953000,3311,3225,86
05097953100,2193,2128,65
05097953200,3596,3392,204
05099090100,2316,2312,4
05099090200,4617,4595,22
05099090300,1735,1735,0
05101180100,4019,4013,6
05101180200,3969,3889,80
05103950100,5240,5153,87
05103950200,2487,2477,10
05103950300,5392,5334,58
05103950400,3251,3207,44
05103950500,3643,3589,54
05103950600,4715,4474,241
05105952700,5101,5093,8
05105952800,3317,3178,139
05105952900,1828,1732,96
05107480100,2940,2925,15
05107480200,5708,5538,170
05107480300,5329,5329,0
05107480400,1822,1761,61
05107480500,2303,2303,0
05107480600,1827,1741,86
05109953300,4064,3530,534
05109953400,2290,2290,0
05109953500,4663,4470,193
05111490100,4485,4406,79
05111490200,1638,1590,48
05111490300,3406,3175,231
05111490400,4146,4110,36
05111490500,6412,6270,142
05111490600,1684,1675,9
05111490700,2360,2240,120
05113950100,3787,3624,163
05113950200,6184,5943,241
05113950300,2871,2842,29
05113950400,2956,2939,17
05113950500,1927,1908,19
05113950600,2565,1756,809
05115950700,3746,3721,25
05115950800,4321,4254,67
05115950900,6920,6770,150
05115951000,4310,4230,80
05115951100,3954,3918,36
05115951200,9152,8418,734
05115951300,7149,5989,1160
05115951400,5291,5056,235
05115951501,3365,3322,43
05115951502,6743,5997,746
05115951600,8156,6257,1899
05117460100,3506,3491,15
05117460200,2506,2487,19
05117460300,2322,2322,0
05119000200,902,902,0
05119000500,2717,2699,18
05119001100,2108,2108,0
05119001200,1471,1449,22
05119001300,2512,2411,101
05119001501,4168,4104,64
05119001502,3672,3510,162
05119001600,5961,5866,95
05119001800,4102,4085,17
05119001900,3214,3164,50
05119002001,5049,4286,763
05119002002,4637,3421,1216
05119002102,4435,4189,246
05119002103,3636,3483,153
05119002104,5032,5032,0
05119002203,5811,5686,125
05119002204,6692,6665,27
05119002206,3528,3452,76
05119002208,2505,2278,227
05119002209,3730,3623,107
05119002403,4317,3557,760
05119002405,4386,4140,246
05119002406,3200,2687,513
05119002407,1949,1892,57
05119002408,6628,6270,358
05119002500,1191,1191,0
05119002600,1259,1239,20
05119002700,7859,7664,195
05119002800,2810,2689,121
05119002900,1442,1373,69
05119003001,3136,2825,311
05119003002,3412,3385,27
05119003100,695,671,24
05119003202,7549,5946,1603
05119003205,0,0,0
05119003207,1788,1600,188
05119003208,4139,4013,126
05119003303,4779,4779,0
05119003304,5783,5558,225
05119003305,4184,3265,919
05119003306,3501,3362,139
05119003402,6567,6428,139
05119003403,2798,2666,132
05119003404,4684,4554,130
05119003500,3137,2605,532
05119003604,6752,6726,26
05119003605,5093,4769,324
05119003606,2876,2797,79
05119003607,5237,4916,321
05119003608,4688,4427,261
05119003609,4438,4115,323
05119003703,6752,6544,208
05119003704,3866,3596,270
05119003706,1072,1006,66
05119003707,4130,4003,127
05119003710,3407,3054,353
05119003711,4761,4618,143
05119003712,4069,3939,130
05119003713,3790,3528,262
05119003800,4328,3869,459
05119003900,3694,3632,62
05119004001,2705,2632,73
05119004004,3396,3246,150
05119004005,2665,2546,119
05119004006,3392,3088,304
05119004007,2955,2756,199
05119004103,3831,2869,962
05119004104,2043,1630,413
05119004105,6330,5334,996
05119004106,5967,5633,334
05119004107,2913,2190,723
05119004108,5181,4134,1047
05119004201,2453,2442,11
05119004202,3753,3751,2
05119004205,3812,3611,201
05119004207,8309,7823,486
05119004212,6443,6291,152
05119004213,4423,4250,173
05119004214,3088,2784,304
05119004215,5817,5664,153
05119004216,6755,6371,384
05119004218,3064,2637,427
05119004219,6097,5932,165
05119004220,5528,4983,545
05119004221,5400,5338,62
05119004302,4919,4724,195
05119004303,11890,11669,221
05119004305,7042,6817,225
05119004306,5486,5432,54
05119004400,1294,1245,49
05119004500,2559,2548,11
05119004600,3429,3364,65
05119004700,3099,3002,97
05119004800,3235,3155,80
05119004900,6505,6310,195
05121960100,3897,3825,72
05121960200,6396,6287,109
05121960301,3718,3623,95
05121960302,3573,3537,36
05123960100,2981,2911,70
05123960200,5879,5657,222
05123960300,2537,2450,87
05123960400,4567,4567,0
05123960500,3482,3277,205
05123960600,7577,6901,676
05125010101,4234,3775,459
05125010102,9594,9271,323
05125010103,8590,8467,123
05125010301,3778,3695,83
05125010302,3409,3395,14
05125010303,3611,3598,13
05125010404,7730,7432,298
05125010405,4574,4533,41
05125010406,6188,5773,415
05125010407,4603,4287,316
05125010408,6478,6108,370
05125010409,2438,2321,117
05125010503,6957,6840,117
05125010506,7120,7049,71
05125010507,3214,3156,58
05125010508,4013,3963,50
05125010509,4582,4524,58
05125010510,9265,8284,981
05125010511,4951,4906,45
05125010512,3025,2939,86
05125010600,7223,6366,857
05127950100,4477,4304,173
05127950200,4241,3704,537
05127950300,1943,1867,76
05129970100,2079,2079,0
05129970200,3615,3526,89
05129970300,2244,2226,18
05131000100,5880,3807,2073
05131000200,5430,3203,2227
05131000300,2643,1663,980
05131000400,3419,1745,1674
05131000501,5149,2899,2250
05131000502,3225,1879,1346
05131000600,4919,4461,458
05131000700,5482,3907,1575
05131000800,4785,3674,1111
05131001001,4920,4376,544
05131001002,2260,2188,72
05131001101,3854,3740,114
05131001102,2687,2525,162
05131001201,3498,3232,266
05131001202,3458,3240,218
05131001301,2813,2798,15
05131001302,9616,9300,316
05131001303,6815,6073,742
05131001304,7035,6910,125
05131001305,4864,4829,35
05131010101,6280,5883,397
05131010102,7070,6950,120
05131010201,4664,4633,31
05131010202,3781,3769,12
05131010301,5970,5882,88
05131010302,6834,6744,90
05133080100,3830,3006,824
05133080200,4328,3209,1119
05133080300,6332,2807,3525
05133080400,2703,2611,92
05135470100,1867,1856,11
05135470200,5357,5142,215
05135470300,3913,3859,54
05135470400,5890,5815,75
05137950100,3875,3762,113
05137950201,1590,1572,18
05137950202,7038,6956,82
05139950100,3013,3008,5
05139950200,3825,3805,20
05139950300,2445,2391,54
05139950400,6233,5526,707
05139950500,6049,5962,87
05139950600,3654,3500,154
05139950700,4887,4821,66
05139950800,3623,3623,0
05139950900,2382,2168,214
05139951000,4223,4044,179
05141460100,3590,3563,27
05141460200,3461,3339,122
05141460301,1885,1868,17
05141460302,3782,3636,146
05141460400,4174,3998,176
05143010101,4241,3769,472
05143010102,8953,8539,414
05143010104,5660,5517,143
05143010105,8947,8546,401
05143010106,6141,5610,531
05143010107,5690,5525,165
05143010200,8395,3997,4398
05143010301,9740,5574,4166
05143010302,14561,7860,6701
05143010401,6524,4104,2420
05143010402,4809,2613,2196
05143010403,6565,4543,2022
05143010501,5669,5256,413
05143010503,8111,7404,707
05143010504,7351,7068,283
05143010506,10882,10158,724
05143010507,7619,7260,359
05143010508,6624,6134,490
05143010509,8016,6946,1070
05143010510,4822,3119,1703
05143010600,6686,6142,544
05143010701,7967,6783,1184
05143010702,5968,5441,527
05143011001,8450,7787,663
05143011002,4848,4702,146
05143011003,4972,4916,56
05143011004,3362,3314,48
05143011101,6872,6292,580
05143011102,7449,6733,716
05143011103,4028,3937,91
05143011200,2260,1324,936
05143011300,7748,7463,285
05145070100,4382,4307,75
05145070200,4973,4736,237
05145070300,5018,4785,233
05145070401,5809,5588,221
05145070402,4484,4326,158
05145070500,6253,5825,428
05145070600,4201,4084,117
05145070700,4041,3953,88
05145070800,7152,6880,272
05145070900,9017,8676,341
05145071000,7221,7142,79
05145071100,6276,5635,641
05145071200,9996,9672,324
05147490100,4037,4015,22
05147490200,2836,2815,21
05149952301,3337,2041,1296
05149952302,2898,2110,788
05149952401,2999,2429,570
05149952402,5761,5538,223
05149952500,4344,3035,1309
05149952600,2377,2372,5
06001400100,3018,2935,83
06001400200,1960,1749,211
06001400300,5236,4850,386
06001400400,4171,3905,266
06001400500,3748,3262,486
06001400600,1661,1503,158
06001400700,4552,3800,752
06001400800,3506,3085,421
06001400900,2262,1998,264
06001401000,6193,4813,1380
06001401100,4138,3683,455
06001401200,2614,2176,438
06001401300,3976,3470,506
06001401400,4108,2963,1145
06001401500,2605,2291,314
06001401600,2173,1695,478
06001401700,2679,1837,842
06001401800,1866,1505,361
06001402200,2406,1861,545
06001402400,2773,2536,237
06001402500,1833,1480,353
06001402600,1272,1178,94
06001402700,1734,1338,396
06001402800,3798,3461,337
06001402900,1392,1225,167
06001403000,3167,3111,56
06001403100,1721,1550,171
06001403300,4159,3843,316
06001403400,4360,3984,376
06001403501,4435,3902,533
06001403502,2081,1909,172
06001403600,4751,4152,599
06001403701,2755,2465,290
06001403702,2027,1780,247
06001403800,3323,3043,280
06001403900,3938,3779,159
06001404000,2932,2502,430
06001404101,3187,2971,216
06001404102,2438,2220,218
06001404200,3650,3469,181
06001404300,3329,2971,358
06001404400,5404,5046,358
06001404501,1836,1686,150
06001404502,5403,4964,439
06001404600,4347,4183,164
06001404700,2166,1998,168
06001404800,2784,2516,268
06001404900,3995,3537,458
06001405000,3248,2998,250
06001405100,4265,4129,136
06001405200,5099,4255,844
06001405301,2899,2556,343
06001405302,2616,2090,526
06001405401,4087,3076,1011
06001405402,3239,2790,449
06001405500,4104,3617,487
06001405600,3148,2473,675
06001405700,3701,2823,878
06001405800,4237,3374,863
06001405901,4293,2727,1566
06001405902,3170,2256,914
06001406000,3447,3100,347
06001406100,4835,1862,2973
06001406201,4296,2394,1902
06001406202,4674,1688,2986
06001406300,4148,2854,1294
06001406400,2218,1859,359
06001406500,6574,3370,3204
06001406601,4835,3548,1287
06001406602,2767,2068,699
06001406700,4969,4301,668
06001406800,3483,2983,500
06001406900,3989,3435,554
06001407000,5902,4118,1784
06001407101,3538,1858,1680
06001407102,4296,2247,2049
06001407200,6616,2066,4550
06001407300,2501,1159,1342
06001407400,4452,1486,2966
06001407500,4201,2147,2054
06001407600,6398,4583,1815
06001407700,4323,3775,548
06001407800,2719,2271,448
06001407900,3077,2698,379
06001408000,2739,2419,320
06001408100,6266,5566,700
06001408200,4162,3489,673
06001408300,4939,3906,1033
06001408400,3129,1709,1420
06001408500,5747,2243,3504
06001408600,6292,2775,3517
06001408700,7758,3903,3855
06001408800,6348,2887,3461
06001408900,3105,1226,1879
06001409000,3752,1755,1997
06001409100,2414,1444,970
06001409200,3583,1879,1704
06001409300,4986,1992,2994
06001409400,4888,2028,2860
06001409500,4348,1708,2640
06001409600,4843,1752,3091
06001409700,5493,2717,2776
06001409800,3220,2729,491
06001409900,3449,2941,508
06001410000,3224,3019,205
06001410100,2734,2263,471
06001410200,3374,2070,1304
06001410300,3534,1250,2284
06001410400,4501,2546,1955
06001410500,2303,2113,190
06001420100,2432,2262,170
06001420200,3334,2912,422
06001420300,4690,4198,492
06001420400,3301,2453,848
06001420500,2502,2269,233
06001420600,3161,2820,341
06001421100,2123,2020,103
06001421200,3643,3355,288
06001421300,3942,3827,115
06001421400,1690,1569,121
06001421500,3827,3667,160
06001421600,3510,3326,184
06001421700,3611,3251,360
06001421800,2130,2048,82
06001421900,3878,3707,171
06001422000,2069,1785,284
06001422100,2605,2144,461
06001422200,3560,3175,385
06001422300,3853,3474,379
06001422400,4185,3840,345
06001422500,4135,3693,442
06001422600,1440,1266,174
06001422700,4895,4039,856
06001422800,8648,7494,1154
06001422900,5024,4771,253
06001423000,4341,3813,528
06001423100,4307,3861,446
06001423200,2932,2123,809
06001423300,4129,3571,558
06001423400,5242,4391,851
06001423500,3262,2752,510
06001423601,2752,2462,290
06001423602,5455,4837,618
06001423700,4110,3797,313
06001423800,3067,2778,289
06001423901,1938,1660,278
06001423902,1564,1420,144
06001424001,4267,3610,657
06001424002,2451,1872,579
06001425101,1610,1567,43
06001425102,3080,2847,233
06001425103,3060,2681,379
06001425104,3361,2771,590
06001426100,6293,6049,244
06001426200,4908,4520,388
06001427100,3559,3301,258
06001427200,4212,3217,995
06001427300,5418,4672,746
06001427600,5757,5146,611
06001427700,5113,4488,625
06001427800,4808,4306,502
06001427900,5178,4451,727
06001428000,3022,2490,532
06001428100,4837,4226,611
06001428200,6339,5696,643
06001428301,6977,6263,714
06001428302,7204,6697,507
06001428400,4407,3770,637
06001428500,3148,2802,346
06001428600,3227,3031,196
06001428700,4203,3730,473
06001430101,7030,6480,550
06001430102,2224,1953,271
06001430200,6701,5958,743
06001430300,3827,3365,462
06001430400,2101,1734,367
06001430500,6005,4304,1701
06001430600,6031,5098,933
06001430700,4066,3403,663
06001430800,6126,4532,1594
06001430900,4940,3765,1175
06001431000,2842,1973,869
06001431100,3397,2275,1122
06001431200,5763,4551,1212
06001432100,3683,2984,699
06001432200,4235,3033,1202
06001432300,4697,2761,1936
06001432400,6214,4117,2097
06001432501,4760,3497,1263
06001432502,4897,3457,1440
06001432600,7356,4924,2432
06001432700,2870,2040,830
06001432800,3534,2916,618
06001433000,3717,2775,942
06001433102,4088,2593,1495
06001433103,3737,2465,1272
06001433104,4079,2791,1288
06001433200,7529,5873,1656
06001433300,7502,5694,1808
06001433400,6512,5567,945
06001433500,4884,3200,1684
06001433600,5661,4617,1044
06001433700,3281,1436,1845
06001433800,8561,5649,2912
06001433900,7580,3961,3619
06001434000,5201,2517,2684
06001435102,5800,4673,1127
06001435103,6699,6091,608
06001435104,5791,3822,1969
06001435200,4555,3483,1072
06001435300,4467,3224,1243
06001435400,4420,2711,1709
06001435500,3674,2046,1628
06001435601,5801,1667,4134
06001435602,5539,2653,2886
06001435700,4663,2238,2425
06001435800,5321,3167,2154
06001435900,5511,3937,1574
06001436000,4369,2835,1534
06001436100,6057,3831,2226
06001436200,4369,1820,2549
06001436300,7980,4335,3645
06001436401,7881,5293,2588
06001436402,2875,2160,715
06001436500,4955,2835,2120
06001436601,6466,2979,3487
06001436602,5234,2929,2305
06001436700,3184,1691,1493
06001436800,4234,2422,1812
06001436900,6502,2348,4154
06001437000,3447,2255,1192
06001437101,6866,5437,1429
06001437102,4458,2966,1492
06001437200,7632,5775,1857
06001437300,3293,2154,1139
06001437400,3301,1546,1755
06001437500,4690,1653,3037
06001437600,3664,2021,1643
06001437701,3910,1544,2366
06001437702,4880,1080,3800
06001437800,4429,2811,1618
06001437900,2399,931,1468
06001438000,3743,2330,1413
06001438100,7748,4778,2970
06001438201,4902,2133,2769
06001438203,4329,3316,1013
06001438204,5261,3835,1426
06001438300,4102,2542,1560
06001438400,2509,1679,830
06001440100,2363,1890,473
06001440200,6265,1855,4410
06001440301,6987,4682,2305
06001440304,4964,4163,801
06001440305,4147,3426,721
06001440306,4131,3829,302
06001440307,4277,3425,852
06001440308,5988,4259,1729
06001440331,3517,2826,691
06001440332,3516,3386,130
06001440333,2992,2807,185
06001440334,4360,3816,544
06001440335,6949,6325,624
06001440336,5350,4393,957
06001441100,4179,3289,890
06001441200,7316,5994,1322
06001441301,3224,3041,183
06001441302,5789,4962,827
06001441401,7484,6660,824
06001441402,5295,4864,431
06001441501,6445,5987,458
06001441503,6566,6387,179
06001441521,6177,5793,384
06001441522,5356,4475,881
06001441523,4267,4035,232
06001441524,4349,4153,196
06001441601,4848,4114,734
06001441602,7907,6214,1693
06001441700,7270,5626,1644
06001441800,7305,6430,875
06001441921,3917,2897,1020
06001441923,6313,5763,550
06001441924,7782,6751,1031
06001441925,6694,6247,447
06001441926,4613,2874,1739
06001441927,4528,4055,473
06001442000,3328,3289,39
06001442100,5242,5059,183
06001442200,7241,6855,386
06001442301,4878,4164,714
06001442302,5772,5014,758
06001442400,6475,4550,1925
06001442500,7541,5837,1704
06001442601,4012,3097,915
06001442602,5051,4110,941
06001442700,3227,2599,628
06001442800,3051,2579,472
06001442900,8069,6620,1449
06001443001,2906,2011,895
06001443002,6589,5196,1393
06001443102,4786,4520,266
06001443103,4034,3981,53
06001443104,5481,5193,288
06001443105,4553,4553,0
06001443200,3802,3708,94
06001443301,4173,3878,295
06001443321,3340,3112,228
06001443322,3204,3069,135
06001444100,7555,5308,2247
06001444200,6740,4257,2483
06001444301,4177,2848,1329
06001444302,4538,2232,2306
06001444400,5057,2608,2449
06001444500,6850,4416,2434
06001444601,5397,3928,1469
06001444602,4363,3866,497
06001450101,4781,4520,261
06001450102,7070,5586,1484
06001450200,5903,5323,580
06001450300,5081,4357,724
06001450400,6164,5657,507
06001450501,3426,2954,472
06001450502,5460,5021,439
06001450601,3665,3435,230
06001450602,9773,8887,886
06001450603,5054,4575,479
06001450604,5397,4856,541
06001450605,4004,3566,438
06001450606,6092,5723,369
06001450607,5239,4598,641
06001450701,8740,8153,587
06001450741,5180,4025,1155
06001450742,4811,4307,504
06001450743,6112,5631,481
06001450744,5356,4800,556
06001450745,6238,5821,417
06001450746,3499,3053,446
06001450750,4511,3893,618
06001450751,7253,7019,234
06001450752,5692,5212,480
06001451101,7413,6452,961
06001451102,4111,3808,303
06001451201,7134,5477,1657
06001451202,4296,3358,938
06001451300,7089,5686,1403
06001451401,6149,5094,1055
06001451403,2343,1761,582
06001451404,6318,3309,3009
06001451501,4759,4026,733
06001451503,5912,4540,1372
06001451504,1723,1414,309
06001451505,3289,2867,422
06001451506,3507,1985,1522
06001451601,5157,4736,421
06001451602,7119,5853,1266
06001451701,3013,2563,450
06001451703,4568,3827,741
06001451704,4647,3881,766
06001981900,53,53,0
06001982000,58,43,15
06001983200,572,482,90
06001990000,0,0,0
06003010000,1184,1092,92
06005000101,4023,3775,248
06005000102,1743,1498,245
06005000200,4431,3910,521
06005000301,5184,3716,1468
06005000303,4835,4334,501
06005000304,4179,3594,585
06005000401,4641,4176,465
06005000402,4764,4101,663
06005000500,3163,3037,126
06007000102,4145,3561,584
06007000103,3973,3379,594
06007000104,5596,4616,980
06007000201,4506,3646,860
06007000202,3688,3388,300
06007000300,4740,3813,927
06007000401,3051,2292,759
06007000402,7632,6678,954
06007000501,3911,3187,724
06007000502,4271,3310,961
06007000601,3364,3001,363
06007000603,3549,2973,576
06007000604,4822,3869,953
06007000700,4691,4425,266
06007000800,5620,4813,807
06007000901,2413,2085,328
06007000903,7099,5740,1359
06007000904,6458,5950,508
06007001000,4223,3453,770
06007001100,4084,3479,605
06007001200,3166,2644,522
06007001300,4036,2746,1290
06007001400,5500,4470,1030
06007001500,5546,4942,604
06007001600,4713,4240,473
06007001702,5851,5505,346
06007001703,2875,2752,123
06007001704,3201,2784,417
06007001800,5608,5193,415
06007001900,3256,3021,235
06007002000,5683,5324,359
06007002100,4545,4279,266
06007002200,5169,4853,316
06007002300,5121,4637,484
06007002400,4951,4367,584
06007002500,5392,4711,681
06007002601,2194,2016,178
06007002602,3485,3276,209
06007002700,5780,5178,602
06007002800,3865,3254,611
06007002900,3218,2948,270
06007003001,3229,2851,378
06007003002,3544,2534,1010
06007003100,4261,3790,471
06007003200,4340,2869,1471
06007003300,4517,3851,666
06007003400,2966,1835,1131
06007003501,3316,2188,1128
06007003502,4684,2348,2336
06007003600,3472,2347,1125
06007003700,4557,3963,594
06009000120,4944,4406,538
06009000121,4400,3896,504
06009000122,3596,3180,416
06009000210,10166,8729,1437
06009000220,6531,5567,964
06009000300,6504,5927,577
06009000400,3265,3078,187
06009000501,3440,3082,358
06009000503,1523,1480,43
06009000504,418,414,4
06011000100,5175,1688,3487
06011000200,4917,2267,2650
06011000300,6226,1944,4282
06011000400,2346,1764,582
06011000500,2697,1347,1350
06013301000,4844,3764,1080
06013302005,6695,4324,2371
06013302006,4101,2530,1571
06013302007,6840,4139,2701
06013302008,8352,5220,3132
06013302009,7137,5017,2120
06013302010,11161,7695,3466
06013303102,8901,5956,2945
06013303103,11879,7647,4232
06013303201,11455,8991,2464
06013303202,7137,5557,1580
06013303203,9445,7330,2115
06013303204,4668,3215,1453
06013303205,8431,6523,1908
06013304001,4375,3703,672
06013304002,1465,925,540
06013304003,3892,3390,502
06013304004,3812,3338,474
06013304005,7631,6203,1428
06013305000,6501,3481,3020
06013306002,3055,1943,1112
06013306003,5260,3304,1956
06013306004,3369,2253,1116
06013307101,4604,3210,1394
06013307102,5328,1952,3376
06013307201,3370,1897,1473
06013307202,4369,2709,1660
06013307204,3960,2124,1836
06013307205,6913,4298,2615
06013308001,6876,4888,1988
06013308002,4430,3399,1031
06013309000,3508,2403,1105
06013310000,6533,2611,3922
06013311000,5354,3256,2098
06013312000,2373,1361,1012
06013313101,7137,4157,2980
06013313102,4015,2693,1322
06013313103,8228,5976,2252
06013313203,3197,1782,1415
06013313204,5189,2706,2483
06013313205,1777,1109,668
06013313206,5768,2605,3163
06013314102,5580,2438,3142
06013314103,6154,2655,3499
06013314104,7817,2863,4954
06013314200,6971,1730,5241
06013315000,3502,2723,779
06013316000,964,754,210
06013317000,2425,2157,268
06013318000,3402,2805,597
06013319000,8160,6277,1883
06013320001,4247,2608,1639
06013320003,2825,2449,376
06013320004,6562,5415,1147
06013321101,7325,6083,1242
06013321102,6827,5958,869
06013321103,4325,3792,533
06013321200,5460,4814,646
06013322000,6109,4942,1167
06013323000,4690,4031,659
06013324001,5460,4856,604
06013324002,5363,4482,881
06013325000,5736,4910,826
06013326000,3487,3242,245
06013327000,7738,4636,3102
06013328000,2523,1973,550
06013329000,6687,4288,2399
06013330000,5734,4222,1512
06013331000,7576,5689,1887
06013332000,8343,6109,2234
06013333101,4360,3396,964
06013333102,3967,3323,644
06013333200,5382,4245,1137
06013334001,3850,3230,620
06013334004,7496,6212,1284
06013334006,4815,4281,534
06013334200,8012,7284,728
06013335000,3442,2396,1046
06013336101,5324,2257,3067
06013336102,7651,3158,4493
06013336201,3927,1691,2236
06013336202,6054,1720,4334
06013337100,3551,2895,656
06013337200,8106,5703,2403
06013337300,5904,5180,724
06013338101,4782,2738,2044
06013338102,3616,3034,582
06013338201,3700,3392,308
06013338203,5189,4846,343
06013338204,6213,5794,419
06013338301,2904,2558,346
06013338302,6212,5723,489
06013339001,3243,2580,663
06013339002,6966,6233,733
06013340001,5916,5590,326
06013340002,7478,6843,635
06013341000,5543,5194,349
06013343001,4803,4261,542
06013343002,4812,4198,614
06013343003,3906,3732,174
06013345101,5794,4797,997
06013345102,3698,3213,485
06013345103,4828,4425,403
06013345105,6625,6025,600
06013345108,7480,7051,429
06013345111,5083,4648,435
06013345112,5945,5286,659
06013345113,4306,4014,292
06013345114,6518,6278,240
06013345115,5990,5673,317
06013345116,2852,2461,391
06013345202,7880,7301,579
06013345203,6821,6472,349
06013345204,3933,3738,195
06013346101,3446,3221,225
06013346102,5793,5358,435
06013346201,7288,7084,204
06013346203,3846,3693,153
06013346204,7411,6804,607
06013347000,6200,5757,443
06013348000,4862,4557,305
06013349000,5518,4996,522
06013350000,6475,6045,430
06013351101,2600,2555,45
06013351102,3667,3464,203
06013351103,1884,1828,56
06013351200,6003,5723,280
06013352101,3220,2837,383
06013352102,5741,5248,493
06013352201,6260,5783,477
06013352202,2542,2407,135
06013353001,3697,3691,6
06013353002,4429,3867,562
06013354001,2064,1978,86
06013354002,6581,6147,434
06013355107,5001,3400,1601
06013355108,13947,10764,3183
06013355109,7281,5569,1712
06013355110,4091,3023,1068
06013355111,6399,4434,1965
06013355112,5289,4901,388
06013355113,4980,4705,275
06013355114,11402,10485,917
06013355115,7330,6705,625
06013355116,7865,7404,461
06013355117,7278,7203,75
06013355200,10235,8401,1834
06013355301,8146,7144,1002
06013355302,3469,3224,245
06013355304,8230,7508,722
06013355306,5229,4839,390
06013356001,4375,3336,1039
06013356002,5257,4568,689
06013357000,3165,2426,739
06013358000,5885,4054,1831
06013359102,5834,3887,1947
06013359103,4907,4040,867
06013359104,1974,1768,206
06013359105,4733,4098,635
06013359202,5997,4608,1389
06013359203,7052,5951,1101
06013359204,4847,4050,797
06013360101,4898,3635,1263
06013360102,4139,3111,1028
06013360200,4714,3405,1309
06013361000,4719,3521,1198
06013362000,2977,2367,610
06013363000,7326,5288,2038
06013364002,5490,3548,1942
06013365002,6262,2474,3788
06013365003,5001,3783,1218
06013366001,4470,2247,2223
06013366002,6319,2421,3898
06013367100,5001,3140,1861
06013367200,5365,2935,2430
06013368001,5143,741,4402
06013368002,3380,1144,2236
06013369001,7425,4136,3289
06013369002,2356,1557,799
06013370000,2859,2416,443
06013371000,6149,3795,2354
06013372000,7615,3395,4220
06013373000,4102,1326,2776
06013374000,4246,2243,2003
06013375000,4787,1071,3716
06013376000,5547,2044,3503
06013377000,6835,2718,4117
06013378000,3116,2630,486
06013379000,6668,2643,4025
06013380000,6569,5397,1172
06013381000,6996,3167,3829
06013382000,7486,5165,2321
06013383000,4838,4303,535
06013384000,3899,3584,315
06013385100,2941,2682,259
06013385200,1175,1107,68
06013386000,3617,3081,536
06013387000,2758,2490,268
06013388000,2776,2413,363
06013389100,2016,1596,420
06013389200,1700,1420,280
06013390100,2324,2142,182
06013390200,1735,1645,90
06013391000,2679,2512,167
06013392000,2827,2673,154
06013392200,11474,7090,4384
06013392300,3277,2956,321
06013990000,0,0,0
06015000101,3920,3485,435
06015000102,3394,3046,348
06015000104,2152,1550,602
06015000105,6498,5836,662
06015000201,6623,4241,2382
06015000202,3753,2964,789
06015000203,1288,1180,108
06015990000,0,0,0
06017030200,5085,2717,2368
06017030301,2279,1438,841
06017030302,2783,2069,714
06017030401,3727,3134,593
06017030402,3754,2895,859
06017030502,2393,2185,208
06017030504,2523,2214,309
06017030505,2506,2258,248
06017030601,5412,5299,113
06017030602,7083,6454,629
06017030603,3137,2888,249
06017030701,6313,5868,445
06017030704,7093,6093,1000
06017030706,5620,5073,547
06017030709,4736,4318,418
06017030710,4983,4605,378
06017030801,4592,4194,398
06017030803,7535,6587,948
06017030804,6255,5779,476
06017030807,4418,4271,147
06017030808,6928,5683,1245
06017030809,2486,2161,325
06017030810,3642,2860,782
06017030901,3143,3061,82
06017030902,4741,4347,394
06017031000,5686,4711,975
06017031100,5023,4252,771
06017031200,5224,4728,496
06017031301,3651,3345,306
06017031302,4932,4525,407
06017031402,5233,4789,444
06017031404,2322,2153,169
06017031405,2531,2463,68
06017031406,5638,5249,389
06017031502,6443,5663,780
06017031503,2674,2455,219
06017031504,5418,4833,585
06017031600,3868,2109,1759
06017031700,2863,2704,159
06017031800,7430,6869,561
06017031900,104,92,12
06017032000,793,741,52
06017990000,0,0,0
06019000100,3036,1436,1600
06019000200,3147,1078,2069
06019000300,3270,1338,1932
06019000400,6016,1194,4822
06019000501,2348,414,1934
06019000502,3370,694,2676
06019000600,5351,1647,3704
06019000700,3758,1469,2289
06019000800,1192,392,800
06019000901,2979,1159,1820
06019000902,5082,1722,3360
06019001000,3955,1901,2054
06019001100,2728,559,2169
06019001201,5314,1316,3998
06019001202,4828,1479,3349
06019001301,5505,837,4668
06019001303,2315,702,1613
06019001304,5528,2136,3392
06019001407,4530,1969,2561
06019001408,2522,1605,917
06019001409,2026,1409,617
06019001410,11447,4983,6464
06019001411,6179,3473,2706
06019001412,3217,2030,1187
06019001413,5736,3394,2342
06019001414,8398,5401,2997
06019001500,2368,708,1660
06019001600,4775,1426,3349
06019001700,6337,2227,4110
06019001800,5221,1632,3589
06019001900,2824,1068,1756
06019002000,6541,2048,4493
06019002100,5649,2378,3271
06019002200,3408,1730,1678
06019002300,3294,1287,2007
06019002400,4942,1870,3072
06019002501,4793,1553,3240
06019002502,5382,1976,3406
06019002601,5431,563,4868
06019002602,3730,1003,2727
06019002701,4297,758,3539
06019002702,5303,949,4354
06019002800,4458,1633,2825
06019002903,4320,1891,2429
06019002904,3256,1155,2101
06019002905,3194,1489,1705
06019002906,5659,2613,3046
06019003001,3356,1602,1754
06019003003,4655,2792,1863
06019003004,2753,1092,1661
06019003102,7280,4562,2718
06019003103,5708,2913,2795
06019003104,4214,2735,1479
06019003201,5457,2426,3031
06019003202,5352,2887,2465
06019003301,2962,1327,1635
06019003302,5069,1460,3609
06019003400,5657,2238,3419
06019003500,5773,2566,3207
06019003600,4029,2541,1488
06019003701,3511,1222,2289
06019003702,4446,2229,2217
06019003803,9558,5370,4188
06019003804,5806,3055,2751
06019003805,6999,2649,4350
06019003807,3144,1199,1945
06019003808,5275,2319,2956
06019003809,4716,2103,2613
06019003810,5855,3063,2792
06019003900,5207,1832,3375
06019004001,7856,1865,5991
06019004002,7564,1533,6031
06019004100,2885,1299,1586
06019004205,6561,3214,3347
06019004207,9436,4422,5014
06019004208,7682,6120,1562
06019004210,3487,2285,1202
06019004211,6540,4020,2520
06019004212,11979,7573,4406
06019004213,3557,2096,1461
06019004214,4933,3757,1176
06019004215,4577,3412,1165
06019004216,2792,1658,1134
06019004301,3987,3315,672
06019004302,5292,4436,856
06019004303,4104,3297,807
06019004404,3641,1175,2466
06019004405,4043,3004,1039
06019004406,4999,3652,1347
06019004408,3386,2595,791
06019004409,3385,1973,1412
06019004503,4768,3709,1059
06019004504,5171,2914,2257
06019004505,5073,2861,2212
06019004506,3179,2553,626
06019004601,3048,1993,1055
06019004602,2395,1983,412
06019004701,7739,3961,3778
06019004703,4165,1535,2630
06019004704,4772,2029,2743
06019004801,5295,1959,3336
06019004802,4871,2200,2671
06019004901,3602,1843,1759
06019004902,2095,1049,1046
06019005000,4137,2314,1823
06019005100,6276,3267,3009
06019005202,3661,1648,2013
06019005203,4556,1808,2748
06019005204,4255,2331,1924
06019005301,6053,3133,2920
06019005302,5582,3109,2473
06019005304,5911,3309,2602
06019005305,3823,2027,1796
06019005403,4267,2259,2008
06019005405,3881,2753,1128
06019005406,4012,2765,1247
06019005407,3420,2428,992
06019005408,2755,1970,785
06019005409,3579,2501,1078
06019005410,3495,1804,1691
06019005503,5405,4480,925
06019005504,3193,2690,503
06019005505,6590,5001,1589
06019005507,5782,4003,1779
06019005508,5239,4434,805
06019005509,5031,3797,1234
06019005510,4831,3587,1244
06019005512,4795,3375,1420
06019005513,2872,2347,525
06019005514,3971,3312,659
06019005515,1547,1351,196
06019005516,5598,4170,1428
06019005517,8061,6523,1538
06019005518,4649,3747,902
06019005520,2783,2344,439
06019005522,4450,3800,650
06019005524,4631,3774,857
06019005525,1188,1043,145
06019005602,5398,3656,1742
06019005605,1462,1156,306
06019005606,4026,2755,1271
06019005607,4456,2710,1746
06019005608,3337,2388,949
06019005701,3741,2312,1429
06019005702,5149,3992,1157
06019005703,5108,4125,983
06019005704,5745,3278,2467
06019005801,4760,3088,1672
06019005802,4454,3439,1015
06019005804,6720,3945,2775
06019005805,4746,3311,1435
06019005904,4828,3335,1493
06019005905,6840,5825,1015
06019005906,2592,1662,930
06019005907,3309,2573,736
06019005909,6321,4972,1349
06019005911,4368,3111,1257
06019005912,4013,3184,829
06019006000,8639,2262,6377
06019006100,7897,1435,6462
06019006201,2543,149,2394
06019006202,6640,442,6198
06019006300,7443,4700,2743
06019006402,3120,2967,153
06019006403,5656,4724,932
06019006404,4994,4415,579
06019006405,4934,4024,910
06019006501,6745,374,6371
06019006502,4703,263,4440
06019006602,6038,767,5271
06019006603,2347,1141,1206
06019006604,8746,827,7919
06019006700,6568,2685,3883
06019006802,3839,462,3377
06019006900,3346,506,2840
06019007002,4519,711,3808
06019007003,8630,1715,6915
06019007004,5396,2003,3393
06019007100,7483,826,6657
06019007201,7680,5113,2567
06019007202,5177,2353,2824
06019007300,4353,1744,2609
06019007400,3684,947,2737
06019007500,5318,1657,3661
06019007600,4562,1252,3310
06019007700,6573,1673,4900
06019007801,2801,84,2717
06019007802,5178,291,4887
06019007901,3788,1861,1927
06019007902,3252,939,2313
06019008000,5203,2490,2713
06019008100,6359,2407,3952
06019008200,6377,627,5750
06019008301,5808,124,5684
06019008302,7520,386,7134
06019008401,8887,748,8139
06019008402,1201,301,900
06019008501,4388,234,4154
06019008502,8573,208,8365
06021010100,8060,4262,3798
06021010200,4902,3209,1693
06021010300,2029,1845,184
06021010400,7441,4576,2865
06021010501,3958,1560,2398
06021010502,1586,1269,317
06023000100,4047,3525,522
06023000200,5848,5213,635
06023000300,6623,5960,663
06023000400,4119,3502,617
06023000500,4201,3825,376
06023000600,4529,4081,448
06023000700,5189,4832,357
06023000800,5475,5060,415
06023000900,5596,4995,601
06023001000,6055,5001,1054
06023001101,6627,5518,1109
06023001200,5043,4363,680
06023001300,1285,1226,59
06023010102,2411,2131,280
06023010200,2417,2291,126
06023010300,3800,3680,120
06023010400,3601,3322,279
06023010501,7903,6631,1272
06023010502,5818,5584,234
06023010600,1837,1759,78
06023010700,7280,6501,779
06023010800,4064,3529,535
06023010901,4690,3434,1256
06023010902,3858,3741,117
06023011000,4647,4002,645
06023011100,4761,4394,367
06023011200,3475,3009,466
06023011500,3288,3046,242
06023011600,3648,3531,117
06023940000,3047,2966,81
06023990100,0,0,0
06025010101,4223,1557,2666
06025010102,4655,649,4006
06025010200,2397,380,2017
06025010300,1115,574,541
06025010400,8176,625,7551
06025010500,6639,1302,5337
06025010600,6448,2188,4260
06025010700,4554,302,4252
06025010800,1552,875,677
06025010900,6917,1683,5234
06025011000,12836,3462,9374
06025011100,3314,1017,2297
06025011201,6437,1263,5174
06025011202,5474,469,5005
06025011300,11306,935,10371
06025011400,4454,328,4126
06025011500,6347,529,5818
06025011600,6021,787,5234
06025011700,5469,805,4664
06025011801,3861,1233,2628
06025011802,5582,1186,4396
06025011803,6373,1352,5021
06025011900,11177,440,10737
06025012001,4281,84,4197
06025012002,10446,552,9894
06025012100,6709,83,6626
06025012200,7637,144,7493
06025012301,5273,2047,3226
06025012302,6005,1811,4194
06025012400,887,817,70
06025940000,2242,1448,794
06027000100,2638,2030,608
06027000200,1722,1448,274
06027000300,2712,2360,352
06027000400,5850,4257,1593
06027000500,2506,2162,344
06027000800,2898,2202,696
06029000101,13089,10137,2952
06029000102,3251,2954,297
06029000200,7720,6325,1395
06029000300,4508,3499,1009
06029000400,4102,3356,746
06029000503,7354,5992,1362
06029000504,4738,3205,1533
06029000505,3932,3284,648
06029000506,2585,2017,568
06029000507,3394,2477,917
06029000600,6636,3697,2939
06029000700,5333,2441,2892
06029000800,5229,2053,3176
06029000902,3609,1718,1891
06029000903,3880,1493,2387
06029000904,4675,1992,2683
06029000905,2364,649,1715
06029000906,4331,1212,3119
06029000907,2743,801,1942
06029000908,5320,2804,2516
06029000909,2407,1640,767
06029000910,10906,6035,4871
06029001000,9907,3498,6409
06029001101,5205,1076,4129
06029001102,6929,1422,5507
06029001103,5176,619,4557
06029001201,2876,602,2274
06029001202,5651,1284,4367
06029001300,7661,1135,6526
06029001400,9285,1530,7755
06029001500,2564,515,2049
06029001600,1569,872,697
06029001700,4064,3037,1027
06029001801,5879,3272,2607
06029001802,5177,3037,2140
06029001901,3941,2204,1737
06029001902,4643,2224,2419
06029002000,7135,2731,4404
06029002100,3362,324,3038
06029002200,5511,1175,4336
06029002301,10946,1961,8985
06029002302,3589,45,3544
06029002400,8233,1766,6467
06029002500,9572,2437,7135
06029002600,3382,928,2454
06029002700,6168,2143,4025
06029002804,2749,2133,616
06029002806,2339,1856,483
06029002807,3696,2924,772
06029002808,7167,5624,1543
06029002811,3380,2903,477
06029002812,5414,2845,2569
06029002813,4055,2101,1954
06029002814,4092,1941,2151
06029002815,4356,2132,2224
06029002816,6228,2584,3644
06029002817,5299,2844,2455
06029002818,3664,2479,1185
06029002819,4834,2980,1854
06029002820,6870,3962,2908
06029002821,4850,3246,1604
06029002900,7585,3369,4216
06029003000,7590,1786,5804
06029003103,3749,724,3025
06029003112,5301,2569,2732
06029003113,5386,2047,3339
06029003114,7890,3495,4395
06029003115,6036,1713,4323
06029003121,8394,2745,5649
06029003122,8075,1443,6632
06029003123,19201,11236,7965
06029003124,5794,3128,2666
06029003202,17400,4506,12894
06029003203,2541,1896,645
06029003204,9675,7030,2645
06029003205,10270,3900,6370
06029003206,16188,7528,8660
06029003303,1397,1115,282
06029003304,4568,2262,2306
06029003305,3034,2469,565
06029003306,4666,3576,1090
06029003400,4745,1855,2890
06029003500,6361,4411,1950
06029003600,4884,3377,1507
06029003700,3720,1295,2425
06029003803,6263,4936,1327
06029003804,15708,11683,4025
06029003805,9520,6494,3026
06029003806,4899,3881,1018
06029003807,2841,2679,162
06029003808,4399,2990,1409
06029003809,12483,9437,3046
06029003810,2785,2304,481
06029003811,2704,2149,555
06029003812,4430,3123,1307
06029003813,7946,5765,2181
06029003900,2495,1454,1041
06029004000,8391,1209,7182
06029004101,4811,1498,3313
06029004102,5321,434,4887
06029004200,1401,323,1078
06029004301,7938,886,7052
06029004302,5607,2720,2887
06029004401,7928,1444,6484
06029004402,4903,363,4540
06029004500,3373,221,3152
06029004601,4293,2290,2003
06029004603,2329,1174,1155
06029004604,13963,2707,11256
06029004701,9711,667,9044
06029004702,3903,154,3749
06029004800,10149,965,9184
06029004901,5097,1294,3803
06029004902,8613,2189,6424
06029005003,3659,537,3122
06029005004,7753,1581,6172
06029005103,2698,2475,223
06029005104,3866,3222,644
06029005201,4974,4507,467
06029005203,4809,4685,124
06029005204,5790,4895,895
06029005300,2073,1525,548
06029005401,6561,4997,1564
06029005402,4972,4115,857
06029005403,8749,7162,1587
06029005404,7003,5860,1143
06029005501,6731,6062,669
06029005506,5340,4077,1263
06029005507,6907,5283,1624
06029005508,4837,3692,1145
06029005600,2314,1943,371
06029005700,2700,2357,343
06029005801,6640,4522,2118
06029005802,8561,4839,3722
06029005900,3708,1975,1733
06029006002,4495,2607,1888
06029006003,5912,3609,2303
06029006004,1507,1225,282
06029006006,3764,3287,477
06029006007,5539,4473,1066
06029006008,6088,5374,714
06029006100,8305,5734,2571
06029006201,3110,831,2279
06029006202,7757,398,7359
06029006301,4032,607,3425
06029006303,6268,582,5686
06029006304,4305,339,3966
06029006401,8262,352,7910
06029006403,6335,331,6004
06029006404,3158,137,3021
06029006500,3677,2313,1364
06031000100,3083,2027,1056
06031000200,2340,1419,921
06031000300,6544,5085,1459
06031000402,6188,3996,2192
06031000403,5421,3208,2213
06031000404,9617,6089,3528
06031000405,6489,3016,3473
06031000500,5100,2100,3000
06031000601,10155,6350,3805
06031000602,5045,3791,1254
06031000701,6268,4205,2063
06031000702,4339,2329,2010
06031000800,4466,2021,2445
06031000900,8199,3305,4894
06031001001,4082,2750,1332
06031001002,4711,1733,2978
06031001003,6085,2084,4001
06031001100,6992,1779,5213
06031001200,2619,1370,1249
06031001300,4982,897,4085
06031001401,2986,258,2728
06031001402,2426,474,1952
06031001500,4323,1220,3103
06031001601,4216,1041,3175
06031001602,9965,4970,4995
06031001701,8981,618,8363
06031981800,4639,2264,2375
06033000100,3417,2913,504
06033000300,3543,2985,558
06033000400,5215,4411,804
06033000501,3526,2698,828
06033000502,2163,1990,173
06033000600,3826,3618,208
06033000701,4351,3619,732
06033000702,3846,2777,1069
06033000801,2879,1997,882
06033000802,4105,3071,1034
06033000900,6586,5354,1232
06033001000,6378,4070,2308
06033001100,3594,3199,395
06033001200,3344,2869,475
06033001300,7303,6419,884
06035040100,1363,1294,69
06035040200,2838,2517,321
06035040302,4175,3803,372
06035040303,2884,2648,236
06035040304,1526,1472,54
06035040305,3291,3068,223
06035040400,9158,5581,3577
06035040500,3436,3251,185
06035040600,3274,2431,843
06037101110,4667,3025,1642
06037101122,3301,2878,423
06037101210,5791,2866,2925
06037101220,3167,2319,848
06037101300,4238,3884,354
06037101400,4231,3211,1020
06037102103,1870,1547,323
06037102104,3578,3198,380
06037102105,1949,632,1317
06037102107,3950,2849,1101
06037103101,2734,2003,731
06037103102,4632,3456,1176
06037103200,6193,4013,2180
06037103300,3137,2901,236
06037103400,6542,4963,1579
06037104103,3861,1285,2576
06037104105,5879,1311,4568
06037104108,4895,1020,3875
06037104124,4379,1885,2494
06037104201,4624,602,4022
06037104203,4880,554,4326
06037104204,3417,906,2511
06037104310,4974,345,4629
06037104320,5794,592,5202
06037104401,3833,62,3771
06037104403,2932,106,2826
06037104404,2922,278,2644
06037104500,2922,40,2882
06037104610,3337,104,3233
06037104620,3411,67,3344
06037104701,4028,220,3808
06037104703,2339,151,2188
06037104704,4140,953,3187
06037104810,6034,296,5738
06037104821,3151,395,2756
06037104822,2477,331,2146
06037106010,3334,793,2541
06037106020,6323,1106,5217
06037106111,4794,1865,2929
06037106112,5861,1651,4210
06037106113,3502,805,2697
06037106114,6451,982,5469
06037106403,3609,367,3242
06037106405,4264,1105,3159
06037106406,5508,1868,3640
06037106407,3077,878,2199
06037106408,3644,427,3217
06037106510,5178,1653,3525
06037106520,5616,795,4821
06037106603,3253,2759,494
06037106604,4870,589,4281
06037106641,2196,1904,292
06037106642,3230,2268,962
06037106643,4739,4246,493
06037106645,3336,2920,416
06037106646,3606,2545,1061
06037106648,4190,163,4027
06037106649,2705,957,1748
06037107010,3165,173,2992
06037107020,5618,678,4940
06037108101,2462,2141,321
06037108102,3686,3398,288
06037108103,2945,2845,100
06037108104,1992,1893,99
06037108201,5827,5489,338
06037108202,6270,5702,568
06037109100,2757,1034,1723
06037109200,2804,1753,1051
06037109300,3475,1907,1568
06037109400,3434,749,2685
06037109500,4792,426,4366
06037109601,5388,1403,3985
06037109603,4094,1416,2678
06037109604,3090,1156,1934
06037109700,4362,2076,2286
06037109800,5100,2073,3027
06037111100,3055,1797,1258
06037111201,3306,1956,1350
06037111202,5451,3838,1613
06037111204,6308,5342,966
06037111205,4269,3337,932
06037111206,4742,4015,727
06037111301,7173,4288,2885
06037111302,5313,4324,989
06037111400,7939,5013,2926
06037113101,3682,2987,695
06037113102,3105,2628,477
06037113211,3888,3333,555
06037113212,3349,2548,801
06037113213,4745,3483,1262
06037113231,2239,2017,222
06037113232,4092,3556,536
06037113233,8106,3285,4821
06037113234,4654,2415,2239
06037113235,1815,1385,430
06037113237,3837,2879,958
06037113301,2397,1971,426
06037113303,4110,2923,1187
06037113321,5661,3885,1776
06037113322,4176,3086,1090
06037113401,5695,3145,2550
06037113421,6618,3000,3618
06037113422,6516,3137,3379
06037115101,5210,4166,1044
06037115103,3530,2335,1195
06037115104,4295,3018,1277
06037115201,6834,4989,1845
06037115202,5052,3408,1644
06037115301,4203,3299,904
06037115302,4357,1246,3111
06037115401,5985,3301,2684
06037115403,3644,1677,1967
06037115404,3005,1300,1705
06037117101,5131,2852,2279
06037117102,2826,1112,1714
06037117201,4626,1493,3133
06037117202,2594,1597,997
06037117301,3944,2536,1408
06037117302,5290,3936,1354
06037117303,3520,2045,1475
06037117404,4526,2676,1850
06037117405,3615,277,3338
06037117407,3829,173,3656
06037117408,3270,695,2575
06037117510,3834,477,3357
06037117520,4102,642,3460
06037117530,6469,1399,5070
06037119001,4185,1252,2933
06037119002,6794,1068,5726
06037119201,4107,534,3573
06037119202,4366,859,3507
06037119310,4087,1221,2866
06037119320,4824,1334,3490
06037119340,3965,176,3789
06037119341,2767,1149,1618
06037119342,3275,639,2636
06037119400,5275,696,4579
06037119700,4866,2542,2324
06037119800,6140,1283,4857
06037119900,5100,1548,3552
06037120010,2743,728,2015
06037120020,4461,1048,3413
06037120030,2520,384,2136
06037120103,3356,145,3211
06037120104,2384,766,1618
06037120105,2949,744,2205
06037120106,4785,788,3997
06037120107,3863,426,3437
06037120108,4781,942,3839
06037120300,5598,2222,3376
06037120400,7166,2789,4377
06037121010,4421,1862,2559
06037121020,3809,1244,2565
06037121101,3084,907,2177
06037121102,2621,1141,1480
06037121210,2999,933,2066
06037121221,2292,323,1969
06037121222,5507,712,4795
06037121600,2758,1835,923
06037121801,3384,1234,2150
06037121802,3523,1394,2129
06037121900,4004,1018,2986
06037122000,6146,3450,2696
06037122120,4536,705,3831
06037122121,2791,599,2192
06037122122,2383,248,2135
06037122200,4015,713,3302
06037122410,3767,835,2932
06037122420,4612,1022,3590
06037123010,4097,480,3617
06037123020,3715,461,3254
06037123103,4261,1694,2567
06037123104,4601,1236,3365
06037123203,3924,921,3003
06037123204,3344,819,2525
06037123205,2647,644,2003
06037123206,3041,418,2623
06037123301,4296,2529,1767
06037123303,3124,1580,1544
06037123304,4493,2622,1871
06037123410,4448,1799,2649
06037123420,4412,1949,2463
06037123510,5081,2874,2207
06037123520,2650,1439,1211
06037123601,5256,3350,1906
06037123602,3321,2236,1085
06037123700,4029,3675,354
06037123800,5851,4135,1716
06037123901,4431,1950,2481
06037123902,2701,2015,686
06037124000,5261,4333,928
06037124102,3721,1860,1861
06037124103,2055,608,1447
06037124104,2583,898,1685
06037124105,2484,1072,1412
06037124201,3044,1289,1755
06037124203,2651,883,1768
06037124204,2849,1402,1447
06037124300,3738,1307,2431
06037124400,4403,3458,945
06037124500,3135,2189,946
06037124600,3229,2861,368
06037124700,5377,4492,885
06037124902,3018,2098,920
06037124903,3408,2329,1079
06037125100,6260,4622,1638
06037125200,3965,2499,1466
06037125310,4908,2870,2038
06037125320,5572,3947,1625
06037125401,4349,3442,907
06037125402,4234,3205,1029
06037125501,3348,2431,917
06037125502,3314,2727,587
06037125600,2582,2191,391
06037127102,5462,1934,3528
06037127103,3429,1224,2205
06037127104,3771,1756,2015
06037127210,6050,2016,4034
06037127220,4671,1451,3220
06037127300,4475,2445,2030
06037127400,6409,1781,4628
06037127520,4165,812,3353
06037127603,3152,631,2521
06037127604,3028,1293,1735
06037127605,4162,1151,3011
06037127606,3606,1353,2253
06037127711,3682,1523,2159
06037127712,2999,1190,1809
06037127803,4169,1492,2677
06037127804,4105,1979,2126
06037127805,3987,1310,2677
06037127806,3392,1383,2009
06037127910,5089,1772,3317
06037127920,4201,1731,2470
06037128101,3458,1879,1579
06037128102,4929,1511,3418
06037128210,5276,765,4511
06037128220,3084,1707,1377
06037128302,5157,1206,3951
06037128303,3551,537,3014
06037128400,4037,2796,1241
06037128500,4545,3374,1171
06037128601,4828,2364,2464
06037128602,3261,2589,672
06037128702,5758,4919,839
06037128801,3267,2779,488
06037128802,4789,3901,888
06037128910,4299,3979,320
06037131010,6295,2561,3734
06037131020,6049,2295,3754
06037131100,3323,2111,1212
06037131200,3206,1965,1241
06037131300,5189,2190,2999
06037131400,6312,3492,2820
06037131600,5162,2380,2782
06037131701,4842,2899,1943
06037131702,4064,1965,2099
06037131800,6144,2231,3913
06037131900,4868,2223,2645
06037132001,3381,2127,1254
06037132002,3535,1751,1784
06037132101,4724,2365,2359
06037132102,5237,2735,2502
06037132300,7527,2948,4579
06037132501,4130,2136,1994
06037132502,4062,2200,1862
06037132700,5394,2173,3221
06037132900,3838,2999,839
06037133000,4511,2425,2086
06037133100,5771,3360,2411
06037134001,3878,536,3342
06037134002,3839,1433,2406
06037134101,5632,3118,2514
06037134103,4672,1917,2755
06037134104,4244,2634,1610
06037134201,4147,2269,1878
06037134302,3656,2703,953
06037134303,5954,3457,2497
06037134304,2928,2108,820
06037134305,4451,639,3812
06037134306,3830,2102,1728
06037134421,3860,3625,235
06037134422,4941,4332,609
06037134423,3472,3101,371
06037134424,2684,2485,199
06037134520,5501,1374,4127
06037134521,3319,430,2889
06037134522,3757,874,2883
06037134710,5945,1600,4345
06037134720,4576,2405,2171
06037134800,6614,2633,3981
06037134901,3071,2172,899
06037134903,6088,3520,2568
06037134904,4476,2124,2352
06037134905,3684,3260,424
06037135102,4124,3487,637
06037135111,3254,2513,741
06037135113,2880,2558,322
06037135114,4698,4166,532
06037135201,2822,2408,414
06037135202,4572,3872,700
06037135203,7345,5976,1369
06037137000,4943,4479,464
06037137103,5225,4258,967
06037137104,2913,2644,269
06037137201,6003,4873,1130
06037137301,2356,2072,284
06037137302,4389,4157,232
06037137401,4290,3791,499
06037137402,5325,4615,710
06037137501,4500,3661,839
06037137502,4294,3633,661
06037137504,2032,1983,49
06037138000,4587,4089,498
06037139001,5043,4138,905
06037139200,5850,4151,1699
06037139301,4710,4004,706
06037139302,4981,3364,1617
06037139303,4292,3235,1057
06037139401,2637,2060,577
06037139402,2917,2854,63
06037139502,3074,2678,396
06037139503,6023,5017,1006
06037139504,3671,3306,365
06037139600,4853,4497,356
06037139701,5257,4989,268
06037139702,5868,5679,189
06037139703,2907,2810,97
06037139801,3310,3059,251
06037139802,4014,3805,209
06037141101,4916,4352,564
06037141102,3037,2851,186
06037141201,4184,3375,809
06037141202,2962,2683,279
06037141302,5932,5086,846
06037141303,3338,3058,280
06037141304,2973,2773,200
06037141400,4636,4435,201
06037141500,2985,2718,267
06037141600,4076,3780,296
06037141700,3058,2974,84
06037143100,4353,3799,554
06037143200,4339,3581,758
06037143300,6824,5734,1090
06037143400,6497,5642,855
06037143500,4728,4276,452
06037143602,4592,4124,468
06037143603,2284,2065,219
06037143604,3405,3076,329
06037143700,3719,3547,172
06037143800,5732,4789,943
06037143901,4239,4046,193
06037143902,3136,2936,200
06037181000,6481,4338,2143
06037181300,3978,2449,1529
06037181400,4443,2565,1878
06037181500,3799,1902,1897
06037181600,4633,2896,1737
06037183101,3808,1243,2565
06037183103,4224,1063,3161
06037183104,2298,1003,1295
06037183220,4181,1318,2863
06037183221,3318,1019,2299
06037183222,3469,1926,1543
06037183300,3306,1306,2000
06037183401,2321,971,1350
06037183402,3069,1746,1323
06037183510,2560,663,1897
06037183520,3718,936,2782
06037183610,3402,630,2772
06037183620,3432,906,2526
06037183701,3734,788,2946
06037183702,3022,1247,1775
06037183810,4361,769,3592
06037183820,4049,459,3590
06037185100,6336,3123,3213
06037185202,3988,1525,2463
06037185203,3351,553,2798
06037185204,1887,1181,706
06037185310,3179,532,2647
06037185320,3075,330,2745
06037186100,4864,3393,1471
06037186201,3287,1797,1490
06037186202,2037,1117,920
06037186203,2791,1707,1084
06037186301,3114,970,2144
06037186302,5013,2328,2685
06037186401,3618,585,3033
06037186403,2935,986,1949
06037186404,2639,575,2064
06037187101,3037,2069,968
06037187102,3248,1320,1928
06037187200,2879,641,2238
06037187300,3325,2704,621
06037188100,3795,1666,2129
06037188201,3418,2978,440
06037188202,2254,2066,188
06037188300,3527,2480,1047
06037189101,2522,2278,244
06037189102,3186,2611,575
06037189201,3479,3045,434
06037189202,2526,2412,114
06037189300,3103,2906,197
06037189400,3449,3288,161
06037189500,3948,3469,479
06037189600,3549,2986,563
06037189701,3783,3319,464
06037189702,2088,1935,153
06037189800,3914,3110,804
06037189902,5023,4212,811
06037189903,2147,1953,194
06037189904,2502,2338,164
06037189905,2205,1963,242
06037190100,5033,4261,772
06037190201,2494,1744,750
06037190202,3161,2560,601
06037190301,5419,4064,1355
06037190401,3300,2743,557
06037190402,2473,2030,443
06037190510,4920,2772,2148
06037190520,3865,2261,1604
06037190700,3292,1934,1358
06037190801,2651,1558,1093
06037190802,2705,1325,1380
06037190901,4662,1317,3345
06037190902,4159,1780,2379
06037191000,4078,2157,1921
06037191110,3528,2566,962
06037191120,4674,2209,2465
06037191201,4363,2890,1473
06037191203,2596,1489,1107
06037191204,2162,1152,1010
06037191301,2431,1041,1390
06037191302,2390,1350,1040
06037191410,5150,1623,3527
06037191420,3731,1224,2507
06037191500,5670,2584,3086
06037191610,4281,1327,2954
06037191620,3003,935,2068
06037191710,2827,1087,1740
06037191720,3669,914,2755
06037191810,3646,1223,2423
06037191820,2849,1671,1178
06037191901,3321,2333,988
06037191902,2805,2386,419
06037192001,2372,2171,201
06037192002,2584,2282,302
06037192300,2609,2209,400
06037192410,4042,3251,791
06037192420,4036,1864,2172
06037192510,3866,1681,2185
06037192520,4824,1164,3660
06037192610,4609,1267,3342
06037192620,3632,1360,2272
06037192700,3802,1507,2295
06037194101,3166,2911,255
06037194102,3678,3454,224
06037194200,3659,3454,205
06037194300,3715,3233,482
06037194401,2618,2245,373
06037194402,3458,3250,208
06037194500,1893,1809,84
06037195100,4963,4182,781
06037195201,3164,2625,539
06037195202,3457,3057,400
06037195300,3558,2291,1267
06037195400,4543,3673,870
06037195500,5160,3316,1844
06037195600,3304,1427,1877
06037195710,4690,1392,3298
06037195720,2127,723,1404
06037195802,2765,1193,1572
06037195803,2704,1371,1333
06037195804,2370,1135,1235
06037195901,2306,1319,987
06037195902,1901,1443,458
06037195903,2345,1189,1156
06037197200,3873,1472,2401
06037197300,3843,2370,1473
06037197410,4332,2911,1421
06037197420,3506,1608,1898
06037197500,3869,1870,1999
06037197600,2401,1277,1124
06037197700,4978,3532,1446
06037199000,5770,1956,3814
06037199110,2521,393,2128
06037199120,4392,1090,3302
06037199201,4032,1579,2453
06037199202,2936,600,2336
06037199300,3459,1416,2043
06037199400,4385,1289,3096
06037199700,3169,958,2211
06037199800,4958,1745,3213
06037199900,2642,558,2084
06037201110,2415,431,1984
06037201120,4136,587,3549
06037201200,2592,211,2381
06037201301,3668,651,3017
06037201302,4016,2889,1127
06037201401,5079,1011,4068
06037201402,4749,1280,3469
06037201501,5333,829,4504
06037201503,3320,289,3031
06037201504,2230,369,1861
06037201601,2112,405,1707
06037201602,2874,527,2347
06037201700,6006,2006,4000
06037203100,4684,156,4528
06037203200,4909,190,4719
06037203300,2082,623,1459
06037203500,3109,579,2530
06037203600,5228,145,5083
06037203710,3494,89,3405
06037203720,3883,90,3793
06037203800,5022,225,4797
06037203900,3071,73,2998
06037204110,3133,47,3086
06037204120,2821,112,2709
06037204200,3602,173,3429
06037204300,4984,211,4773
06037204410,2290,79,2211
06037204420,3096,321,2775
06037204600,4322,177,4145
06037204700,4940,271,4669
06037204810,4768,146,4622
06037204820,2271,25,2246
06037204910,3367,167,3200
06037204920,2697,89,2608
06037205110,3994,205,3789
06037205120,3554,154,3400
06037206010,3305,1479,1826
06037206020,7941,4681,3260
06037206031,3381,3118,263
06037206032,5501,1583,3918
06037206050,2342,451,1891
06037206200,3335,2557,778
06037206300,5558,4562,996
06037207101,3630,2892,738
06037207102,2366,2035,331
06037207103,2367,2176,191
06037207301,4847,3880,967
06037207302,4364,3812,552
06037207400,1064,407,657
06037207501,2263,1844,419
06037207502,2610,2523,87
06037207710,3587,3023,564
06037207900,4697,3908,789
06037208000,7248,2824,4424
06037208301,2089,113,1976
06037208302,4101,952,3149
06037208401,4507,1053,3454
06037208402,2908,912,1996
06037208501,2212,1254,958
06037208502,3754,1061,2693
06037208610,4462,2429,2033
06037208620,4469,2277,2192
06037208710,4515,3222,1293
06037208720,4576,1101,3475
06037208801,3137,1092,2045
06037208802,3341,1339,2002
06037208902,2797,156,2641
06037208903,4302,705,3597
06037208904,3794,415,3379
06037209102,5281,1096,4185
06037209103,3513,260,3253
06037209104,2499,391,2108
06037209200,3584,2125,1459
06037209300,4826,1596,3230
06037209401,4059,1139,2920
06037209402,3693,228,3465
06037209403,3670,1237,2433
06037209510,2720,938,1782
06037209520,2574,384,2190
06037209810,2706,770,1936
06037209820,3308,354,2954
06037210010,3626,543,3083
06037211000,4766,4453,313
06037211120,5273,3726,1547
06037211121,2291,1255,1036
06037211122,3166,1891,1275
06037211201,2742,708,2034
06037211202,2516,951,1565
06037211310,4327,1144,3183
06037211320,3117,1103,2014
06037211410,2732,1927,805
06037211420,3634,1858,1776
06037211500,4498,3520,978
06037211701,3019,2884,135
06037211703,4952,3033,1919
06037211704,2918,2295,623
06037211802,4187,2945,1242
06037211803,4054,3198,856
06037211804,3193,2655,538
06037211910,4840,1802,3038
06037211921,2364,1339,1025
06037211922,3592,1733,1859
06037212101,3016,2148,868
06037212102,2324,1514,810
06037212202,3714,932,2782
06037212203,3065,763,2302
06037212204,3627,873,2754
06037212303,3420,818,2602
06037212304,1791,570,1221
06037212305,3058,747,2311
06037212306,3132,2044,1088
06037212410,4193,2370,1823
06037212420,3389,1540,1849
06037212501,2149,1175,974
06037212502,2971,1875,1096
06037212610,3930,2734,1196
06037212620,4361,2420,1941
06037212701,2528,1709,819
06037212702,3732,3158,574
06037212800,4028,2021,2007
06037212900,4927,1860,3067
06037213100,3031,1977,1054
06037213201,4462,2322,2140
06037213202,3912,1379,2533
06037213310,3660,1070,2590
06037213320,2284,856,1428
06037213401,5290,1265,4025
06037213402,4528,1250,3278
06037214000,3725,3493,232
06037214100,4255,4034,221
06037214400,2952,2631,321
06037214501,2808,2666,142
06037214502,5485,4949,536
06037214503,3317,3148,169
06037214600,2733,2403,330
06037214700,2629,2397,232
06037214800,2986,2699,287
06037214901,3025,2774,251
06037214902,2916,2703,213
06037215101,2753,2341,412
06037215102,3052,2743,309
06037216100,2804,2515,289
06037216200,5369,4294,1075
06037216300,4822,4266,556
06037216401,4426,3994,432
06037216402,3027,2746,281
06037216700,3913,3030,883
06037216800,3189,2696,493
06037216900,4935,3518,1417
06037217001,3162,3069,93
06037217002,5115,4380,735
06037217100,5741,3911,1830
06037217200,4053,2589,1464
06037218110,3334,1631,1703
06037218120,5208,1754,3454
06037218210,4073,1127,2946
06037218220,4666,2236,2430
06037218300,5855,3046,2809
06037218400,4576,1503,3073
06037218500,2747,1254,1493
06037218600,3256,1278,1978
06037218701,2378,1603,775
06037218702,2318,1087,1231
06037218800,3024,1296,1728
06037218900,5638,3361,2277
06037219010,3045,1216,1829
06037219020,4502,1792,2710
06037219300,4739,1982,2757
06037219500,1789,1307,482
06037219700,4099,1368,2731
06037219800,3055,811,2244
06037219901,4444,967,3477
06037219902,3901,1270,2631
06037220000,5312,2758,2554
06037220100,2375,1685,690
06037221110,3659,449,3210
06037221120,3253,144,3109
06037221210,3064,690,2374
06037221220,3536,416,3120
06037221302,5229,1373,3856
06037221303,2710,732,1978
06037221304,3954,1322,2632
06037221401,3453,2006,1447
06037221402,2740,1258,1482
06037221500,4011,1550,2461
06037221601,3337,788,2549
06037221602,2865,329,2536
06037221710,2623,924,1699
06037221810,2667,1558,1109
06037221820,2910,2596,314
06037221900,3543,2471,1072
06037222001,3068,1098,1970
06037222002,4882,1339,3543
06037222100,3752,1476,2276
06037222200,3765,1124,2641
06037222500,5275,1823,3452
06037222600,5496,2798,2698
06037222700,4056,3633,423
06037224010,2471,1005,1466
06037224020,2529,359,2170
06037224200,2499,201,2298
06037224310,2117,240,1877
06037224320,3454,374,3080
06037224410,3282,1517,1765
06037224420,2409,440,1969
06037224600,3196,309,2887
06037224700,6541,5510,1031
06037226001,2385,169,2216
06037226002,1761,818,943
06037226410,3631,82,3549
06037226420,5396,545,4851
06037226700,6776,154,6622
06037227010,4793,342,4451
06037227020,3539,271,3268
06037228100,5059,547,4512
06037228210,3963,475,3488
06037228220,4300,685,3615
06037228310,4516,248,4268
06037228320,3093,192,2901
06037228410,3430,110,3320
06037228420,3402,252,3150
06037228500,4581,917,3664
06037228600,4995,550,4445
06037228710,3630,537,3093
06037228720,4504,481,4023
06037228800,5356,578,4778
06037228900,2632,301,2331
06037229100,4892,370,4522
06037229200,4414,797,3617
06037229300,5796,645,5151
06037229410,3440,373,3067
06037229420,4786,528,4258
06037231100,3516,1297,2219
06037231210,3509,824,2685
06037231220,4372,1137,3235
06037231300,5142,1658,3484
06037231400,5198,1230,3968
06037231500,4992,2287,2705
06037231600,6957,2598,4359
06037231710,4081,834,3247
06037231720,4789,1076,3713
06037231800,4944,498,4446
06037231900,5454,762,4692
06037232110,2840,708,2132
06037232120,5715,1206,4509
06037232200,2925,1179,1746
06037232300,4337,1180,3157
06037232400,7280,3341,3939
06037232500,4762,1364,3398
06037232600,6073,1720,4353
06037232700,5968,1530,4438
06037232800,3931,610,3321
06037234000,5333,3427,1906
06037234200,2237,2103,134
06037234300,4219,3911,308
06037234501,2596,1627,969
06037234502,2721,1823,898
06037234600,5051,3191,1860
06037234700,3756,1830,1926
06037234800,3117,1758,1359
06037234901,2499,1111,1388
06037234902,3875,1994,1881
06037235100,4687,3951,736
06037235201,2677,1851,826
06037235202,4388,2770,1618
06037236000,4627,3743,884
06037236100,5652,4303,1349
06037236202,5583,2914,2669
06037236203,3399,2477,922
06037236204,3087,1959,1128
06037236400,4293,3921,372
06037237101,3653,897,2756
06037237102,3239,621,2618
06037237201,3572,1109,2463
06037237202,4714,1592,3122
06037237300,5226,3597,1629
06037237401,3737,1067,2670
06037237402,3030,1094,1936
06037237500,2716,690,2026
06037237600,3698,1016,2682
06037237710,3281,980,2301
06037237720,3134,649,2485
06037237800,3524,2273,1251
06037237900,4056,3208,848
06037238000,5392,4127,1265
06037238100,4510,3457,1053
06037238200,5594,4921,673
06037238310,4927,1301,3626
06037238320,4133,1238,2895
06037238400,5334,4490,844
06037239201,3808,944,2864
06037239202,5347,862,4485
06037239310,4212,476,3736
06037239320,4255,647,3608
06037239330,3148,461,2687
06037239501,3599,797,2802
06037239502,3804,451,3353
06037239601,3644,805,2839
06037239602,3586,719,2867
06037239701,4768,937,3831
06037239702,3677,1253,2424
06037239801,3524,552,2972
06037239802,5102,1550,3552
06037240010,3625,903,2722
06037240020,5452,1389,4063
06037240200,5259,1514,3745
06037240300,4871,1230,3641
06037240401,5562,1502,4060
06037240402,3914,1311,2603
06037240500,6509,1977,4532
06037240600,5685,1533,4152
06037240700,6182,2101,4081
06037240800,4625,1574,3051
06037240900,5745,1647,4098
06037241001,4580,1888,2692
06037241002,3914,1537,2377
06037241110,3152,1103,2049
06037241120,5082,1732,3350
06037241201,2884,1124,1760
06037241202,4807,1965,2842
06037241300,2110,1025,1085
06037241400,3377,795,2582
06037242000,4159,1491,2668
06037242100,2911,768,2143
06037242200,6366,1223,5143
06037242300,4577,1131,3446
06037242600,4980,1727,3253
06037242700,5969,1621,4348
06037243000,7147,1438,5709
06037243100,6459,1834,4625
06037261101,3785,3594,191
06037261102,3969,3700,269
06037261200,4140,3863,277
06037262100,2959,2781,178
06037262200,4856,4438,418
06037262301,3048,2763,285
06037262302,3040,2835,205
06037262303,2994,2894,100
06037262400,2949,2834,115
06037262501,4122,3953,169
06037262601,3497,3259,238
06037262604,6477,6365,112
06037262704,3427,3124,303
06037262706,3730,3493,237
06037262802,3453,3195,258
06037264000,3002,2886,116
06037264102,2630,2424,206
06037264103,2750,2615,135
06037264301,5137,4772,365
06037264302,5378,5089,289
06037265100,2602,2520,82
06037265201,2830,2661,169
06037265202,3690,3259,431
06037265301,10384,8164,2220
06037265303,4738,3880,858
06037265304,3112,2650,462
06037265305,4069,3699,370
06037265410,1535,1468,67
06037265420,1960,1905,55
06037265510,4332,4014,318
06037265520,4646,4453,193
06037265601,3252,3171,81
06037265602,2904,2755,149
06037265700,5380,5143,237
06037267100,6952,6048,904
06037267200,5656,5277,379
06037267300,4440,3722,718
06037267402,4790,4058,732
06037267403,3162,2752,410
06037267404,3099,2679,420
06037267501,6782,3985,2797
06037267502,3514,2725,789
06037267600,2963,2054,909
06037267700,3314,2541,773
06037267800,3075,2822,253
06037267901,2355,2316,39
06037267902,3596,3480,116
06037269000,5594,5004,590
06037269100,4012,3807,205
06037269300,4170,3962,208
06037269500,4215,4121,94
06037269601,3250,1372,1878
06037269602,2785,1642,1143
06037269700,3856,2438,1418
06037269800,3263,2611,652
06037269903,3782,2879,903
06037269904,3870,3155,715
06037269905,2740,1697,1043
06037269906,3007,2437,570
06037269907,2970,2067,903
06037270100,4610,3812,798
06037270200,3576,1425,2151
06037270300,2542,1531,1011
06037271100,2571,2041,530
06037271200,2672,1843,829
06037271300,4818,4088,730
06037271400,3586,3142,444
06037271500,3158,2638,520
06037271600,4623,4204,419
06037271701,5974,4972,1002
06037271702,4390,3688,702
06037271801,3453,2488,965
06037271802,5997,4300,1697
06037271901,3369,2311,1058
06037271902,4265,3184,1081
06037272100,4504,3449,1055
06037272201,2695,1485,1210
06037272202,3773,2359,1414
06037272301,3161,2216,945
06037272302,4415,2080,2335
06037273100,2473,1954,519
06037273200,3598,2248,1350
06037273300,3204,2317,887
06037273402,2728,2444,284
06037273502,2914,2655,259
06037273600,2334,2059,275
06037273700,2828,2210,618
06037273800,3249,2771,478
06037273902,3839,3260,579
06037274100,4244,3777,467
06037274202,4494,4225,269
06037275101,1235,864,371
06037275102,4010,1386,2624
06037275200,3997,1866,2131
06037275302,4990,4359,631
06037275311,5700,4516,1184
06037275400,3591,2999,592
06037275500,5566,1652,3914
06037275602,8905,7760,1145
06037275603,2793,1995,798
06037276000,5508,4404,1104
06037276100,5833,5140,693
06037276400,4159,3716,443
06037276500,5443,4465,978
06037276601,4119,3640,479
06037276603,5238,4281,957
06037276604,4106,3694,412
06037277000,5482,4801,681
06037277100,3248,2522,726
06037277200,2437,1498,939
06037277400,1644,1212,432
06037278001,2567,1860,707
06037278102,3134,2847,287
06037291110,3749,2087,1662
06037291120,2155,790,1365
06037291130,3522,1238,2284
06037291210,5797,2175,3622
06037291220,3825,1099,2726
06037291300,2557,1896,661
06037292000,6563,2886,3677
06037293201,6619,3482,3137
06037293202,6527,2283,4244
06037293301,2877,2338,539
06037293302,5455,2910,2545
06037293304,4214,1544,2670
06037293306,2414,1465,949
06037293307,2668,1020,1648
06037294110,4447,678,3769
06037294120,2440,302,2138
06037294200,5481,691,4790
06037294301,2556,429,2127
06037294302,4750,497,4253
06037294410,5008,3127,1881
06037294421,3048,1029,2019
06037294510,5023,309,4714
06037294520,3796,178,3618
06037294610,4311,200,4111
06037294620,4658,254,4404
06037294701,3148,318,2830
06037294810,4315,134,4181
06037294820,3742,150,3592
06037294830,3908,206,3702
06037294900,3661,355,3306
06037295103,4890,3883,1007
06037296210,2705,631,2074
06037296220,4226,1607,2619
06037296300,4792,3178,1614
06037296401,3280,2540,740
06037296402,3099,1651,1448
06037296500,4113,995,3118
06037296600,5015,1493,3522
06037296901,3987,1444,2543
06037296902,4246,1484,2762
06037297000,5215,3433,1782
06037297110,4850,2215,2635
06037297120,3560,752,2808
06037297201,4003,1531,2472
06037297202,4107,2548,1559
06037297300,2210,1634,576
06037297400,3703,2836,867
06037297500,5193,3430,1763
06037297601,2559,1892,667
06037297602,3929,2623,1306
06037300100,5917,5349,568
06037300200,5629,5022,607
06037300301,6199,5637,562
06037300400,5767,4525,1242
06037300501,3152,2723,429
06037300502,5827,4481,1346
06037300600,9197,8241,956
06037300701,6269,5689,580
06037300702,4991,4733,258
06037300800,7836,6976,860
06037300901,6366,5943,423
06037300902,2075,1758,317
06037301000,4945,4024,921
06037301100,6547,5859,688
06037301203,4412,3748,664
06037301204,5096,4390,706
06037301205,2210,2011,199
06037301206,5474,4985,489
06037301300,1932,1781,151
06037301400,3734,3667,67
06037301501,1864,1698,166
06037301502,6921,5895,1026
06037301601,6681,5247,1434
06037301602,4290,2314,1976
06037301701,3123,2055,1068
06037301702,5862,4740,1122
06037301801,4577,3633,944
06037301802,3728,3188,540
06037301900,8099,6907,1192
06037302002,3962,3301,661
06037302003,3838,3450,388
06037302004,4453,3479,974
06037302102,5924,4702,1222
06037302103,5950,4691,1259
06037302104,4166,3089,1077
06037302201,3794,3370,424
06037302202,5157,3801,1356
06037302301,4347,3535,812
06037302302,5212,2610,2602
06037302401,6431,4423,2008
06037302503,4443,3432,1011
06037302504,4324,2902,1422
06037302505,4246,2667,1579
06037302506,3453,2603,850
06037310100,5982,5312,670
06037310201,5533,4994,539
06037310202,5023,4188,835
06037310300,2824,2558,266
06037310400,3238,2575,663
06037310501,3908,2232,1676
06037310601,6846,4736,2110
06037310602,2594,1950,644
06037310701,2374,1877,497
06037310702,7242,6061,1181
06037310703,5033,4198,835
06037310800,5288,3724,1564
06037310900,5990,4059,1931
06037311000,3953,2492,1461
06037311100,4186,2576,1610
06037311200,3244,2544,700
06037311300,3944,2844,1100
06037311400,2295,1983,312
06037311500,5492,4244,1248
06037311600,6631,5499,1132
06037311700,6069,4823,1246
06037311801,3139,1460,1679
06037311802,3755,1578,2177
06037320000,0,0,0
06037320100,7605,810,6795
06037320201,4160,239,3921
06037320202,5966,605,5361
06037320300,6665,404,6261
06037400204,6252,4791,1461
06037400205,2972,2641,331
06037400206,5402,4183,1219
06037400207,4793,3856,937
06037400302,3116,1952,1164
06037400304,7171,5023,2148
06037400402,4295,3103,1192
06037400403,4171,2791,1380
06037400404,4517,3889,628
06037400501,2110,1620,490
06037400602,4079,1329,2750
06037400603,5413,2586,2827
06037400604,3205,1662,1543
06037400800,6216,5015,1201
06037400900,4155,2733,1422
06037401001,3265,2623,642
06037401002,3958,2881,1077
06037401101,5416,3837,1579
06037401102,3025,2380,645
06037401201,3378,2250,1128
06037401202,4747,2836,1911
06037401203,5454,3490,1964
06037401303,2454,1890,564
06037401304,5800,4214,1586
06037401311,6108,3845,2263
06037401312,5643,3389,2254
06037401500,6100,3450,2650
06037401601,5247,3315,1932
06037401602,6033,3237,2796
06037401603,2671,1869,802
06037401701,4211,2936,1275
06037401703,4559,2388,2171
06037401704,6001,2496,3505
06037401800,8016,6034,1982
06037401901,4054,3299,755
06037401902,5901,4786,1115
06037402001,3292,2048,1244
06037402002,4358,2734,1624
06037402101,5266,1246,4020
06037402102,5010,2185,2825
06037402200,7311,2813,4498
06037402301,5848,1236,4612
06037402303,4129,939,3190
06037402304,4106,462,3644
06037402402,6490,2015,4475
06037402403,5397,2213,3184
06037402404,2011,1485,526
06037402405,2952,600,2352
06037402406,5085,794,4291
06037402501,5686,660,5026
06037402502,6552,1363,5189
06037402600,7153,2648,4505
06037402702,6198,960,5238
06037402703,4743,1539,3204
06037402705,3565,1044,2521
06037402706,4116,1119,2997
06037402801,5192,370,4822
06037402803,3171,362,2809
06037402804,4241,853,3388
06037402902,6704,1469,5235
06037402903,4601,938,3663
06037402904,3647,480,3167
06037403000,6849,933,5916
06037403200,724,593,131
06037403303,2820,1949,871
06037403304,5038,4201,837
06037403305,2297,2034,263
06037403312,4899,3307,1592
06037403316,6836,5557,1279
06037403317,4659,3279,1380
06037403318,6434,4331,2103
06037403319,4400,3454,946
06037403320,5171,4298,873
06037403321,6494,4399,2095
06037403322,4002,3197,805
06037403323,5395,4896,499
06037403324,6833,5994,839
06037403325,4998,4013,985
06037403401,5562,3686,1876
06037403402,3562,2748,814
06037403403,4862,4128,734
06037403404,2640,2349,291
06037403405,1696,1448,248
06037403406,2964,2224,740
06037403407,2128,1873,255
06037403408,6612,5386,1226
06037403500,1829,1289,540
06037403600,7073,3764,3309
06037403702,3684,1902,1782
06037403703,4853,2692,2161
06037403721,4829,2407,2422
06037403722,5906,1836,4070
06037403801,6393,2991,3402
06037403802,6178,2615,3563
06037403901,3400,1558,1842
06037403902,4886,3014,1872
06037404000,4888,1748,3140
06037404100,7168,1119,6049
06037404201,3731,1037,2694
06037404202,3977,1823,2154
06037404301,5695,1077,4618
06037404302,2203,537,1666
06037404401,3917,594,3323
06037404402,4740,1218,3522
06037404501,2475,424,2051
06037404503,3015,649,2366
06037404504,4731,847,3884
06037404600,1319,69,1250
06037404701,5834,1182,4652
06037404702,6054,2059,3995
06037404703,3468,366,3102
06037404801,7851,2006,5845
06037404802,4566,1688,2878
06037404803,1753,352,1401
06037404901,5712,1306,4406
06037404902,4288,1261,3027
06037404903,2948,842,2106
06037405001,6145,873,5272
06037405002,3237,419,2818
06037405101,5282,1268,4014
06037405102,4457,1484,2973
06037405201,4955,1175,3780
06037405202,5180,1149,4031
06037405203,3851,1161,2690
06037405301,3844,897,2947
06037405302,6135,2014,4121
06037405400,5360,1057,4303
06037405500,6761,2807,3954
06037405600,5679,2004,3675
06037405701,3538,1122,2416
06037405702,5077,1956,3121
06037405800,5681,2000,3681
06037405900,3809,1272,2537
06037406000,5112,1783,3329
06037406101,3421,1429,1992
06037406102,5757,2325,3432
06037406200,5792,2356,3436
06037406300,5475,3487,1988
06037406402,2331,696,1635
06037406411,2087,856,1231
06037406412,2494,1195,1299
06037406500,6465,2680,3785
06037406601,5456,2388,3068
06037406602,5774,1862,3912
06037406701,3354,1376,1978
06037406702,5906,2367,3539
06037406800,4840,2125,2715
06037406901,4974,945,4029
06037406902,3683,821,2862
06037407001,6471,818,5653
06037407002,3635,588,3047
06037407101,4917,734,4183
06037407102,5530,836,4694
06037407200,7205,806,6399
06037407301,4657,892,3765
06037407302,3889,486,3403
06037407400,2142,1074,1068
06037407501,4494,910,3584
06037407502,3984,625,3359
06037407601,4216,652,3564
06037407602,3990,576,3414
06037407701,5336,751,4585
06037407702,6818,1605,5213
06037407801,5672,1456,4216
06037407802,4210,574,3636
06037407900,6445,2292,4153
06037408003,4391,1770,2621
06037408004,2563,1473,1090
06037408005,4822,2741,2081
06037408006,3667,2073,1594
06037408133,5717,2507,3210
06037408134,2760,2177,583
06037408135,3851,2538,1313
06037408136,3792,1824,1968
06037408137,3958,2075,1883
06037408138,6046,803,5243
06037408139,3984,192,3792
06037408140,3599,431,3168
06037408141,5230,972,4258
06037408202,1998,443,1555
06037408211,5587,3693,1894
06037408212,5112,3736,1376
06037408301,5789,858,4931
06037408302,4236,892,3344
06037408303,4334,809,3525
06037408401,4117,1602,2515
06037408402,5592,2395,3197
06037408501,3178,857,2321
06037408503,6572,4443,2129
06037408504,5168,2266,2902
06037408505,2633,1488,1145
06037408623,3210,2131,1079
06037408624,3321,2437,884
06037408625,4045,2642,1403
06037408626,4558,3389,1169
06037408627,3157,2484,673
06037408628,5416,4144,1272
06037408629,2724,2262,462
06037408630,2643,605,2038
06037408631,5269,2385,2884
06037408703,6460,6043,417
06037408704,3173,2065,1108
06037408705,5463,4192,1271
06037408706,1944,1686,258
06037408722,4654,3352,1302
06037408723,2943,2084,859
06037408724,5522,2445,3077
06037408800,3953,1513,2440
06037430002,7048,4219,2829
06037430003,4494,3413,1081
06037430101,5364,2857,2507
06037430102,4886,1154,3732
06037430200,1145,994,151
06037430301,4608,3815,793
06037430302,5841,4110,1731
06037430400,4603,4092,511
06037430501,4160,3552,608
06037430502,6907,5818,1089
06037430600,4426,3843,583
06037430701,5353,4686,667
06037430721,3622,3087,535
06037430723,4663,4106,557
06037430724,4989,4423,566
06037430801,6915,5745,1170
06037430802,3966,3704,262
06037430803,5334,4518,816
06037430901,4416,2492,1924
06037430902,4697,3026,1671
06037431001,7010,3952,3058
06037431002,3342,2490,852
06037431100,7157,2965,4192
06037431200,5958,1779,4179
06037431300,2731,1917,814
06037431400,4155,3048,1107
06037431501,4509,3027,1482
06037431502,4543,3121,1422
06037431600,4011,3683,328
06037431700,6526,6278,248
06037431800,5507,4951,556
06037431900,4364,3352,1012
06037432000,8150,6547,1603
06037432101,4438,3333,1105
06037432102,5716,4485,1231
06037432201,4287,3452,835
06037432202,4363,2845,1518
06037432300,4253,2018,2235
06037432401,3776,1732,2044
06037432402,7319,3352,3967
06037432500,8933,4401,4532
06037432601,6699,2878,3821
06037432602,4811,2295,2516
06037432700,5455,1185,4270
06037432801,2747,1230,1517
06037432802,5089,1925,3164
06037432901,4565,3338,1227
06037432902,3512,1974,1538
06037433101,2433,1400,1033
06037433102,4895,2070,2825
06037433200,6246,1767,4479
06037433302,1656,317,1339
06037433304,4862,1705,3157
06037433305,5240,1384,3856
06037433306,3211,1092,2119
06037433307,3185,1058,2127
06037433401,3165,904,2261
06037433402,4216,1099,3117
06037433403,4659,943,3716
06037433501,1729,134,1595
06037433503,2853,706,2147
06037433504,4905,1057,3848
06037433601,4907,3320,1587
06037433602,2826,1973,853
06037433700,4059,802,3257
06037433801,6547,467,6080
06037433802,3310,966,2344
06037433901,5571,1503,4068
06037433902,3458,688,2770
06037434001,4363,756,3607
06037434003,4400,797,3603
06037434004,2915,215,2700
06037460000,4550,3861,689
06037460100,6130,5214,916
06037460200,5593,4863,730
06037460301,4440,3554,886
06037460302,4646,2727,1919
06037460401,1070,707,363
06037460501,5372,5009,363
06037460502,4601,4002,599
06037460600,4732,4333,399
06037460700,5071,4655,416
06037460800,3194,2882,312
06037460900,7032,3037,3995
06037461000,6629,2857,3772
06037461100,5261,3337,1924
06037461200,4612,3989,623
06037461300,6876,5875,1001
06037461400,3112,2285,827
06037461501,4164,2222,1942
06037461502,7301,3237,4064
06037461600,6173,2635,3538
06037461700,1478,1219,259
06037461901,5064,1679,3385
06037461902,1586,1248,338
06037462001,3904,1289,2615
06037462002,4328,851,3477
06037462100,5586,2535,3051
06037462201,3698,2468,1230
06037462202,2924,2729,195
06037462301,4552,2068,2484
06037462302,3052,2349,703
06037462400,4150,2813,1337
06037462500,6527,5438,1089
06037462600,2203,1750,453
06037462700,5392,2993,2399
06037462800,2663,2072,591
06037462900,3876,2924,952
06037463000,2163,1882,281
06037463101,2415,1501,914
06037463102,3744,2062,1682
06037463200,3364,2570,794
06037463300,2017,1467,550
06037463400,5477,4373,1104
06037463500,6127,5334,793
06037463601,5825,4788,1037
06037463602,5541,4835,706
06037463700,2699,2247,452
06037463800,3804,3287,517
06037463900,3388,2739,649
06037464000,5964,5169,795
06037464100,7397,6369,1028
06037464200,5927,5787,140
06037480002,3410,2792,618
06037480011,5225,3434,1791
06037480012,5112,4090,1022
06037480101,4248,3529,719
06037480102,4731,3505,1226
06037480201,4050,3049,1001
06037480202,2708,2024,684
06037480302,4661,3274,1387
06037480303,4105,2009,2096
06037480304,4277,2832,1445
06037480400,5391,3610,1781
06037480500,5065,4328,737
06037480600,8533,6702,1831
06037480702,4182,3279,903
06037480703,3339,2778,561
06037480704,4817,3725,1092
06037480802,3231,1757,1474
06037480803,3926,1762,2164
06037480804,5176,2714,2462
06037480901,5036,3105,1931
06037480902,4018,2335,1683
06037480903,2929,1941,988
06037481001,4178,2832,1346
06037481002,5952,2923,3029
06037481101,4303,2243,2060
06037481102,3782,2940,842
06037481103,4704,3107,1597
06037481201,3620,2901,719
06037481202,5754,4151,1603
06037481300,3201,2229,972
06037481401,6372,5400,972
06037481402,7009,5685,1324
06037481500,4299,3498,801
06037481603,3900,3041,859
06037481604,4086,3005,1081
06037481605,2880,2109,771
06037481606,5046,3821,1225
06037481711,4296,4074,222
06037481712,5606,4658,948
06037481713,2950,2388,562
06037481714,2499,2191,308
06037481800,2889,2197,692
06037481901,5645,3229,2416
06037481902,3241,1583,1658
06037482001,2814,2405,409
06037482002,6769,4413,2356
06037482101,4929,3493,1436
06037482102,2927,1951,976
06037482201,3892,2980,912
06037482202,5200,4096,1104
06037482301,4995,4002,993
06037482303,5845,3835,2010
06037482304,3917,1868,2049
06037482401,3973,2347,1626
06037482402,7525,4619,2906
06037482502,3079,2381,698
06037482503,4335,2784,1551
06037482521,5752,3370,2382
06037482522,4930,3157,1773
06037482600,6209,4500,1709
06037482701,4557,2017,2540
06037482702,2413,1347,1066
06037482800,4511,2318,2193
06037500100,3676,2710,966
06037500201,6193,4037,2156
06037500202,4768,2528,2240
06037500300,3268,1279,1989
06037500402,4453,214,4239
06037500403,4193,515,3678
06037500404,5066,724,4342
06037500500,2787,393,2394
06037500600,5942,300,5642
06037500700,6641,490,6151
06037500800,5532,723,4809
06037500900,6005,664,5341
06037501001,3327,153,3174
06037501002,4860,836,4024
06037501200,5354,1334,4020
06037501300,7208,1825,5383
06037501400,4225,385,3840
06037501501,2455,1246,1209
06037501503,4894,1144,3750
06037501504,3496,865,2631
06037501600,7822,3643,4179
06037501700,3760,1385,2375
06037501802,3420,822,2598
06037501803,4728,679,4049
06037501804,2006,289,1717
06037501900,4225,1229,2996
06037502003,2806,351,2455
06037502004,3981,520,3461
06037502005,4893,1648,3245
06037502100,5231,884,4347
06037502200,6450,902,5548
06037502301,6120,480,5640
06037502302,3148,248,2900
06037502401,4999,444,4555
06037502402,3784,267,3517
06037502500,4223,301,3922
06037502601,7021,546,6475
06037502602,4415,574,3841
06037502700,6692,1010,5682
06037502801,6826,1354,5472
06037502802,2550,948,1602
06037502901,5664,1297,4367
06037502902,4122,504,3618
06037503000,5527,438,5089
06037503103,5534,952,4582
06037503104,2681,433,2248
06037503105,4267,955,3312
06037503106,3469,1047,2422
06037503201,4346,1360,2986
06037503202,4775,1102,3673
06037503301,3085,1161,1924
06037503302,6615,1638,4977
06037503401,6836,3161,3675
06037503402,4292,1736,2556
06037503501,6694,1981,4713
06037503502,4222,1348,2874
06037503601,4297,2225,2072
06037503602,4000,2325,1675
06037503701,5446,2121,3325
06037503702,4989,2304,2685
06037503703,7815,6154,1661
06037503801,4134,2201,1933
06037503802,5131,2999,2132
06037503901,2983,1691,1292
06037503902,4575,2558,2017
06037504001,5701,4008,1693
06037504002,5213,2991,2222
06037504101,5281,1860,3421
06037504102,0,0,0
06037530003,3276,1320,1956
06037530004,3960,1284,2676
06037530005,4518,2967,1551
06037530006,3709,1323,2386
06037530101,5204,860,4344
06037530102,5155,1423,3732
06037530202,4614,416,4198
06037530203,2987,442,2545
06037530204,4452,466,3986
06037530301,2244,141,2103
06037530302,6969,517,6452
06037530400,3806,1082,2724
06037530500,4067,179,3888
06037530601,3429,216,3213
06037530602,1558,111,1447
06037530700,2277,68,2209
06037530801,5345,354,4991
06037530802,3460,94,3366
06037530901,3823,40,3783
06037530902,4386,256,4130
06037531000,5340,89,5251
06037531101,4677,124,4553
06037531102,3416,59,3357
06037531201,5448,85,5363
06037531202,4321,75,4246
06037531301,5323,81,5242
06037531302,7049,109,6940
06037531502,3207,68,3139
06037531503,2837,48,2789
06037531504,4449,63,4386
06037531602,4854,71,4783
06037531603,3250,168,3082
06037531604,3884,70,3814
06037531701,5217,257,4960
06037531702,4732,160,4572
06037531800,5162,165,4997
06037531901,6725,105,6620
06037531902,3912,192,3720
06037532001,3270,478,2792
06037532002,3133,417,2716
06037532101,6508,493,6015
06037532102,3768,588,3180
06037532200,6314,773,5541
06037532302,4949,73,4876
06037532303,4663,288,4375
06037532304,3939,599,3340
06037532400,88,48,40
06037532500,4016,374,3642
06037532603,2999,54,2945
06037532604,2840,32,2808
06037532605,4069,159,3910
06037532606,4755,181,4574
06037532700,3077,121,2956
06037532800,4330,290,4040
06037532900,7068,570,6498
06037533001,4433,100,4333
06037533002,2709,134,2575
06037533103,3499,117,3382
06037533104,4346,119,4227
06037533105,2549,44,2505
06037533106,1758,18,1740
06037533107,3594,74,3520
06037533201,2829,62,2767
06037533202,2616,38,2578
06037533203,1925,52,1873
06037533300,3348,80,3268
06037533401,5530,32,5498
06037533402,4004,20,3984
06037533403,2914,163,2751
06037533501,3189,44,3145
06037533502,2217,58,2159
06037533503,2205,40,2165
06037533601,4729,222,4507
06037533602,5393,119,5274
06037533603,7114,539,6575
06037533701,3815,189,3626
06037533702,3606,34,3572
06037533703,4455,60,4395
06037533803,6160,932,5228
06037533804,4570,266,4304
06037533805,3659,39,3620
06037533806,3761,178,3583
06037533901,6391,166,6225
06037533902,4075,87,3988
06037534001,5013,208,4805
06037534002,4410,294,4116
06037534101,2318,195,2123
06037534102,6539,331,6208
06037534201,4621,226,4395
06037534202,5907,303,5604
06037534203,3531,128,3403
06037534301,4491,222,4269
06037534302,3809,100,3709
06037534403,3008,105,2903
06037534404,3531,321,3210
06037534405,4269,82,4187
06037534406,4998,106,4892
06037534501,4886,152,4734
06037534502,4629,89,4540
06037534700,4717,196,4521
06037534802,3007,156,2851
06037534803,4188,190,3998
06037534804,3879,52,3827
06037534900,5896,72,5824
06037535001,4456,413,4043
06037535002,3534,288,3246
06037535101,7722,1181,6541
06037535102,5055,1149,3906
06037535200,5868,828,5040
06037535300,6046,238,5808
06037535400,3196,233,2963
06037535501,4167,92,4075
06037535502,5038,189,4849
06037535503,2401,39,2362
06037535603,3317,73,3244
06037535604,4324,24,4300
06037535605,4545,83,4462
06037535606,1943,88,1855
06037535607,4900,85,4815
06037535701,6078,76,6002
06037535702,4602,309,4293
06037535802,6568,358,6210
06037535803,4452,83,4369
06037535804,5574,190,5384
06037535901,5718,85,5633
06037535902,7186,348,6838
06037536000,3954,73,3881
06037536102,3442,693,2749
06037536103,5584,174,5410
06037536104,4288,327,3961
06037536200,7138,1040,6098
06037540000,7195,530,6665
06037540101,6670,634,6036
06037540102,6721,955,5766
06037540201,2161,86,2075
06037540202,7134,837,6297
06037540203,5804,592,5212
06037540300,5111,125,4986
06037540400,2594,470,2124
06037540501,7328,1524,5804
06037540502,6711,860,5851
06037540600,4731,1769,2962
06037540700,3462,1381,2081
06037540800,5857,2787,3070
06037540901,4565,1575,2990
06037540902,4906,3130,1776
06037541001,1049,657,392
06037541002,2963,1985,978
06037541100,2861,1593,1268
06037541200,6440,3962,2478
06037541300,5982,2212,3770
06037541400,7461,1594,5867
06037541500,5869,596,5273
06037541603,3382,621,2761
06037541604,6391,1372,5019
06037541605,5432,1474,3958
06037541606,2404,444,1960
06037541700,6334,934,5400
06037541801,5817,825,4992
06037541802,5451,806,4645
06037542000,5582,1623,3959
06037542103,4033,622,3411
06037542104,3329,589,2740
06037542105,4893,674,4219
06037542106,3395,598,2797
06037542200,7391,1654,5737
06037542401,4615,1754,2861
06037542402,3314,1101,2213
06037542501,5117,2723,2394
06037542502,4513,1892,2621
06037542601,3151,507,2644
06037542602,5448,1323,4125
06037542700,5694,1387,4307
06037542800,3092,1778,1314
06037542900,3204,848,2356
06037543000,4580,2451,2129
06037543100,6502,3424,3078
06037543201,3900,1647,2253
06037543202,5128,1373,3755
06037543304,6175,5100,1075
06037543305,3227,2117,1110
06037543306,7465,5183,2282
06037543321,5645,4814,831
06037543322,7117,6403,714
06037543400,4250,1909,2341
06037543501,7080,4683,2397
06037543502,4033,1975,2058
06037543503,5530,3876,1654
06037543601,4165,2514,1651
06037543602,8292,5090,3202
06037543603,4074,3232,842
06037543604,5755,3282,2473
06037543701,2868,1358,1510
06037543702,6853,3013,3840
06037543703,3479,1657,1822
06037543801,5395,2942,2453
06037543802,6872,4348,2524
06037543903,3715,2024,1691
06037543905,4567,1550,3017
06037544001,4566,1426,3140
06037544002,3332,1210,2122
06037550000,1648,1157,491
06037550100,7590,1481,6109
06037550201,2976,620,2356
06037550202,5827,1583,4244
06037550300,8083,2410,5673
06037550400,1419,384,1035
06037550500,7968,2164,5804
06037550601,6002,1406,4596
06037550602,4750,1375,3375
06037550700,6918,1855,5063
06037550800,7480,1574,5906
06037550901,4076,997,3079
06037550902,5946,1418,4528
06037551000,7199,2581,4618
06037551101,4026,1047,2979
06037551102,5198,1106,4092
06037551201,3668,883,2785
06037551202,7530,2013,5517
06037551300,5385,1304,4081
06037551401,4761,834,3927
06037551402,4469,1281,3188
06037551501,4818,1589,3229
06037551502,4429,1559,2870
06037551600,32,26,6
06037551700,6056,1181,4875
06037551800,7530,2385,5145
06037551900,5361,1715,3646
06037552001,4103,1168,2935
06037552002,3719,1202,2517
06037552100,5902,2229,3673
06037552200,5744,1098,4646
06037552301,4955,1697,3258
06037552302,3912,1865,2047
06037552400,2575,379,2196
06037552601,5256,582,4674
06037552602,4820,2118,2702
06037552700,7065,2082,4983
06037552800,6069,1477,4592
06037552900,7370,2582,4788
06037553000,4734,1707,3027
06037553100,6372,3371,3001
06037553200,7663,2804,4859
06037553300,3446,1036,2410
06037553400,3563,813,2750
06037553502,4167,834,3333
06037553503,2799,544,2255
06037553504,6196,802,5394
06037553601,4677,959,3718
06037553602,5133,1605,3528
06037553701,4111,141,3970
06037553702,4582,372,4210
06037553801,4832,800,4032
06037553802,5943,1505,4438
06037553901,6799,1206,5593
06037553902,5702,1356,4346
06037554001,3826,1435,2391
06037554002,6058,2357,3701
06037554101,3828,1034,2794
06037554103,1581,736,845
06037554104,2510,1131,1379
06037554105,4508,2208,2300
06037554201,4395,1824,2571
06037554203,3830,1917,1913
06037554204,4329,1909,2420
06037554301,3720,1208,2512
06037554302,4152,1743,2409
06037554403,5826,2796,3030
06037554404,4131,2346,1785
06037554405,2862,1428,1434
06037554406,4650,3335,1315
06037554511,4090,3756,334
06037554512,6137,5767,370
06037554513,2654,2422,232
06037554514,4798,4009,789
06037554515,3873,3385,488
06037554516,3820,3233,587
06037554517,4339,3978,361
06037554518,5460,4758,702
06037554519,3446,3234,212
06037554521,6166,4869,1297
06037554522,5014,4070,944
06037554600,4511,2233,2278
06037554700,4922,1042,3880
06037554801,3144,721,2423
06037554802,6132,4331,1801
06037554900,7513,5365,2148
06037555001,5407,2734,2673
06037555002,3152,1679,1473
06037555102,6594,3465,3129
06037555103,4812,3411,1401
06037555104,4326,2220,2106
06037555202,3395,2789,606
06037555211,5622,711,4911
06037555212,4739,1265,3474
06037570001,4714,3428,1286
06037570002,3033,1896,1137
06037570003,4356,2934,1422
06037570100,3144,2187,957
06037570202,6003,2259,3744
06037570203,3817,1466,2351
06037570204,3969,1598,2371
06037570301,7819,2313,5506
06037570303,4700,1838,2862
06037570304,5013,1837,3176
06037570402,3436,1779,1657
06037570403,5173,1224,3949
06037570404,3525,1042,2483
06037570501,7233,3074,4159
06037570502,6421,2862,3559
06037570601,5783,2396,3387
06037570602,6670,2993,3677
06037570603,5071,3120,1951
06037570701,6750,4653,2097
06037570702,2392,1543,849
06037570800,5616,3525,2091
06037570901,5930,4231,1699
06037570902,3724,2241,1483
06037571000,5904,4173,1731
06037571101,4512,3429,1083
06037571102,4049,3183,866
06037571200,7948,5324,2624
06037571300,4339,3269,1070
06037571400,4613,2961,1652
06037571502,4434,3101,1333
06037571503,4244,2940,1304
06037571504,4565,2994,1571
06037571600,2068,1370,698
06037571701,6164,2491,3673
06037571703,3921,2051,1870
06037571704,4213,1837,2376
06037571800,2994,2418,576
06037571900,5713,4265,1448
06037572001,5272,3811,1461
06037572002,5605,4541,1064
06037572100,1080,751,329
06037572201,6959,4283,2676
06037572202,3552,2338,1214
06037572301,3868,1481,2387
06037572302,3598,1737,1861
06037572400,1310,935,375
06037572500,3315,2569,746
06037572600,5531,2980,2551
06037572700,5322,3632,1690
06037572800,1059,907,152
06037572900,5521,1890,3631
06037573002,3731,1038,2693
06037573003,1931,1088,843
06037573004,4551,1985,2566
06037573100,7692,3656,4036
06037573201,4786,1932,2854
06037573202,6397,2367,4030
06037573300,4311,2633,1678
06037573401,1382,892,490
06037573402,6853,3768,3085
06037573403,3256,2495,761
06037573601,5942,4097,1845
06037573700,4743,3636,1107
06037573800,4359,3584,775
06037573902,2089,1761,328
06037574000,5421,4224,1197
06037574100,5119,4037,1082
06037574201,3123,2256,867
06037574202,2116,1327,789
06037574300,5788,5150,638
06037574400,5015,4166,849
06037574500,6450,5424,1026
06037574601,2206,1647,559
06037574602,1188,1019,169
06037574700,148,125,23
06037574800,2684,2498,186
06037574901,3765,3097,668
06037574902,4865,3874,991
06037575001,3640,2684,956
06037575002,4964,3514,1450
06037575101,4465,1997,2468
06037575102,4304,1735,2569
06037575103,4944,2816,2128
06037575201,4677,2213,2464
06037575202,5076,1833,3243
06037575300,5268,1915,3353
06037575401,5284,1281,4003
06037575402,4288,635,3653
06037575500,43,13,30
06037575801,2174,406,1768
06037575802,5315,1578,3737
06037575803,3018,1065,1953
06037575901,3464,1525,1939
06037575902,4697,3063,1634
06037576001,5587,4670,917
06037576200,5726,2905,2821
06037576301,4134,2080,2054
06037576302,5330,2816,2514
06037576401,5203,1630,3573
06037576402,4806,1466,3340
06037576403,5245,2233,3012
06037576501,2951,1428,1523
06037576502,4957,2653,2304
06037576503,4415,2596,1819
06037576601,4429,3179,1250
06037576602,4416,3377,1039
06037576700,3921,3040,881
06037576801,4209,2609,1600
06037576802,3852,2738,1114
06037576901,6408,2149,4259
06037576903,4012,1706,2306
06037576904,3287,1834,1453
06037577000,7219,4707,2512
06037577100,7143,5367,1776
06037577200,5374,4184,1190
06037577300,5390,4554,836
06037577400,2944,2500,444
06037577501,3516,3143,373
06037577504,1418,1282,136
06037577602,3292,3000,292
06037577603,7964,6804,1160
06037577604,1368,1137,231
06037599000,3581,1028,2553
06037599100,479,343,136
06037600100,6691,2922,3769
06037600201,4395,1560,2835
06037600202,6697,3585,3112
06037600302,2872,2112,760
06037600303,3854,1818,2036
06037600304,3412,1358,2054
06037600400,4226,3468,758
06037600501,2660,2037,623
06037600502,2194,1168,1026
06037600601,2615,2468,147
06037600602,2546,1024,1522
06037600702,4967,4181,786
06037600703,1966,1943,23
06037600704,3085,2655,430
06037600801,3466,2602,864
06037600802,2358,1999,359
06037600902,6874,3640,3234
06037600911,3351,1245,2106
06037600912,5694,1367,4327
06037601001,1949,1609,340
06037601002,5053,2913,2140
06037601100,6384,2743,3641
06037601202,3868,444,3424
06037601211,3053,1477,1576
06037601212,6470,2050,4420
06037601301,1942,1550,392
06037601302,7534,5711,1823
06037601303,4992,3531,1461
06037601401,5346,2299,3047
06037601402,5139,452,4687
06037601501,3982,651,3331
06037601502,4056,294,3762
06037601600,4356,245,4111
06037601700,5510,604,4906
06037601801,3550,106,3444
06037601802,4124,72,4052
06037601900,5171,1326,3845
06037602002,3182,659,2523
06037602003,4705,726,3979
06037602004,3753,1040,2713
06037602103,6839,1753,5086
06037602104,5760,1501,4259
06037602105,4492,1213,3279
06037602106,5466,1911,3555
06037602200,8202,4203,3999
06037602301,6436,2692,3744
06037602302,3736,2962,774
06037602402,6375,2469,3906
06037602403,5388,2286,3102
06037602404,6245,2565,3680
06037602504,4528,2520,2008
06037602505,4379,2098,2281
06037602506,4130,2140,1990
06037602507,4567,2952,1615
06037602508,7115,3600,3515
06037602509,4137,1483,2654
06037602600,8704,7003,1701
06037602700,3688,2862,826
06037602801,3519,1309,2210
06037602802,3765,2613,1152
06037602900,4236,1055,3181
06037603001,7416,4204,3212
06037603004,1466,1134,332
06037603005,5638,3110,2528
06037603006,1935,1461,474
06037603101,3997,2789,1208
06037603102,3736,2114,1622
06037603200,3320,2414,906
06037603301,3631,2804,827
06037603302,4106,2485,1621
06037603400,4423,2618,1805
06037603500,2996,1611,1385
06037603600,4294,2894,1400
06037603702,4972,3483,1489
06037603703,2575,1323,1252
06037603704,6650,2975,3675
06037603801,4763,2007,2756
06037603802,4090,1440,2650
06037603900,7734,2511,5223
06037604001,4550,1540,3010
06037604002,4855,2033,2822
06037604100,7169,2970,4199
06037609900,1977,852,1125
06037620001,3919,3173,746
06037620002,3510,2794,716
06037620101,5625,4668,957
06037620102,3847,3192,655
06037620201,1422,1249,173
06037620301,5043,4479,564
06037620303,4271,4023,248
06037620305,5742,5373,369
06037620400,5213,4896,317
06037620501,6254,5222,1032
06037620521,3963,3063,900
06037620522,4841,4120,721
06037620601,5310,4170,1140
06037620602,5518,4176,1342
06037620701,6549,5672,877
06037620702,7004,5926,1078
06037620800,8190,7304,886
06037620901,2840,2529,311
06037620904,2852,2786,66
06037621001,4540,4040,500
06037621002,1005,992,13
06037621004,4303,4055,248
06037621102,2997,2778,219
06037621104,6881,6299,582
06037621201,6292,4982,1310
06037621204,3161,2562,599
06037621301,7437,6362,1075
06037621324,3977,3391,586
06037621326,2990,2622,368
06037621400,4368,3915,453
06037650001,5985,4546,1439
06037650003,3185,2194,991
06037650004,3962,3223,739
06037650101,5912,4949,963
06037650102,2372,1747,625
06037650200,6356,4342,2014
06037650300,6890,5221,1669
06037650401,4607,4018,589
06037650501,3106,2648,458
06037650502,4280,3597,683
06037650602,7229,6510,719
06037650603,3740,3324,416
06037650604,5941,5122,819
06037650605,2755,2571,184
06037650701,2394,2041,353
06037650702,4732,4101,631
06037650800,6729,6457,272
06037650901,6147,3953,2194
06037650902,6350,4402,1948
06037651001,6191,4197,1994
06037651002,5014,3984,1030
06037651101,5191,4560,631
06037651102,3964,3234,730
06037651201,4785,4468,317
06037651221,3373,2902,471
06037651222,6081,5114,967
06037651302,6288,5721,567
06037651304,4850,4405,445
06037651401,2603,2396,207
06037651402,6295,5395,900
06037670001,3314,2369,945
06037670002,4009,2683,1326
06037670003,5535,3510,2025
06037670100,6893,5177,1716
06037670201,3810,3406,404
06037670202,2728,2375,353
06037670324,5142,4843,299
06037670326,3476,3161,315
06037670328,4964,4670,294
06037670403,2685,2546,139
06037670405,3012,2792,220
06037670406,1950,1869,81
06037670407,6201,5559,642
06037670411,4478,4267,211
06037670413,4886,4358,528
06037670416,4114,3788,326
06037670500,1760,1640,120
06037670602,7049,6577,472
06037670701,7327,5522,1805
06037670702,5367,4633,734
06037700101,5059,4503,556
06037700102,3687,3017,670
06037700200,6944,6303,641
06037700300,6309,5656,653
06037700400,5518,4970,548
06037700501,3749,3069,680
06037700502,4395,3936,459
06037700600,4722,4622,100
06037700700,3439,3333,106
06037700801,5863,5493,370
06037700802,3889,3636,253
06037700901,3892,3640,252
06037700902,7177,6616,561
06037701000,5645,5329,316
06037701100,1015,825,190
06037701201,3730,3560,170
06037701202,3312,2938,374
06037701302,4917,4441,476
06037701304,6258,5763,495
06037701402,5961,5335,626
06037701501,4917,4564,353
06037701502,4002,3409,593
06037701601,4742,4405,337
06037701602,4288,3556,732
06037701701,3370,2635,735
06037701702,3312,2241,1071
06037701801,6244,3828,2416
06037701802,4588,3130,1458
06037701902,4517,3920,597
06037702002,6374,5069,1305
06037702102,5981,5257,724
06037702201,4809,4054,755
06037702202,3951,3288,663
06037702300,6974,5977,997
06037702400,4538,3124,1414
06037702501,4486,3860,626
06037702502,4296,3717,579
06037702600,5637,4550,1087
06037702700,3869,3122,747
06037702801,5242,3641,1601
06037702802,2523,1461,1062
06037702803,3191,1905,1286
06037702901,9782,8881,901
06037703001,5990,5174,816
06037703002,7495,6998,497
06037703100,5605,4996,609
06037703200,6035,5723,312
06037800101,5509,5361,148
06037800102,6579,6076,503
06037800202,5934,5552,382
06037800203,5749,5284,465
06037800204,4703,4312,391
06037800324,6666,6364,302
06037800325,3525,3292,233
06037800326,5057,4643,414
06037800327,5587,3873,1714
06037800328,2924,2689,235
06037800329,6555,5988,567
06037800330,1097,921,176
06037800331,805,704,101
06037800332,6605,6142,463
06037800406,2816,2382,434
06037800408,7195,6585,610
06037800410,4100,3485,615
06037800504,2420,2361,59
06037800506,3243,3102,141
06037900102,666,303,363
06037900103,5937,2769,3168
06037900104,5670,2536,3134
06037900201,1033,714,319
06037900300,4686,2602,2084
06037900501,6845,3501,3344
06037900504,6370,3238,3132
06037900505,3956,2265,1691
06037900506,4579,2675,1904
06037900507,7605,4290,3315
06037900508,3612,1934,1678
06037900602,5577,1971,3606
06037900605,7870,4485,3385
06037900606,3611,2267,1344
06037900607,4003,2619,1384
06037900608,3621,2036,1585
06037900609,5523,2745,2778
06037900701,4518,3001,1517
06037900703,4004,2450,1554
06037900704,2833,2032,801
06037900705,3736,2877,859
06037900803,9373,5509,3864
06037900804,3347,1484,1863
06037900805,4435,2827,1608
06037900806,4891,3201,1690
06037900900,4006,3272,734
06037901003,5322,3027,2295
06037901004,12388,8811,3577
06037901007,2020,1456,564
06037901008,2963,1657,1306
06037901009,5773,4084,1689
06037901010,5895,3901,1994
06037901011,5053,3509,1544
06037901101,5245,3516,1729
06037901102,5430,3554,1876
06037901205,11617,9051,2566
06037901209,1323,1148,175
06037901210,1608,1297,311
06037901213,3904,3468,436
06037910001,6037,1992,4045
06037910002,7351,3268,4083
06037910101,1585,388,1197
06037910201,3579,1928,1651
06037910202,5237,3907,1330
06037910205,1324,810,514
06037910206,3598,2211,1387
06037910207,6002,3724,2278
06037910208,6277,2942,3335
06037910209,4460,3196,1264
06037910210,7148,5073,2075
06037910301,3975,2986,989
06037910302,5890,4176,1714
06037910401,6985,4053,2932
06037910402,3714,999,2715
06037910403,2287,330,1957
06037910404,4121,1299,2822
06037910501,5461,2373,3088
06037910502,3980,1270,2710
06037910504,4799,1072,3727
06037910505,3076,700,2376
06037910601,6857,2367,4490
06037910602,4002,1576,2426
06037910603,6779,1899,4880
06037910605,4958,1514,3444
06037910606,3362,1097,2265
06037910705,12622,3912,8710
06037910706,6296,1749,4547
06037910707,4787,1816,2971
06037910709,1754,861,893
06037910711,8294,2619,5675
06037910712,2630,889,1741
06037910713,5843,1751,4092
06037910714,3995,765,3230
06037910715,6430,2052,4378
06037910716,5865,2749,3116
06037910804,2914,2426,488
06037910805,4857,3928,929
06037910807,6527,4399,2128
06037910808,3305,2596,709
06037910809,2241,1875,366
06037910810,2847,2191,656
06037910811,121,121,0
06037910812,407,380,27
06037910813,3719,3075,644
06037911001,4077,2631,1446
06037920011,261,200,61
06037920012,1001,913,88
06037920013,5079,3695,1384
06037920015,6007,4926,1081
06037920016,5106,4154,952
06037920017,5022,3253,1769
06037920018,2363,1844,519
06037920020,7377,5273,2104
06037920023,2880,1187,1693
06037920026,429,372,57
06037920028,6589,4579,2010
06037920029,3353,2051,1302
06037920030,5969,3916,2053
06037920031,5798,4640,1158
06037920032,3440,2653,787
06037920033,732,430,302
06037920034,3882,2397,1485
06037920035,7931,3727,4204
06037920036,3328,1392,1936
06037920037,7542,2534,5008
06037920038,4802,2029,2773
06037920039,2075,1179,896
06037920040,3563,2593,970
06037920041,2909,1812,1097
06037920042,7313,4847,2466
06037920043,6529,4922,1607
06037920044,2870,2146,724
06037920045,4916,3795,1121
06037920102,5772,3740,2032
06037920104,2972,2400,572
06037920106,3291,1224,2067
06037920107,4802,3935,867
06037920108,4844,4116,728
06037920109,5694,4616,1078
06037920110,3367,2977,390
06037920111,3059,2425,634
06037920112,3984,3293,691
06037920114,6742,5553,1189
06037920115,4044,3054,990
06037920116,5213,4147,1066
06037920118,6226,4300,1926
06037920119,2051,1538,513
06037920200,5799,2422,3377
06037920303,1542,1101,441
06037920312,5654,3991,1663
06037920313,5724,3644,2080
06037920314,2983,2285,698
06037920322,2905,2298,607
06037920326,6972,5964,1008
06037920328,2045,1843,202
06037920329,5561,4487,1074
06037920330,5823,4177,1646
06037920331,4203,3455,748
06037920332,2474,1872,602
06037920334,6177,4937,1240
06037920336,6477,1379,5098
06037920337,7947,2286,5661
06037920338,6167,5097,1070
06037920339,7514,6461,1053
06037930101,111,64,47
06037930200,485,318,167
06037930301,788,630,158
06037980001,0,0,0
06037980002,0,0,0
06037980003,0,0,0
06037980004,0,0,0
06037980005,0,0,0
06037980006,0,0,0
06037980007,0,0,0
06037980008,73,0,73
06037980009,5,4,1
06037980010,150,89,61
06037980013,0,0,0
06037980014,0,0,0
06037980015,329,257,72
06037980018,0,0,0
06037980019,197,197,0
06037980020,0,0,0
06037980021,0,0,0
06037980022,0,0,0
06037980023,9,0,9
06037980024,237,206,31
06037980025,0,0,0
06037980026,41,25,16
06037980028,0,0,0
06037980030,0,0,0
06037980031,1124,790,334
06037980033,0,0,0
06037990100,0,0,0
06037990200,0,0,0
06037990300,0,0,0
06039000102,4063,3461,602
06039000103,5088,4342,746
06039000104,4058,3830,228
06039000106,5160,4602,558
06039000108,6584,6387,197
06039000109,2179,1818,361
06039000201,8319,4677,3642
06039000202,6026,3238,2788
06039000300,8889,4253,4636
06039000400,1553,382,1171
06039000502,11719,2196,9523
06039000503,8773,3746,5027
06039000506,6678,1699,4979
06039000507,11500,3873,7627
06039000508,7460,3152,4308
06039000509,5955,4437,1518
06039000602,4339,482,3857
06039000603,5914,787,5127
06039000604,5836,417,5419
06039000700,12191,4925,7266
06039000800,6691,1227,5464
06039000900,9403,828,8575
06039001000,4988,2342,2646
06041101100,2717,2656,61
06041101200,3023,2184,839
06041102100,2319,2152,167
06041102202,6508,4955,1553
06041102203,5741,3714,2027
06041103100,7791,7485,306
06041103200,6772,5902,870
06041104101,8276,6972,1304
06041104102,5485,3562,1923
06041104200,5526,4749,777
06041104300,1624,1529,95
06041105000,6394,4809,1585
06041106001,4237,3774,463
06041106002,6810,5135,1675
06041107000,6719,6191,528
06041108100,6789,6217,572
06041108200,6756,5694,1062
06041109001,4008,2988,1020
06041109002,4124,3936,188
06041110100,5824,5090,734
06041110200,5138,4794,344
06041111000,5876,4442,1434
06041112100,5125,3229,1896
06041112201,7446,997,6449
06041112202,4670,1575,3095
06041113000,3669,3447,222
06041114100,5214,5008,206
06041114200,3121,2835,286
06041115000,7177,6678,499
06041116000,3227,3099,128
06041117000,4536,4348,188
06041118100,2385,2280,105
06041119100,5056,4845,211
06041119201,3336,2889,447
06041119202,3462,3259,203
06041120000,6334,6018,316
06041121100,5201,4380,821
06041121200,5985,5615,370
06041122000,2912,2006,906
06041123000,2023,1945,78
06041124100,5401,4944,457
06041124200,5969,5621,348
06041125000,4644,4297,347
06041126100,5814,5449,365
06041126200,4393,3929,464
06041127000,4756,4332,424
06041128100,6443,6185,258
06041128200,4599,4369,230
06041129000,2731,1888,843
06041130201,3515,3310,205
06041130202,4140,3830,310
06041131100,1112,1106,6
06041132100,1956,1867,89
06041132200,1672,1433,239
06041133000,2877,2472,405
06041990100,0,0,0
06043000101,3721,3338,383
06043000102,2577,2427,150
06043000200,3008,2549,459
06043000301,3612,3259,353
06043000302,2640,2454,186
06043000400,2087,1829,258
06045010100,2578,2103,475
06045010200,3454,3076,378
06045010300,4288,3722,566
06045010400,3213,2408,805
06045010500,4528,2833,1695
06045010600,6412,5858,554
06045010700,6568,5320,1248
06045010801,6244,4738,1506
06045010802,1926,1675,251
06045010900,5044,3083,1961
06045011001,1799,1663,136
06045011002,5600,4940,660
06045011102,3874,2990,884
06045011200,2838,1677,1161
06045011300,5703,3695,2008
06045011400,4384,3837,547
06045011500,6616,4460,2156
06045011600,5814,3252,2562
06045011700,4355,3417,938
06045011800,2171,1707,464
06045990100,0,0,0
06047000201,3435,1386,2049
06047000202,1746,625,1121
06047000203,9472,2270,7202
06047000301,5221,1423,3798
06047000303,2177,1123,1054
06047000304,9608,2775,6833
06047000401,1625,928,697
06047000402,8166,6331,1835
06047000503,3231,1849,1382
06047000504,6640,1247,5393
06047000505,6588,2819,3769
06047000601,4938,1875,3063
06047000602,4106,1757,2349
06047000603,5960,2747,3213
06047000701,3256,1300,1956
06047000702,5227,3595,1632
06047000801,5590,2832,2758
06047000802,4184,2102,2082
06047000901,3699,1904,1795
06047000902,9755,4937,4818
06047001002,14922,9779,5143
06047001003,4455,1889,2566
06047001004,3618,2143,1475
06047001005,2166,1081,1085
06047001101,5917,3569,2348
06047001200,5449,3169,2280
06047001301,2870,1356,1514
06047001302,2950,1527,1423
06047001401,4486,2371,2115
06047001402,5096,2716,2380
06047001501,2821,1116,1705
06047001502,2737,463,2274
06047001503,4850,1390,3460
06047001601,3916,692,3224
06047001602,7613,2801,4812
06047001700,6519,2688,3831
06047001801,5349,3225,2124
06047001901,5631,647,4984
06047001902,2378,602,1776
06047002000,7644,3115,4529
06047002100,4229,1480,2749
06047002201,5541,1212,4329
06047002202,9868,2385,7483
06047002301,6899,3563,3336
06047002302,15009,4136,10873
06047002401,1531,781,750
06047002402,8342,2241,6101
06047002500,2223,1533,690
06047002600,5348,3031,2317
06049000100,3440,3065,375
06049000200,1504,1254,250
06049000300,2857,2251,606
06049000400,1232,1128,104
06051000101,3276,2823,453
06051000102,2740,2152,588
06051000200,8035,5211,2824
06053000101,2108,598,1510
06053000102,9923,2883,7040
06053000103,3910,1535,2375
06053000104,3688,1013,2675
06053000200,7670,1167,6503
06053000300,4605,1311,3294
06053000400,7526,2185,5341
06053000501,4399,131,4268
06053000502,4143,443,3700
06053000600,7190,347,6843
06053000701,5972,189,5783
06053000702,6169,48,6121
06053000800,5645,101,5544
06053000900,5367,233,5134
06053001200,3070,1863,1207
06053001300,2786,374,2412
06053001400,2639,1415,1224
06053001500,5940,3262,2678
06053001600,2772,1506,1266
06053001700,3841,1215,2626
06053001801,4215,1798,2417
06053001802,5008,1129,3879
06053010101,4941,560,4381
06053010102,3636,1958,1678
06053010202,5117,2323,2794
06053010305,4645,2955,1690
06053010306,1448,664,784
06053010400,6978,692,6286
06053010501,6148,3308,2840
06053010504,4945,1601,3344
06053010505,6236,1609,4627
06053010506,4727,1112,3615
06053010603,7224,3340,3884
06053010604,5947,1270,4677
06053010605,4638,476,4162
06053010606,7233,1486,5747
06053010607,4615,206,4409
06053010608,3181,521,2660
06053010701,6369,5339,1030
06053010702,3531,3136,395
06053010804,5730,312,5418
06053010900,9130,5161,3969
06053011000,6057,5120,937
06053011101,5271,732,4539
06053011102,12446,2045,10401
06053011202,7067,945,6122
06053011203,7234,682,6552
06053011204,3888,540,3348
06053011302,5635,693,4942
06053011303,3995,1732,2263
06053011304,7207,603,6604
06053011400,4844,3254,1590
06053011502,1514,1052,462
06053011602,5573,5223,350
06053011604,1710,1673,37
06053011700,4126,3670,456
06053011801,2171,2025,146
06053011802,1681,1376,305
06053011900,4714,4278,436
06053012000,3977,3491,486
06053012100,2106,1845,261
06053012200,2623,2419,204
06053012302,1992,1816,176
06053012401,1649,1452,197
06053012402,3199,2710,489
06053012502,4994,4018,976
06053012600,2215,1779,436
06053012700,3699,3316,383
06053012800,5272,4624,648
06053013000,3431,2998,433
06053013100,1726,1509,217
06053013200,3995,3644,351
06053013300,6108,4204,1904
06053013400,1683,1431,252
06053013500,4899,3277,1622
06053013600,4314,1703,2611
06053013700,4894,1441,3453
06053013800,5744,3404,2340
06053013900,2780,1697,1083
06053014000,2621,1244,1377
06053014102,2268,1720,548
06053014104,1874,1289,585
06053014105,3035,2323,712
06053014107,7806,5483,2323
06053014201,5811,3719,2092
06053014202,4393,3394,999
06053014301,3352,2699,653
06053014302,4273,3363,910
06053014500,4530,2217,2313
06053014601,5613,984,4629
06053014700,6999,2693,4306
06053014800,6150,793,5357
06053980000,38,0,38
06053990000,0,0,0
06055200201,3364,1909,1455
06055200202,3038,1751,1287
06055200203,2334,1405,929
06055200301,5230,2385,2845
06055200302,2794,1623,1171
06055200400,4204,3182,1022
06055200501,5294,2406,2888
06055200503,1723,908,815
06055200504,6401,3524,2877
06055200505,2994,1519,1475
06055200601,5249,3201,2048
06055200602,4215,3015,1200
06055200703,2734,2519,215
06055200704,5215,2753,2462
06055200705,2838,1701,1137
06055200706,3334,2448,886
06055200707,3071,2304,767
06055200802,5421,4085,1336
06055200803,2092,1577,515
06055200804,6004,1738,4266
06055200900,767,658,109
06055201003,5105,3979,1126
06055201004,6483,4787,1696
06055201005,2255,1726,529
06055201006,3226,2177,1049
06055201007,4409,3102,1307
06055201101,2226,1967,259
06055201102,1849,1699,150
06055201200,4834,3238,1596
06055201300,2991,2654,337
06055201401,3178,3019,159
06055201402,3097,2821,276
06055201403,626,511,115
06055201500,2098,1382,716
06055201601,2515,1527,988
06055201602,3480,2844,636
06055201700,5963,4657,1306
06055201800,1681,1331,350
06055201900,1210,927,283
06055202000,5281,2700,2581
06057000102,6502,6242,260
06057000103,7639,7085,554
06057000104,3191,3098,93
06057000105,2615,2307,308
06057000200,2531,2396,135
06057000300,2426,2230,196
06057000401,5978,5568,410
06057000402,6746,6068,678
06057000501,6071,5520,551
06057000502,4898,4289,609
06057000600,6677,6079,598
06057000701,7327,6962,365
06057000702,3948,3832,116
06057000801,5133,4884,249
06057000802,6436,5712,724
06057000900,4130,3952,178
06057001203,2824,2671,153
06057001204,2352,2160,192
06057001205,5043,4860,183
06057001206,6172,3705,2467
06059001101,4599,2501,2098
06059001102,3090,1537,1553
06059001103,4367,1771,2596
06059001201,5360,1157,4203
06059001202,3941,591,3350
06059001301,6629,4056,2573
06059001303,6056,2435,3621
06059001304,3786,945,2841
06059001401,5000,1868,3132
06059001402,5782,2303,3479
06059001403,3219,1710,1509
06059001404,4116,868,3248
06059001501,6253,5054,1199
06059001503,5609,3710,1899
06059001504,4647,3027,1620
06059001505,7197,5479,1718
06059001506,4229,3058,1171
06059001507,4798,3344,1454
06059001601,8315,6799,1516
06059001602,4872,4185,687
06059001704,7641,6997,644
06059001705,4400,2421,1979
06059001706,3748,3308,440
06059001707,7427,6429,998
06059001708,3389,2719,670
06059001801,5199,1778,3421
06059001802,8060,3096,4964
06059001901,2870,1356,1514
06059001902,3016,1578,1438
06059001903,3637,1403,2234
06059011000,6130,4458,1672
06059011101,4587,1558,3029
06059011102,4527,2105,2422
06059011200,3856,2490,1366
06059011300,5309,3933,1376
06059011401,2031,1515,516
06059011402,2335,1916,419
06059011403,6044,2794,3250
06059011502,3874,2086,1788
06059011503,1726,1425,301
06059011504,6283,4318,1965
06059011601,7800,2125,5675
06059011602,5349,1083,4266
06059011707,6346,5078,1268
06059011708,4177,3033,1144
06059011709,4511,3820,691
06059011710,3654,2824,830
06059011711,8272,4792,3480
06059011712,5186,3001,2185
06059011714,991,458,533
06059011715,6404,4900,1504
06059011716,5373,3896,1477
06059011717,3170,2509,661
06059011718,3208,2625,583
06059011720,7001,772,6229
06059011721,5022,1407,3615
06059011722,2494,1495,999
06059021802,7023,5215,1808
06059021807,3849,2765,1084
06059021809,3061,2481,580
06059021810,4185,2637,1548
06059021812,6156,4573,1583
06059021813,102,45,57
06059021814,6831,4941,1890
06059021815,8330,6799,1531
06059021816,5166,4316,850
06059021817,3932,2858,1074
06059021820,4530,3743,787
06059021821,7109,4710,2399
06059021822,9455,8623,832
06059021823,3725,3099,626
06059021824,2699,2348,351
06059021825,3201,2572,629
06059021826,2902,2295,607
06059021827,3255,2535,720
06059021828,4498,3764,734
06059021829,5435,4885,550
06059021830,5638,4993,645
06059021903,3969,2961,1008
06059021905,5515,4266,1249
06059021912,4381,3787,594
06059021913,7941,2796,5145
06059021914,4070,2914,1156
06059021915,3948,3204,744
06059021916,3323,2990,333
06059021917,3317,2699,618
06059021918,4757,3527,1230
06059021919,2788,2053,735
06059021920,6789,5764,1025
06059021921,4548,3920,628
06059021922,4621,3929,692
06059021923,6830,6027,803
06059021924,4266,3307,959
06059032002,6485,5269,1216
06059032003,4861,4089,772
06059032011,1646,1382,264
06059032012,4139,3200,939
06059032013,5202,4897,305
06059032014,5626,2827,2799
06059032015,6845,5562,1283
06059032020,5803,4834,969
06059032022,6828,3601,3227
06059032023,14327,12866,1461
06059032027,6827,4147,2680
06059032028,3120,2399,721
06059032029,4568,3838,730
06059032030,3745,2935,810
06059032031,3553,2929,624
06059032032,3027,2476,551
06059032033,3652,2937,715
06059032034,5881,5128,753
06059032035,2509,2210,299
06059032036,4153,3089,1064
06059032037,5288,4946,342
06059032038,6528,5767,761
06059032039,6978,5864,1114
06059032040,2664,2453,211
06059032041,1032,863,169
06059032042,5867,5018,849
06059032043,3781,3378,403
06059032044,5858,5252,606
06059032045,3139,2727,412
06059032046,5848,5396,452
06059032047,4118,3353,765
06059032048,5174,4527,647
06059032049,9883,8537,1346
06059032050,4836,4055,781
06059032051,4620,2947,1673
06059032053,8303,7274,1029
06059032054,5471,4422,1049
06059032055,3846,2458,1388
06059032056,7758,6331,1427
06059032057,8195,7032,1163
06059032058,7708,6516,1192
06059032059,10693,8590,2103
06059032061,4228,3918,310
06059042103,7826,6446,1380
06059042106,1320,1250,70
06059042107,4390,2115,2275
06059042108,4928,3516,1412
06059042109,5076,4214,862
06059042111,6079,5478,601
06059042112,6429,5598,831
06059042113,4111,3502,609
06059042114,4259,3476,783
06059042201,5320,4005,1315
06059042203,7318,6469,849
06059042205,7175,5592,1583
06059042206,3169,2552,617
06059042305,3434,3163,271
06059042307,6884,5392,1492
06059042310,8931,5576,3355
06059042311,5695,4532,1163
06059042312,9728,3020,6708
06059042313,7651,5478,2173
06059042315,5910,4515,1395
06059042317,3251,3049,202
06059042319,3223,2607,616
06059042320,5742,4416,1326
06059042323,4527,4317,210
06059042324,4661,4255,406
06059042325,3742,3396,346
06059042326,4838,3993,845
06059042327,4694,4032,662
06059042328,2363,2128,235
06059042329,4040,3475,565
06059042330,6596,4229,2367
06059042331,5721,4081,1640
06059042332,5223,4750,473
06059042333,3847,3703,144
06059042334,5061,4060,1001
06059042335,6483,5845,638
06059042336,4680,4362,318
06059042337,3585,3303,282
06059042338,4659,4169,490
06059042339,3623,2780,843
06059052404,895,610,285
06059052408,6318,5712,606
06059052410,5444,4197,1247
06059052411,5327,3329,1998
06059052415,4263,3805,458
06059052416,4325,2496,1829
06059052417,10214,9243,971
06059052418,17708,16354,1354
06059052419,3524,3306,218
06059052420,22727,21623,1104
06059052421,5336,4890,446
06059052422,4589,3903,686
06059052423,6071,4616,1455
06059052424,5165,4117,1048
06059052425,6012,4717,1295
06059052426,11957,11085,872
06059052427,5425,4784,641
06059052428,6520,5668,852
06059052502,6271,4693,1578
06059052505,5199,4287,912
06059052506,2465,2175,290
06059052511,5940,5614,326
06059052513,5844,5407,437
06059052514,5743,5101,642
06059052515,9353,8350,1003
06059052517,12088,11460,628
06059052518,5223,4786,437
06059052519,4407,4120,287
06059052520,3552,3322,230
06059052521,5339,4415,924
06059052522,4317,3945,372
06059052523,4099,3669,430
06059052524,9043,6069,2974
06059052525,16934,15409,1525
06059052526,4598,3900,698
06059052527,9294,8685,609
06059052528,3990,2994,996
06059062604,15571,14432,1139
06059062605,3039,2791,248
06059062610,8632,7742,890
06059062611,4532,4035,497
06059062612,8436,8082,354
06059062614,16942,13243,3699
06059062619,3964,3604,360
06059062620,5172,4898,274
06059062621,7606,6516,1090
06059062622,3946,3709,237
06059062625,4384,2536,1848
06059062626,3233,2705,528
06059062627,3587,3097,490
06059062628,3659,3246,413
06059062629,2750,2649,101
06059062630,1937,1847,90
06059062631,3136,3019,117
06059062632,3668,3421,247
06059062633,6623,5971,652
06059062634,5551,4866,685
06059062635,4308,3593,715
06059062636,3920,3166,754
06059062637,4407,3566,841
06059062638,6473,5351,1122
06059062639,7913,7190,723
06059062640,3749,3071,678
06059062641,5223,3950,1273
06059062642,2646,2503,143
06059062643,6878,6646,232
06059062644,8939,8250,689
06059062645,6681,6183,498
06059062646,3730,3613,117
06059062647,4426,3582,844
06059062648,2633,2543,90
06059062649,3206,2811,395
06059062701,2652,2398,254
06059062702,4561,4031,530
06059062800,4065,3763,302
06059062900,1519,1442,77
06059063004,6535,6088,447
06059063005,1314,1279,35
06059063006,2863,2731,132
06059063007,6255,5848,407
06059063008,830,792,38
06059063009,1721,1611,110
06059063010,7376,7043,333
06059063101,3010,2258,752
06059063102,6836,5452,1384
06059063103,2533,2162,371
06059063201,3937,3111,826
06059063202,3844,3158,686
06059063301,3012,2543,469
06059063302,4022,3715,307
06059063400,4780,4555,225
06059063500,6888,6174,714
06059063601,3962,2674,1288
06059063603,6286,5008,1278
06059063604,3812,1672,2140
06059063605,5537,1393,4144
06059063701,5789,1180,4609
06059063702,5689,2597,3092
06059063802,2923,2098,825
06059063803,4478,3105,1373
06059063805,2522,2155,367
06059063806,3941,3029,912
06059063807,4747,3585,1162
06059063808,6050,1567,4483
06059063902,7050,4981,2069
06059063903,3949,2379,1570
06059063904,4935,2755,2180
06059063905,4617,3643,974
06059063906,6131,3193,2938
06059063907,8253,7102,1151
06059063908,5588,4226,1362
06059074003,4023,1480,2543
06059074004,8541,3635,4906
06059074005,7843,1982,5861
06059074006,5729,1869,3860
06059074102,6884,1055,5829
06059074103,5164,559,4605
06059074106,6784,2156,4628
06059074107,6564,3992,2572
06059074108,4906,618,4288
06059074109,3588,458,3130
06059074110,3969,2150,1819
06059074111,5727,2153,3574
06059074200,9300,599,8701
06059074300,4093,221,3872
06059074403,6038,319,5719
06059074405,5921,595,5326
06059074406,3353,353,3000
06059074407,5800,955,4845
06059074408,6006,1008,4998
06059074501,7184,551,6633
06059074502,5804,350,5454
06059074601,7631,640,6991
06059074602,8225,195,8030
06059074701,8385,776,7609
06059074702,6247,329,5918
06059074801,6325,397,5928
06059074802,7179,826,6353
06059074803,8778,2367,6411
06059074805,5542,236,5306
06059074806,5119,405,4714
06059074901,10341,462,9879
06059074902,6281,246,6035
06059075002,8236,1035,7201
06059075003,7191,286,6905
06059075004,5321,329,4992
06059075100,10209,2411,7798
06059075201,6147,622,5525
06059075202,5726,528,5198
06059075301,6400,2134,4266
06059075302,4596,903,3693
06059075303,3207,1584,1623
06059075401,4125,2200,1925
06059075403,7288,2450,4838
06059075404,6565,2426,4139
06059075405,3232,1457,1775
06059075504,4230,2884,1346
06059075505,3715,2310,1405
06059075506,3505,2567,938
06059075507,5623,2990,2633
06059075512,4174,1993,2181
06059075513,5390,2104,3286
06059075514,3786,1199,2587
06059075515,18116,11125,6991
06059075603,3961,3193,768
06059075604,7988,6962,1026
06059075605,5484,4794,690
06059075606,7123,6469,654
06059075607,5870,5291,579
06059075701,7433,4094,3339
06059075702,3589,3193,396
06059075703,4283,3860,423
06059075805,4623,2498,2125
06059075806,6855,3358,3497
06059075807,3935,2271,1664
06059075808,3259,2424,835
06059075809,2896,2656,240
06059075810,3145,2834,311
06059075811,3128,1447,1681
06059075812,6681,3261,3420
06059075813,4758,3672,1086
06059075814,2946,2566,380
06059075815,5134,3240,1894
06059075816,3865,2007,1858
06059075901,4071,2536,1535
06059075902,6762,4091,2671
06059076000,8720,4365,4355
06059076101,10140,5574,4566
06059076102,7818,4308,3510
06059076103,8878,3485,5393
06059076201,7461,5160,2301
06059076202,6065,3850,2215
06059076204,4767,1314,3453
06059076205,7287,4777,2510
06059076206,4618,2801,1817
06059076208,5670,3516,2154
06059086301,7070,1976,5094
06059086303,6817,3828,2989
06059086304,5072,2251,2821
06059086305,4394,2519,1875
06059086306,4616,2128,2488
06059086402,5354,1739,3615
06059086404,7063,1491,5572
06059086405,7686,1310,6376
06059086406,4279,1628,2651
06059086407,6600,2597,4003
06059086501,4838,785,4053
06059086502,6355,880,5475
06059086601,10111,1693,8418
06059086602,6743,2265,4478
06059086701,9404,4500,4904
06059086702,7322,2076,5246
06059086801,3541,2090,1451
06059086802,5820,2573,3247
06059086803,8948,5017,3931
06059086901,8498,4402,4096
06059086902,5614,3984,1630
06059086903,7180,2768,4412
06059087001,4769,2446,2323
06059087002,7881,3780,4101
06059087101,4861,2983,1878
06059087102,6061,2344,3717
06059087103,7733,4218,3515
06059087105,4084,2249,1835
06059087106,5111,1441,3670
06059087200,7954,3264,4690
06059087300,9432,3155,6277
06059087401,4782,2025,2757
06059087403,3244,411,2833
06059087404,4246,390,3856
06059087405,6110,639,5471
06059087503,6607,2633,3974
06059087504,7504,1479,6025
06059087505,5256,1898,3358
06059087601,5283,2166,3117
06059087602,7108,3502,3606
06059087701,5756,3245,2511
06059087703,5957,3320,2637
06059087704,4955,3406,1549
06059087801,5501,3224,2277
06059087802,7944,3910,4034
06059087803,5329,1697,3632
06059087805,6988,3019,3969
06059087806,5740,2698,3042
06059087901,3522,2131,1391
06059087902,6231,2622,3609
06059088001,4609,2965,1644
06059088002,3872,2711,1161
06059088101,2272,1327,945
06059088104,4860,2993,1867
06059088105,4635,3154,1481
06059088106,5360,3380,1980
06059088107,6166,4569,1597
06059088201,4176,2416,1760
06059088202,3068,2337,731
06059088203,5087,3427,1660
06059088301,7003,3939,3064
06059088302,6355,4957,1398
06059088401,5964,3306,2658
06059088402,5104,2138,2966
06059088403,7816,3513,4303
06059088501,6578,2895,3683
06059088502,5207,2637,2570
06059088601,6952,4570,2382
06059088602,4497,2892,1605
06059088701,6079,3624,2455
06059088702,6245,4338,1907
06059088801,7561,5763,1798
06059088802,5314,3532,1782
06059088901,6842,5851,991
06059088902,4625,3248,1377
06059088903,8921,6842,2079
06059088904,5673,5098,575
06059088905,5864,4863,1001
06059089001,7466,4542,2924
06059089003,3949,1701,2248
06059089004,7809,3221,4588
06059089102,7038,2435,4603
06059089104,6034,1358,4676
06059089105,6402,636,5766
06059089106,4417,1381,3036
06059089107,5225,2365,2860
06059099202,8393,3875,4518
06059099203,6591,4313,2278
06059099204,4448,3906,542
06059099212,5284,3692,1592
06059099214,3629,3212,417
06059099215,5082,4133,949
06059099216,4243,3531,712
06059099217,2433,2171,262
06059099220,5545,4750,795
06059099222,5610,4678,932
06059099223,4604,4071,533
06059099224,3574,3148,426
06059099225,3314,3143,171
06059099226,4469,3801,668
06059099227,6043,3985,2058
06059099229,6210,5060,1150
06059099230,4643,4055,588
06059099231,5543,5080,463
06059099232,5613,4922,691
06059099233,3186,2840,346
06059099234,3610,3109,501
06059099235,4477,3523,954
06059099237,3643,3251,392
06059099238,4217,3729,488
06059099239,3733,3404,329
06059099240,5216,4460,756
06059099241,4330,3401,929
06059099242,3750,2560,1190
06059099243,4301,3863,438
06059099244,3478,3165,313
06059099245,2944,2642,302
06059099246,3587,3182,405
06059099247,3585,2024,1561
06059099248,5444,1678,3766
06059099249,4552,785,3767
06059099250,2981,2146,835
06059099251,5784,4517,1267
06059099305,7909,5322,2587
06059099306,6209,4995,1214
06059099307,2571,2257,314
06059099308,6155,5494,661
06059099309,5481,4886,595
06059099310,4450,3882,568
06059099311,3635,3104,531
06059099402,8760,2658,6102
06059099404,4541,4008,533
06059099405,4471,3685,786
06059099406,4757,4149,608
06059099407,2464,2054,410
06059099408,4422,3854,568
06059099410,4785,3317,1468
06059099411,5505,3504,2001
06059099412,4883,4142,741
06059099413,8209,6656,1553
06059099415,5675,5087,588
06059099416,4801,3748,1053
06059099417,4446,3924,522
06059099502,466,317,149
06059099504,2735,2416,319
06059099506,987,852,135
06059099508,4735,3980,755
06059099509,3333,3114,219
06059099510,4516,4230,286
06059099511,3132,2551,581
06059099512,3305,2757,548
06059099513,2302,2051,251
06059099514,4735,4370,365
06059099601,7183,4591,2592
06059099602,3293,2711,582
06059099603,6618,5495,1123
06059099604,4021,3067,954
06059099605,3874,3173,701
06059099701,6506,5229,1277
06059099702,8100,6066,2034
06059099703,5392,4888,504
06059099801,5845,3685,2160
06059099802,5065,3553,1512
06059099803,5473,4067,1406
06059099902,4726,3433,1293
06059099903,5731,3600,2131
06059099904,6789,3964,2825
06059099905,4587,2705,1882
06059099906,4889,3900,989
06059110001,4515,3769,746
06059110003,3320,2652,668
06059110004,5105,4430,675
06059110005,3081,2452,629
06059110006,3186,2772,414
06059110007,4880,4191,689
06059110008,4460,3872,588
06059110010,5110,4035,1075
06059110011,2798,2328,470
06059110012,5062,4373,689
06059110014,5136,3442,1694
06059110015,3444,2893,551
06059110102,5730,4872,858
06059110104,5668,4368,1300
06059110106,3701,2929,772
06059110108,2895,2397,498
06059110109,5581,4850,731
06059110110,5744,3937,1807
06059110111,6048,4669,1379
06059110113,2257,1929,328
06059110114,4767,3881,886
06059110115,3553,3028,525
06059110116,4964,4151,813
06059110117,6271,5445,826
06059110118,2614,2318,296
06059110201,8002,5834,2168
06059110202,7764,5238,2526
06059110203,5041,3939,1102
06059110301,7587,5319,2268
06059110302,5895,3093,2802
06059110303,4988,3103,1885
06059110304,4709,3500,1209
06059110401,5368,3436,1932
06059110402,5722,2698,3024
06059110500,8617,3498,5119
06059110603,9301,3292,6009
06059110604,7631,6334,1297
06059110605,6869,6087,782
06059110606,4732,1817,2915
06059110607,4233,3027,1206
06059980000,25,7,18
06059990100,0,0,0
06061020104,1025,963,62
06061020105,910,888,22
06061020106,1549,1095,454
06061020107,2974,1718,1256
06061020200,6390,5887,503
06061020300,4399,3602,797
06061020401,2272,2126,146
06061020402,3836,3638,198
06061020501,2924,2780,144
06061020502,4396,4246,150
06061020601,7238,6738,500
06061020602,8259,7678,581
06061020604,6477,5917,560
06061020605,6136,5720,416
06061020606,4170,3907,263
06061020710,4448,4136,312
06061020711,4157,3680,477
06061020712,3968,2975,993
06061020713,3270,2543,727
06061020714,4101,3686,415
06061020715,3164,2831,333
06061020717,3434,2989,445
06061020805,4387,3480,907
06061020806,3896,2858,1038
06061020901,2525,1446,1079
06061020908,7193,4575,2618
06061021003,5956,4921,1035
06061021034,4415,3977,438
06061021035,7696,6907,789
06061021037,2131,1923,208
06061021038,7360,6263,1097
06061021039,1723,1621,102
06061021040,3155,2963,192
06061021043,3364,3009,355
06061021044,6171,5621,550
06061021045,3158,2291,867
06061021046,4344,3685,659
06061021103,3553,3058,495
06061021106,2123,2000,123
06061021108,2841,2308,533
06061021109,5423,4979,444
06061021122,3423,3110,313
06061021123,7525,6969,556
06061021128,3015,2591,424
06061021129,3314,2773,541
06061021130,2813,2262,551
06061021131,5345,4815,530
06061021203,7352,6891,461
06061021204,2684,2430,254
06061021304,5144,4575,569
06061021309,11448,9878,1570
06061021322,14494,12653,1841
06061021401,2311,1661,650
06061021403,7230,3949,3281
06061021501,6409,5421,988
06061021502,3634,3301,333
06061021603,4627,3365,1262
06061021604,4033,3581,452
06061021801,4736,4413,323
06061021802,6221,5445,776
06061021901,2478,2272,206
06061021902,4485,4202,283
06061022002,7582,6806,776
06061022011,1550,1432,118
06061022013,2594,2513,81
06061022014,1194,1139,55
06061022100,712,690,22
06061022200,720,681,39
06061022300,465,463,2
06061022400,4492,3929,563
06061022500,5155,4612,543
06061022600,5084,4446,638
06061022800,4389,3806,583
06061022900,5492,4473,1019
06061023000,3311,2903,408
06061023100,8313,7503,810
06061023200,5803,5106,697
06061023300,5151,4184,967
06061023400,4893,4035,858
06061023500,5794,4707,1087
06061023600,4282,4011,271
06061023700,3347,3206,141
06061023800,3304,3177,127
06061023900,3312,2660,652
06061990000,0,0,0
06063000100,5597,5183,414
06063000201,1445,1335,110
06063000202,890,793,97
06063000300,3966,3361,605
06063000400,2685,2504,181
06063000501,2200,2106,94
06063000502,1971,1894,77
06065030101,1281,440,841
06065030103,2332,831,1501
06065030104,7904,2569,5335
06065030200,4561,3060,1501
06065030300,4174,2089,2085
06065030400,6295,996,5299
06065030501,4547,1495,3052
06065030502,2341,293,2048
06065030503,3675,531,3144
06065030601,5719,4674,1045
06065030602,3448,2774,674
06065030603,3244,2543,701
06065030700,5937,3736,2201
06065030800,8399,4675,3724
06065030900,3517,1289,2228
06065031001,5872,3338,2534
06065031002,4908,1142,3766
06065031100,4861,3162,1699
06065031200,6918,3366,3552
06065031300,2768,152,2616
06065031401,7072,3326,3746
06065031402,7588,3731,3857
06065031501,6178,3020,3158
06065031502,8402,3711,4691
06065031601,5060,1919,3141
06065031602,6356,2065,4291
06065031701,2596,1233,1363
06065031702,2538,1467,1071
06065031703,3592,1707,1885
06065031704,5262,2684,2578
06065040101,4239,945,3294
06065040102,4798,1489,3309
06065040201,6525,2146,4379
06065040202,3873,1412,2461
06065040203,4207,403,3804
06065040204,3963,328,3635
06065040301,7651,1341,6310
06065040302,7641,4548,3093
06065040303,3981,913,3068
06065040402,4461,1158,3303
06065040403,5886,1652,4234
06065040404,3372,1380,1992
06065040405,5889,3172,2717
06065040501,7478,2055,5423
06065040502,6429,1370,5059
06065040503,4294,1779,2515
06065040603,2935,579,2356
06065040604,5380,2757,2623
06065040605,3256,507,2749
06065040606,3520,594,2926
06065040607,9338,4515,4823
06065040609,12624,8333,4291
06065040611,7613,4810,2803
06065040613,12896,7224,5672
06065040615,9599,6270,3329
06065040616,7459,4987,2472
06065040701,2234,1625,609
06065040702,2835,1806,1029
06065040703,2748,1967,781
06065040806,3041,2038,1003
06065040807,3378,1943,1435
06065040808,7765,3553,4212
06065040809,3576,1845,1731
06065040812,3866,2462,1404
06065040813,6643,4601,2042
06065040814,5005,3370,1635
06065040815,3772,2523,1249
06065040816,3052,2079,973
06065040821,5401,3140,2261
06065040901,7037,3815,3222
06065040902,5948,3210,2738
06065040903,2847,1088,1759
06065040904,4126,1497,2629
06065041001,2937,636,2301
06065041002,3507,852,2655
06065041003,2860,1087,1773
06065041004,5071,1916,3155
06065041101,5915,510,5405
06065041102,4162,1147,3015
06065041201,4561,1610,2951
06065041202,4624,485,4139
06065041203,3568,666,2902
06065041301,3511,640,2871
06065041302,4801,650,4151
06065041403,3039,1566,1473
06065041404,4271,1596,2675
06065041405,4490,2184,2306
06065041406,5875,2864,3011
06065041407,5499,1909,3590
06065041408,4039,1770,2269
06065041409,18715,12223,6492
06065041410,2669,196,2473
06065041411,2743,669,2074
06065041412,4537,2039,2498
06065041500,2840,603,2237
06065041600,5403,909,4494
06065041702,5178,1990,3188
06065041703,5806,1408,4398
06065041704,3863,570,3293
06065041803,7126,4996,2130
06065041804,4371,2976,1395
06065041805,6031,3108,2923
06065041806,4793,3331,1462
06065041807,2390,1207,1183
06065041808,6955,5003,1952
06065041809,6000,3877,2123
06065041810,5824,4246,1578
06065041812,3119,2070,1049
06065041813,7561,2580,4981
06065041904,5346,3296,2050
06065041905,3090,1338,1752
06065041906,6377,2365,4012
06065041909,5511,2717,2794
06065041910,7064,4409,2655
06065041911,11902,8543,3359
06065041912,5856,4640,1216
06065041913,5953,3809,2144
06065042003,6231,4119,2112
06065042004,3443,2221,1222
06065042005,5702,3956,1746
06065042007,4426,3497,929
06065042008,8270,5355,2915
06065042009,8715,3083,5632
06065042010,6271,1370,4901
06065042012,6751,4701,2050
06065042013,8347,5762,2585
06065042014,11130,7545,3585
06065042206,5998,4135,1863
06065042207,3212,2376,836
06065042208,2729,2207,522
06065042209,4501,2649,1852
06065042210,4786,2675,2111
06065042212,6723,3658,3065
06065042213,4614,3509,1105
06065042214,6418,3618,2800
06065042217,5719,4224,1495
06065042300,7635,2534,5101
06065042401,2022,1044,978
06065042402,4695,2468,2227
06065042403,4309,2284,2025
06065042404,2407,793,1614
06065042405,5360,2615,2745
06065042406,4281,1717,2564
06065042407,3230,1355,1875
06065042408,3339,1236,2103
06065042409,3318,1612,1706
06065042410,5348,2914,2434
06065042411,2483,1268,1215
06065042412,4988,3291,1697
06065042505,3542,578,2964
06065042506,9394,5716,3678
06065042507,4413,2158,2255
06065042508,5465,1035,4430
06065042509,3423,1201,2222
06065042510,5573,1781,3792
06065042511,3514,867,2647
06065042512,2961,766,2195
06065042513,3122,1149,1973
06065042514,3167,1146,2021
06065042515,4325,877,3448
06065042516,4529,900,3629
06065042517,3234,1041,2193
06065042518,3661,1253,2408
06065042519,1531,542,989
06065042520,4736,1158,3578
06065042521,4988,1688,3300
06065042617,10884,2329,8555
06065042618,8857,1955,6902
06065042619,11920,4060,7860
06065042620,12498,4340,8158
06065042621,6608,2817,3791
06065042622,4008,1998,2010
06065042623,3902,2386,1516
06065042624,4318,2022,2296
06065042706,8779,2113,6666
06065042708,4944,2854,2090
06065042709,4265,2682,1583
06065042711,5002,4084,918
06065042714,3487,3149,338
06065042715,14346,9046,5300
06065042716,5515,4270,1245
06065042717,5498,2586,2912
06065042719,5869,2427,3442
06065042720,5186,2466,2720
06065042723,6435,2800,3635
06065042724,3755,2451,1304
06065042726,7709,4500,3209
06065042728,2195,1136,1059
06065042729,10537,7299,3238
06065042730,5650,1545,4105
06065042731,6868,3231,3637
06065042732,6113,3361,2752
06065042733,5911,4026,1885
06065042737,2501,1759,742
06065042738,7157,5013,2144
06065042739,7823,5188,2635
06065042740,1965,1840,125
06065042741,2129,1827,302
06065042742,4268,2496,1772
06065042743,2918,2010,908
06065042744,4176,1738,2438
06065042745,4790,3021,1769
06065042800,8148,1270,6878
06065042901,8714,2098,6616
06065042902,4707,1429,3278
06065042903,6087,1493,4594
06065042904,9830,1984,7846
06065043001,5415,1854,3561
06065043003,6979,2308,4671
06065043005,5755,2109,3646
06065043006,5755,1618,4137
06065043007,6926,4703,2223
06065043008,6432,3511,2921
06065043009,5291,2595,2696
06065043010,5979,2700,3279
06065043206,8107,5970,2137
06065043211,5245,3408,1837
06065043216,6664,4749,1915
06065043217,3396,2132,1264
06065043218,5777,4198,1579
06065043220,4028,2503,1525
06065043222,4274,3265,1009
06065043227,7105,5174,1931
06065043228,4032,2706,1326
06065043229,5071,4221,850
06065043235,5643,4448,1195
06065043239,7225,5079,2146
06065043240,10135,7091,3044
06065043242,9284,6721,2563
06065043244,8431,6464,1967
06065043246,5726,4747,979
06065043247,10532,7465,3067
06065043248,4800,3507,1293
06065043250,8777,7240,1537
06065043252,8641,7212,1429
06065043254,5228,3403,1825
06065043256,3766,2368,1398
06065043257,9243,7926,1317
06065043262,5203,4061,1142
06065043264,7942,6228,1714
06065043265,6966,5341,1625
06065043266,5201,3330,1871
06065043267,6760,5595,1165
06065043270,5518,4225,1293
06065043271,3956,2054,1902
06065043272,5082,4441,641
06065043274,2454,1404,1050
06065043276,4015,3010,1005
06065043278,6945,5371,1574
06065043279,5128,3619,1509
06065043291,8779,6673,2106
06065043304,7230,5610,1620
06065043306,4598,2733,1865
06065043307,6632,4453,2179
06065043308,2760,1467,1293
06065043309,3032,1794,1238
06065043310,3457,1963,1494
06065043311,2360,1333,1027
06065043312,4166,1905,2261
06065043313,3664,1856,1808
06065043314,3753,2061,1692
06065043315,2429,1721,708
06065043316,3873,3323,550
06065043317,8544,4993,3551
06065043401,6671,2215,4456
06065043403,2583,1093,1490
06065043404,2852,2020,832
06065043405,3996,2440,1556
06065043503,3610,2074,1536
06065043504,8304,5078,3226
06065043505,3128,2192,936
06065043506,5977,3531,2446
06065043507,7034,3076,3958
06065043508,7045,4444,2601
06065043509,5317,2772,2545
06065043512,6858,3826,3032
06065043513,3171,1388,1783
06065043517,7639,3590,4049
06065043601,4589,1342,3247
06065043602,3805,983,2822
06065043701,3691,2537,1154
06065043702,5119,3281,1838
06065043703,3002,2160,842
06065043802,5321,3716,1605
06065043807,6409,3658,2751
06065043809,3083,2540,543
06065043810,5005,3457,1548
06065043811,4476,3165,1311
06065043812,5734,5358,376
06065043813,5938,2929,3009
06065043814,961,792,169
06065043818,4394,2647,1747
06065043820,4451,2861,1590
06065043821,3530,1640,1890
06065043822,3185,1966,1219
06065043823,9610,6014,3596
06065043900,6442,3237,3205
06065044000,1853,657,1196
06065044101,3146,963,2183
06065044102,3019,1438,1581
06065044103,6120,3792,2328
06065044104,2884,1535,1349
06065044200,6016,2625,3391
06065044300,4761,2441,2320
06065044402,4787,3523,1264
06065044403,3788,2917,871
06065044404,1353,1053,300
06065044405,1567,1493,74
06065044505,6788,2455,4333
06065044507,6997,1826,5171
06065044509,4092,2159,1933
06065044510,5807,2429,3378
06065044515,4044,1513,2531
06065044516,6277,2182,4095
06065044517,2322,1916,406
06065044518,5792,3224,2568
06065044520,1555,1041,514
06065044521,1196,750,446
06065044522,4401,2527,1874
06065044602,3337,2310,1027
06065044604,4665,3168,1497
06065044605,5513,3192,2321
06065044606,2528,1754,774
06065044701,3188,2443,745
06065044702,1924,240,1684
06065044804,2981,1446,1535
06065044805,1649,1369,280
06065044806,2151,1633,518
06065044807,1466,1127,339
06065044904,5239,3108,2131
06065044907,5526,530,4996
06065044911,4723,3980,743
06065044915,6945,774,6171
06065044916,4973,2754,2219
06065044917,4442,4292,150
06065044918,3135,2974,161
06065044919,4072,3864,208
06065044921,2392,2191,201
06065044922,4892,4112,780
06065044923,3734,1766,1968
06065044924,4615,1464,3151
06065044925,3565,1359,2206
06065044926,4712,1389,3323
06065044927,3697,2848,849
06065044928,3165,2898,267
06065044929,5039,3677,1362
06065044930,3361,1776,1585
06065044931,2482,1048,1434
06065044932,3155,2045,1110
06065045000,3187,1556,1631
06065045103,3403,2773,630
06065045108,6815,3131,3684
06065045109,3576,1929,1647
06065045110,5294,2430,2864
06065045114,2117,1947,170
06065045115,1793,1732,61
06065045116,1435,1086,349
06065045117,3936,3324,612
06065045118,2687,1375,1312
06065045119,2781,1721,1060
06065045120,5047,2412,2635
06065045121,6766,4786,1980
06065045122,1621,1542,79
06065045123,2104,1731,373
06065045124,1236,1156,80
06065045125,2863,2587,276
06065045207,5578,726,4852
06065045209,5674,804,4870
06065045212,2145,1965,180
06065045213,5466,1770,3696
06065045214,5413,4198,1215
06065045215,9735,6339,3396
06065045216,1913,1796,117
06065045217,8240,1742,6498
06065045222,2209,1595,614
06065045224,5321,2618,2703
06065045226,7167,430,6737
06065045228,5647,3003,2644
06065045233,4541,2808,1733
06065045302,4522,388,4134
06065045303,2944,310,2634
06065045304,9854,3586,6268
06065045501,5510,895,4615
06065045502,4014,493,3521
06065045604,14117,395,13722
06065045605,8602,1535,7067
06065045606,2575,1483,1092
06065045608,2937,2850,87
06065045609,5509,210,5299
06065045703,6220,63,6157
06065045704,2531,0,2531
06065045705,9897,35,9862
06065045706,5154,76,5078
06065045707,6688,238,6450
06065045900,1352,524,828
06065046101,3357,1849,1508
06065046102,1921,558,1363
06065046103,3239,1476,1763
06065046200,3429,840,2589
06065046401,3449,2333,1116
06065046402,4702,2508,2194
06065046403,7755,3440,4315
06065046404,6782,3760,3022
06065046405,3701,1801,1900
06065046500,7469,5276,2193
06065046601,3624,2257,1367
06065046602,3720,2745,975
06065046700,4351,1575,2776
06065046800,6493,3375,3118
06065046900,1632,703,929
06065047000,1483,1107,376
06065047201,2038,1302,736
06065047202,1926,1143,783
06065047900,13506,10247,3259
06065048100,7169,5196,1973
06065048200,4402,2833,1569
06065048300,6814,3366,3448
06065048700,4586,2649,1937
06065048800,4563,2006,2557
06065048901,4115,1432,2683
06065048902,8341,2815,5526
06065049000,9967,6343,3624
06065049100,5528,3030,2498
06065049400,3568,1709,1859
06065049500,7572,808,6764
06065049600,8170,5817,2353
06065049700,8851,7214,1637
06065049800,4451,2607,1844
06065050300,11859,8922,2937
06065050400,10732,7014,3718
06065050500,14364,9172,5192
06065050600,7105,5857,1248
06065050700,12527,8120,4407
06065050900,4966,3412,1554
06065051100,6537,3206,3331
06065051200,3914,2255,1659
06065051300,9339,5118,4221
06065051400,6940,6793,147
06065940100,117,117,0
06065940400,6380,152,6228
06065940500,2029,1909,120
06065940600,3167,2895,272
06065940700,2562,2167,395
06065940800,2683,2521,162
06065940900,1914,1731,183
06065941000,3727,3251,476
06065941100,1814,1730,84
06065941200,2250,1888,362
06065941300,3279,2636,643
06065941400,3839,2514,1325
06065941500,4914,3242,1672
06065980004,0,0,0
06065981000,6324,2919,3405
06067000100,3720,3515,205
06067000200,3767,3194,573
06067000300,3085,2666,419
06067000400,3974,3106,868
06067000500,3230,2394,836
06067000600,1280,1041,239
06067000700,2494,1914,580
06067000800,1552,1386,166
06067001101,2212,1902,310
06067001200,3187,2748,439
06067001300,3057,2539,518
06067001400,2453,2198,255
06067001500,4887,4313,574
06067001600,6029,5150,879
06067001700,5593,5024,569
06067001800,4821,4079,742
06067001900,3083,2548,535
06067002000,2472,1998,474
06067002100,2501,1918,583
06067002200,4284,2939,1345
06067002300,3389,2933,456
06067002400,4382,3974,408
06067002500,1533,1370,163
06067002600,2676,2224,452
06067002700,3425,2327,1098
06067002800,3453,1845,1608
06067002900,5187,3527,1660
06067003000,7270,4887,2383
06067003101,3427,1489,1938
06067003102,3063,1860,1203
06067003202,5222,3642,1580
06067003203,3145,2137,1008
06067003204,5414,3767,1647
06067003300,4366,3833,533
06067003400,4350,3313,1037
06067003501,2494,1607,887
06067003502,2723,2008,715
06067003600,3060,1442,1618
06067003700,3952,1969,1983
06067003800,6051,3886,2165
06067003900,3399,2555,844
06067004001,5306,4038,1268
06067004004,6569,5517,1052
06067004005,4190,3684,506
06067004006,5028,4207,821
06067004008,3750,3035,715
06067004009,4891,4017,874
06067004010,5129,4566,563
06067004011,2965,2705,260
06067004012,3531,2854,677
06067004100,5177,3301,1876
06067004201,5612,3530,2082
06067004202,5784,3593,2191
06067004203,5528,3661,1867
06067004300,9143,6712,2431
06067004401,3813,2080,1733
06067004402,4679,2053,2626
06067004501,3236,1399,1837
06067004502,5162,2835,2327
06067004601,7861,5103,2758
06067004602,4931,2378,2553
06067004701,3568,1993,1575
06067004702,5470,3293,2177
06067004801,5624,4488,1136
06067004802,4745,3336,1409
06067004903,6915,5493,1422
06067004904,5892,3814,2078
06067004905,7067,4344,2723
06067004906,3079,2195,884
06067005001,8980,5651,3329
06067005002,6151,4540,1611
06067005101,4288,3012,1276
06067005102,4781,3508,1273
06067005201,3370,2153,1217
06067005202,3244,2477,767
06067005204,4307,3517,790
06067005205,1925,1479,446
06067005301,1262,831,431
06067005402,2534,2034,500
06067005403,2380,1928,452
06067005404,5245,4746,499
06067005502,5417,3055,2362
06067005505,5555,4006,1549
06067005506,3285,2199,1086
06067005508,3430,2663,767
06067005509,1799,1329,470
06067005510,4597,3412,1185
06067005601,4896,4427,469
06067005605,3476,2465,1011
06067005606,4478,3908,570
06067005701,3050,2607,443
06067005702,4613,4090,523
06067005801,5529,4861,668
06067005803,3692,3395,297
06067005804,2486,2358,128
06067005901,6512,5945,567
06067005903,2169,1873,296
06067005904,4840,4405,435
06067006002,4139,3235,904
06067006003,4593,3865,728
06067006004,2511,2395,116
06067006101,5018,4074,944
06067006102,3569,2759,810
06067006201,6873,4742,2131
06067006202,3371,1812,1559
06067006300,5473,2899,2574
06067006400,5380,3490,1890
06067006500,6848,4539,2309
06067006600,6921,4284,2637
06067006701,8740,4975,3765
06067006702,6930,4502,2428
06067006800,7460,3267,4193
06067006900,4719,3272,1447
06067007001,4523,1850,2673
06067007004,7191,3924,3267
06067007007,5407,2571,2836
06067007010,3577,2676,901
06067007011,6685,4033,2652
06067007012,3211,2008,1203
06067007013,3178,1953,1225
06067007014,7574,4441,3133
06067007015,4923,3883,1040
06067007016,6097,4625,1472
06067007017,3240,2422,818
06067007018,5366,4415,951
06067007019,1031,818,213
06067007020,4586,3565,1021
06067007101,228,228,0
06067007102,7928,7000,928
06067007103,4220,3013,1207
06067007104,7988,6512,1476
06067007105,7072,5609,1463
06067007106,8315,6208,2107
06067007107,3397,2790,607
06067007202,3889,3109,780
06067007204,4698,3489,1209
06067007206,4084,3650,434
06067007207,4371,3342,1029
06067007208,4437,3273,1164
06067007209,3581,2722,859
06067007301,4853,3572,1281
06067007402,6477,4504,1973
06067007403,5147,3888,1259
06067007406,8577,5946,2631
06067007413,6703,5157,1546
06067007414,4326,3275,1051
06067007415,3243,2403,840
06067007416,4443,3159,1284
06067007417,3369,2813,556
06067007421,9455,8183,1272
06067007422,2540,1822,718
06067007423,5061,3630,1431
06067007424,3829,2830,999
06067007426,2113,1810,303
06067007427,7339,6390,949
06067007428,3529,3111,418
06067007429,5134,3664,1470
06067007430,8229,6515,1714
06067007431,3736,3282,454
06067007432,5321,4722,599
06067007433,8104,7192,912
06067007501,6345,4749,1596
06067007503,5195,4524,671
06067007504,2247,1831,416
06067007601,6720,5460,1260
06067007602,4841,4285,556
06067007701,6162,5187,975
06067007702,4284,3795,489
06067007801,5823,5318,505
06067007802,4871,4326,545
06067007903,4946,4450,496
06067007904,5244,4516,728
06067007905,4274,3899,375
06067007906,3610,3127,483
06067008005,4326,3869,457
06067008006,5508,4792,716
06067008007,3475,3040,435
06067008008,4905,4496,409
06067008009,4645,4194,451
06067008010,5304,4591,713
06067008111,6758,5959,799
06067008113,3791,3016,775
06067008117,2109,1752,357
06067008119,5425,4540,885
06067008120,4343,3508,835
06067008122,3608,3164,444
06067008124,4858,4348,510
06067008125,4985,4111,874
06067008127,5468,4055,1413
06067008128,2314,1743,571
06067008129,3492,2487,1005
06067008130,3989,3220,769
06067008131,4888,4261,627
06067008132,3887,3573,314
06067008133,2951,2608,343
06067008134,4737,4052,685
06067008135,4360,3448,912
06067008136,2408,2267,141
06067008137,2565,2297,268
06067008138,3682,2553,1129
06067008139,3584,2746,838
06067008140,3029,2635,394
06067008141,6781,5085,1696
06067008142,3739,2900,839
06067008143,3929,3034,895
06067008144,2652,2418,234
06067008145,8091,7115,976
06067008203,4982,4526,456
06067008204,4365,3852,513
06067008206,5874,5403,471
06067008207,4308,4080,228
06067008208,4600,3992,608
06067008209,4028,3654,374
06067008210,5834,5419,415
06067008211,2892,2675,217
06067008402,5474,4657,817
06067008403,5734,5311,423
06067008404,3147,2573,574
06067008501,6437,5665,772
06067008504,4646,4201,445
06067008505,2212,2089,123
06067008506,2712,2490,222
06067008507,3863,3395,468
06067008508,7511,6625,886
06067008509,4784,4582,202
06067008510,4745,4221,524
06067008512,4407,4156,251
06067008513,3378,3146,232
06067008600,6864,6204,660
06067008702,2680,2578,102
06067008703,5064,4671,393
06067008704,3825,3252,573
06067008705,6577,5518,1059
06067008801,4205,3660,545
06067008905,4726,3837,889
06067008907,5347,4183,1164
06067008908,5314,3895,1419
06067008909,2504,1830,674
06067008910,3505,2520,985
06067008911,2312,1649,663
06067008912,2980,2592,388
06067008913,4381,3512,869
06067009004,3593,3075,518
06067009005,3401,2650,751
06067009006,5333,4144,1189
06067009007,2940,2484,456
06067009008,5030,3537,1493
06067009010,4966,3778,1188
06067009011,4010,3435,575
06067009103,3080,2518,562
06067009105,2433,1879,554
06067009106,4039,2964,1075
06067009107,3113,2616,497
06067009108,3828,3149,679
06067009109,5066,4013,1053
06067009110,1710,1244,466
06067009111,5523,4495,1028
06067009112,3874,2890,984
06067009201,3564,2772,792
06067009307,5470,4642,828
06067009308,6260,4772,1488
06067009309,2419,1902,517
06067009310,7492,5787,1705
06067009311,6802,5335,1467
06067009312,6598,5214,1384
06067009314,6021,5148,873
06067009316,4784,3799,985
06067009317,6507,4879,1628
06067009318,2471,1952,519
06067009319,5302,4286,1016
06067009320,4859,3498,1361
06067009321,5958,4481,1477
06067009322,13855,11395,2460
06067009323,5473,4636,837
06067009324,2854,2329,525
06067009325,980,809,171
06067009326,5046,4443,603
06067009328,4995,4002,993
06067009329,2238,1730,508
06067009330,3934,3254,680
06067009331,7552,6503,1049
06067009332,1251,1095,156
06067009403,1974,1482,492
06067009404,5288,4558,730
06067009406,2394,1907,487
06067009407,9994,5748,4246
06067009408,1754,1147,607
06067009501,2858,1049,1809
06067009502,7954,4640,3314
06067009503,3109,1360,1749
06067009504,2359,1345,1014
06067009601,6554,4623,1931
06067009606,7364,5553,1811
06067009608,8016,6774,1242
06067009609,5255,3842,1413
06067009610,6278,4432,1846
06067009611,3331,2539,792
06067009612,5199,3895,1304
06067009614,7549,6070,1479
06067009615,7887,5866,2021
06067009616,5815,4804,1011
06067009617,3666,3233,433
06067009618,4885,4070,815
06067009619,8136,6391,1745
06067009622,7499,6324,1175
06067009630,10552,8605,1947
06067009632,7314,6100,1214
06067009633,3575,2346,1229
06067009634,4675,3152,1523
06067009635,6306,5281,1025
06067009636,8171,6517,1654
06067009637,6551,5403,1148
06067009638,7776,6185,1591
06067009639,3844,3076,768
06067009800,1665,1242,423
06067009900,4303,2408,1895
06067988300,5993,4503,1490
06069000100,5142,2662,2480
06069000200,6447,3370,3077
06069000300,4414,509,3905
06069000400,6197,1845,4352
06069000501,5981,2801,3180
06069000502,6376,1608,4768
06069000600,8258,4346,3912
06069000701,4305,800,3505
06069000702,4980,2198,2782
06069000801,3235,2377,858
06069000802,2716,1671,1045
06071000103,5061,3493,1568
06071000104,6145,4421,1724
06071000105,6706,5175,1531
06071000107,3023,1985,1038
06071000108,5341,4399,942
06071000109,6786,4864,1922
06071000111,2601,2039,562
06071000113,11500,5751,5749
06071000115,7283,5530,1753
06071000116,12049,9412,2637
06071000117,6868,5666,1202
06071000118,4588,3595,993
06071000201,4455,1308,3147
06071000203,4440,1350,3090
06071000205,5121,1867,3254
06071000207,4744,1100,3644
06071000208,5039,1444,3595
06071000301,8786,2117,6669
06071000303,7799,1188,6611
06071000304,5935,2212,3723
06071000401,6258,2768,3490
06071000403,4474,1976,2498
06071000404,4322,1874,2448
06071000501,6229,2378,3851
06071000503,4613,1836,2777
06071000504,4542,2385,2157
06071000603,5090,2095,2995
06071000604,5721,2184,3537
06071000605,4640,520,4120
06071000606,4004,1105,2899
06071000804,3099,2546,553
06071000808,6474,3734,2740
06071000812,3478,2432,1046
06071000813,3612,2806,806
06071000814,3977,3099,878
06071000815,3413,2589,824
06071000816,4262,3009,1253
06071000817,3661,2581,1080
06071000818,5531,3472,2059
06071000819,4924,3870,1054
06071000820,3935,3100,835
06071000821,3768,2221,1547
06071000823,6720,3248,3472
06071000824,5119,2463,2656
06071000825,4204,1659,2545
06071000826,4238,2104,2134
06071000901,4514,2025,2489
06071000903,4226,1747,2479
06071000904,3273,1221,2052
06071001001,5500,2310,3190
06071001002,5912,870,5042
06071001101,3817,869,2948
06071001103,4568,1792,2776
06071001104,5783,1936,3847
06071001200,4995,1858,3137
06071001305,4621,773,3848
06071001307,4382,1046,3336
06071001308,5013,1021,3992
06071001309,4415,959,3456
06071001310,6134,1370,4764
06071001311,3548,1998,1550
06071001312,4924,2039,2885
06071001400,2611,1118,1493
06071001501,4177,436,3741
06071001503,3991,423,3568
06071001504,5571,1668,3903
06071001600,5742,215,5527
06071001702,5073,2069,3004
06071001703,5807,2307,3500
06071001704,5146,1646,3500
06071001706,5924,1350,4574
06071001707,6740,2009,4731
06071001803,3156,924,2232
06071001804,5241,2128,3113
06071001806,4916,2043,2873
06071001808,4687,1416,3271
06071001809,5123,1079,4044
06071001810,5217,924,4293
06071001812,3715,481,3234
06071001813,4898,591,4307
06071001901,4982,2404,2578
06071001903,9735,6439,3296
06071001905,5955,2831,3124
06071001906,8678,3727,4951
06071002010,10067,6305,3762
06071002011,4229,3301,928
06071002013,4381,2743,1638
06071002014,4799,3243,1556
06071002015,5065,3088,1977
06071002016,3863,2310,1553
06071002017,5572,4119,1453
06071002018,5599,3783,1816
06071002019,5018,3208,1810
06071002021,5500,3894,1606
06071002022,12912,8978,3934
06071002023,5727,3507,2220
06071002025,5451,3621,1830
06071002027,5506,3725,1781
06071002028,5088,3024,2064
06071002029,6062,4104,1958
06071002031,6493,4068,2425
06071002033,7662,5033,2629
06071002034,15511,8382,7129
06071002035,6891,4605,2286
06071002036,12762,9242,3520
06071002037,7848,4045,3803
06071002038,6054,3459,2595
06071002101,4441,1613,2828
06071002103,5010,2849,2161
06071002105,5215,2250,2965
06071002107,5523,2888,2635
06071002109,5056,3086,1970
06071002110,7227,4227,3000
06071002204,7039,1643,5396
06071002206,6934,2653,4281
06071002207,4941,2681,2260
06071002301,10918,3518,7400
06071002304,20753,10247,10506
06071002305,10133,3814,6319
06071002306,4137,1110,3027
06071002307,5451,1444,4007
06071002401,8847,1013,7834
06071002402,8166,1042,7124
06071002501,6185,759,5426
06071002502,8744,1312,7432
06071002601,9808,3231,6577
06071002602,7616,1664,5952
06071002604,6211,1668,4543
06071002606,8045,2172,5873
06071002607,8118,3127,4991
06071002703,5552,1994,3558
06071002704,10976,5822,5154
06071002705,5399,1079,4320
06071002706,10422,5297,5125
06071002801,5510,899,4611
06071002803,4193,709,3484
06071002804,5958,927,5031
06071002901,4163,590,3573
06071002902,6579,1645,4934
06071003000,3329,943,2386
06071003101,4638,613,4025
06071003102,5939,611,5328
06071003200,8724,1678,7046
06071003301,5111,858,4253
06071003302,6097,1252,4845
06071003401,7453,2145,5308
06071003403,3970,1068,2902
06071003404,4765,1057,3708
06071003405,5122,1328,3794
06071003503,6021,1726,4295
06071003505,6508,1142,5366
06071003506,5625,1857,3768
06071003507,4594,1130,3464
06071003509,4335,720,3615
06071003510,4665,1482,3183
06071003603,3812,906,2906
06071003605,4721,1381,3340
06071003606,5348,625,4723
06071003607,5626,1293,4333
06071003609,5266,925,4341
06071003611,4781,1819,2962
06071003612,4522,948,3574
06071003700,3945,875,3070
06071003801,4638,1483,3155
06071003803,5222,1319,3903
06071003804,4966,1598,3368
06071003900,5970,810,5160
06071004001,4423,937,3486
06071004003,5965,652,5313
06071004004,6049,1121,4928
06071004101,5680,1123,4557
06071004103,6541,914,5627
06071004104,6141,857,5284
06071004201,6892,2803,4089
06071004202,6039,1502,4537
06071004301,4979,1164,3815
06071004302,4577,718,3859
06071004401,4308,765,3543
06071004403,6162,1225,4937
06071004404,5284,869,4415
06071004503,4045,2056,1989
06071004504,8165,4428,3737
06071004505,4634,2261,2373
06071004507,5081,2115,2966
06071004509,5193,2436,2757
06071004510,5829,3020,2809
06071004601,6188,2767,3421
06071004603,5620,3286,2334
06071004604,5438,1608,3830
06071004700,5143,576,4567
06071004800,3442,176,3266
06071004900,7856,813,7043
06071005100,8709,4052,4657
06071005200,3977,1699,2278
06071005300,5461,1714,3747
06071005400,6849,2422,4427
06071005500,8811,2586,6225
06071005600,6887,1433,5454
06071005701,2093,657,1436
06071005800,3722,1103,2619
06071006100,8739,4062,4677
06071006201,3561,945,2616
06071006203,4646,2421,2225
06071006204,3911,2160,1751
06071006301,5521,1890,3631
06071006302,9383,2488,6895
06071006401,3393,622,2771
06071006402,5219,2078,3141
06071006500,8055,2370,5685
06071006601,4945,919,4026
06071006603,6128,1236,4892
06071006604,3883,735,3148
06071006700,4424,698,3726
06071007000,6880,1413,5467
06071007104,4132,2565,1567
06071007105,3045,1718,1327
06071007106,4111,2112,1999
06071007107,3244,1482,1762
06071007108,2359,1048,1311
06071007109,6774,3540,3234
06071007110,5241,2962,2279
06071007200,7027,3006,4021
06071007302,9926,8590,1336
06071007303,4964,3351,1613
06071007305,4977,2923,2054
06071007306,5555,3687,1868
06071007403,7699,4052,3647
06071007404,4003,2790,1213
06071007407,2979,1090,1889
06071007408,4103,1419,2684
06071007409,6679,2821,3858
06071007410,5056,2874,2182
06071007601,7700,2153,5547
06071007603,4799,2201,2598
06071007604,4681,2581,2100
06071007800,5410,4093,1317
06071007901,8024,6514,1510
06071007903,4445,3178,1267
06071007904,7293,4901,2392
06071008001,7138,3753,3385
06071008002,7344,2294,5050
06071008100,3513,2342,1171
06071008200,5583,4590,993
06071008301,6400,5218,1182
06071008302,2983,2640,343
06071008401,10143,6954,3189
06071008402,6582,4741,1841
06071008403,5790,4884,906
06071008404,2580,1298,1282
06071008500,8257,7382,875
06071008601,6567,4531,2036
06071008602,3783,2616,1167
06071008703,7285,5614,1671
06071008704,8441,5327,3114
06071008705,5111,2849,2262
06071008706,13371,9556,3815
06071008708,4273,3306,967
06071008709,3869,2464,1405
06071008710,5125,2908,2217
06071008800,6060,3625,2435
06071008901,1990,1783,207
06071009107,6796,4331,2465
06071009108,6803,4232,2571
06071009109,6415,4843,1572
06071009110,17490,8271,9219
06071009112,8933,2919,6014
06071009114,10151,3978,6173
06071009116,7638,3461,4177
06071009117,7116,3028,4088
06071009118,24584,11092,13492
06071009119,5468,3812,1656
06071009201,4510,3893,617
06071009202,2424,1783,641
06071009300,1476,769,707
06071009400,3840,2014,1826
06071009500,7613,4215,3398
06071009707,5880,4640,1240
06071009708,4924,3706,1218
06071009709,6440,4003,2437
06071009710,6936,3803,3133
06071009711,9827,7119,2708
06071009712,6313,3264,3049
06071009713,6806,4255,2551
06071009714,3859,2392,1467
06071009715,8807,6243,2564
06071009716,7325,4752,2573
06071009717,4578,3227,1351
06071009800,4573,1407,3166
06071009904,12372,4966,7406
06071009905,7895,3622,4273
06071009906,4473,2742,1731
06071009908,4933,2454,2479
06071009910,5517,2357,3160
06071009911,6767,3218,3549
06071009912,4940,3248,1692
06071009913,5380,2103,3277
06071010004,7751,6351,1400
06071010009,3455,1454,2001
06071010010,7232,2408,4824
06071010011,5258,1506,3752
06071010012,4666,2529,2137
06071010013,7701,3199,4502
06071010014,4842,1539,3303
06071010015,6102,2506,3596
06071010016,5688,2132,3556
06071010017,15933,8897,7036
06071010018,7206,3254,3952
06071010019,5362,2245,3117
06071010020,7800,3621,4179
06071010021,6504,3646,2858
06071010022,4309,2605,1704
06071010023,6025,3155,2870
06071010024,5585,3548,2037
06071010025,8020,3972,4048
06071010026,10524,5738,4786
06071010300,3514,2563,951
06071010402,9341,7173,2168
06071010409,2687,2282,405
06071010410,3257,2628,629
06071010411,6680,5657,1023
06071010412,7980,6825,1155
06071010413,6424,4908,1516
06071010415,5812,4800,1012
06071010416,3455,2906,549
06071010417,2826,2339,487
06071010419,4593,3452,1141
06071010420,3633,2784,849
06071010421,6267,4513,1754
06071010422,1621,1288,333
06071010423,3483,2953,530
06071010424,1878,1660,218
06071010700,3934,2983,951
06071010802,5058,4235,823
06071010803,2655,2112,543
06071010804,2506,1905,601
06071010901,4932,4372,560
06071010902,3163,2641,522
06071011001,2374,1639,735
06071011002,1660,997,663
06071011101,3579,3187,392
06071011102,1806,1630,176
06071011203,1235,1120,115
06071011204,1270,1089,181
06071011205,1562,1003,559
06071011206,1164,886,278
06071011300,1156,906,250
06071011401,5487,4107,1380
06071011403,3304,2748,556
06071011404,4152,3452,700
06071011500,2179,1864,315
06071011600,8615,6378,2237
06071011700,1489,706,783
06071011800,7284,3654,3630
06071011900,3658,2345,1313
06071012001,5626,3256,2370
06071012002,5381,2879,2502
06071012101,5374,3886,1488
06071012103,3812,3114,698
06071012104,4570,3615,955
06071012200,15970,10449,5521
06071012300,4400,3131,1269
06071012400,3334,606,2728
06071012500,4982,566,4416
06071012700,3780,1825,1955
06071025000,9337,7177,2160
06071025100,1438,1183,255
06071940100,1332,1148,184
06071980100,0,0,0
06071980200,4364,2053,2311
06073000100,2773,2483,290
06073000201,2158,1769,389
06073000202,4828,4061,767
06073000300,4946,4060,886
06073000400,3916,3267,649
06073000500,2957,2437,520
06073000600,2921,2246,675
06073000700,4507,3734,773
06073000800,4232,3407,825
06073000900,5796,4014,1782
06073001000,5328,4008,1320
06073001100,3356,2533,823
06073001200,5983,3692,2291
06073001300,6531,4686,1845
06073001400,3198,2568,630
06073001500,3894,2566,1328
06073001600,5012,2319,2693
06073001700,4568,2576,1992
06073001800,5235,3509,1726
06073001900,3321,2657,664
06073002001,3461,3102,359
06073002002,2656,2360,296
06073002100,4880,3384,1496
06073002201,3571,1649,1922
06073002202,5333,1561,3772
06073002301,3056,1735,1321
06073002302,7468,3533,3935
06073002401,4758,2171,2587
06073002402,5107,1519,3588
06073002501,6106,2130,3976
06073002502,6326,3265,3061
06073002601,5663,1712,3951
06073002602,4186,1456,2730
06073002702,5972,4355,1617
06073002703,7390,4045,3345
06073002705,4757,3169,1588
06073002707,5602,1992,3610
06073002708,5914,2575,3339
06073002709,3913,1904,2009
06073002710,4524,2788,1736
06073002711,3396,2357,1039
06073002712,4835,3173,1662
06073002801,3204,2529,675
06073002803,5495,3816,1679
06073002804,5193,4424,769
06073002902,7176,4820,2356
06073002903,4125,2742,1383
06073002904,8445,6949,1496
06073002905,4683,3698,985
06073003001,4422,1893,2529
06073003003,5151,2590,2561
06073003004,5116,1560,3556
06073003101,3846,1784,2062
06073003103,6559,3796,2763
06073003105,4373,1368,3005
06073003107,6426,4170,2256
06073003108,3881,1618,2263
06073003109,3373,3084,289
06073003111,7220,3171,4049
06073003112,4578,2656,1922
06073003113,5635,4678,957
06073003114,3768,3194,574
06073003115,7067,4552,2515
06073003201,5421,3791,1630
06073003202,4713,1380,3333
06073003204,3719,1490,2229
06073003207,6506,2552,3954
06073003208,6841,4037,2804
06073003209,5421,3724,1697
06073003211,3496,1488,2008
06073003212,3715,2096,1619
06073003213,4448,3242,1206
06073003214,5278,3341,1937
06073003301,3440,1060,2380
06073003303,4602,1385,3217
06073003304,4312,1534,2778
06073003305,5913,2550,3363
06073003401,6857,4799,2058
06073003403,3583,921,2662
06073003404,5209,1776,3433
06073003501,5014,608,4406
06073003502,4880,842,4038
06073003601,2839,183,2656
06073003602,3398,465,2933
06073003603,4539,739,3800
06073003800,6640,5419,1221
06073003901,4287,526,3761
06073003902,4811,507,4304
06073004000,5194,748,4446
06073004100,7261,3406,3855
06073004200,6080,4339,1741
06073004300,3870,2806,1064
06073004400,4014,2945,1069
06073004501,2683,1303,1380
06073004600,1877,1476,401
06073004700,1938,408,1530
06073004800,4154,675,3479
06073004900,5477,591,4886
06073005000,2528,328,2200
06073005100,6643,4385,2258
06073005200,5808,4584,1224
06073005300,5461,3933,1528
06073005400,7255,6275,980
06073005500,216,164,52
06073005600,4277,3579,698
06073005700,1641,1315,326
06073005800,3078,2727,351
06073005900,3176,2402,774
06073006000,3881,3533,348
06073006100,2365,1993,372
06073006200,23,17,6
06073006300,3335,2445,890
06073006500,2967,2183,784
06073006600,1726,1360,366
06073006801,2404,2175,229
06073006802,5626,4296,1330
06073006900,5660,4497,1163
06073007002,3097,2676,421
06073007100,4711,4198,513
06073007200,6140,5480,660
06073007301,4878,4152,726
06073007302,2122,1986,136
06073007400,6742,5713,1029
06073007501,4016,3233,783
06073007502,3030,2535,495
06073007600,4612,4255,357
06073007701,4022,3580,442
06073007702,3914,3565,349
06073007800,6044,4511,1533
06073007903,4335,3857,478
06073007905,3047,2696,351
06073007907,3469,2801,668
06073007908,3229,2267,962
06073007910,3049,2828,221
06073008002,2984,2773,211
06073008003,4016,3366,650
06073008006,4051,3640,411
06073008101,3898,3604,294
06073008102,3367,3114,253
06073008200,2602,2445,157
06073008301,3043,2853,190
06073008303,3545,3311,234
06073008305,2070,1801,269
06073008306,3248,3040,208
06073008307,3802,3324,478
06073008310,6042,5292,750
06073008311,3105,2910,195
06073008312,3701,3399,302
06073008313,2156,1947,209
06073008324,6885,6440,445
06073008327,5997,5570,427
06073008328,5795,5439,356
06073008329,6565,5946,619
06073008330,5859,5375,484
06073008331,2459,2311,148
06073008333,15549,14502,1047
06073008335,9956,9012,944
06073008336,2209,1975,234
06073008337,4513,4142,371
06073008339,2106,1685,421
06073008340,8995,8511,484
06073008341,7941,7288,653
06073008343,5206,4119,1087
06073008344,3523,3057,466
06073008345,4108,3258,850
06073008346,5021,4473,548
06073008347,6837,5789,1048
06073008348,5836,5258,578
06073008349,3890,3429,461
06073008350,6327,5760,567
06073008351,4253,3804,449
06073008352,4198,3527,671
06073008353,5271,4534,737
06073008354,7703,6540,1163
06073008355,3502,3226,276
06073008356,4244,3736,508
06073008357,5349,4934,415
06073008358,7477,6236,1241
06073008359,4659,3462,1197
06073008360,6484,5477,1007
06073008361,2493,2227,266
06073008362,3361,3116,245
06073008363,5627,5225,402
06073008364,5798,5340,458
06073008365,3287,3134,153
06073008366,7277,6596,681
06073008501,5676,4668,1008
06073008502,6324,4824,1500
06073008503,6574,4798,1776
06073008504,6045,4770,1275
06073008505,6437,4643,1794
06073008506,4591,3223,1368
06073008507,8312,6424,1888
06073008509,7811,6441,1370
06073008510,6859,5339,1520
06073008511,3750,2792,958
06073008512,4583,3906,677
06073008513,2945,2521,424
06073008600,6860,3368,3492
06073008701,3336,2531,805
06073008702,5080,3774,1306
06073008800,7222,5405,1817
06073008901,4930,3341,1589
06073008902,2110,1761,349
06073009000,4432,2310,2122
06073009101,5710,4901,809
06073009102,3506,2435,1071
06073009103,3574,2901,673
06073009104,3076,2621,455
06073009106,4634,3806,828
06073009107,4604,3645,959
06073009201,5668,4401,1267
06073009202,5726,4893,833
06073009301,4860,3610,1250
06073009304,8582,7080,1502
06073009305,4972,3487,1485
06073009306,5678,4996,682
06073009400,5110,3860,1250
06073009502,3995,3416,579
06073009504,6491,5696,795
06073009505,7160,6279,881
06073009506,4316,3750,566
06073009507,3498,2824,674
06073009509,4018,3552,466
06073009510,4780,3648,1132
06073009511,4418,3396,1022
06073009602,3870,3308,562
06073009603,5097,3892,1205
06073009604,3767,2720,1047
06073009703,3490,2926,564
06073009704,5817,5103,714
06073009705,3833,3109,724
06073009706,7260,5666,1594
06073009801,5130,4471,659
06073009802,6352,5104,1248
06073009804,4630,3514,1116
06073009805,4833,4187,646
06073009901,808,603,205
06073009902,0,0,0
06073010001,3597,1257,2340
06073010003,6390,2084,4306
06073010004,4654,1287,3367
06073010005,7939,585,7354
06073010009,7173,356,6817
06073010010,5764,1586,4178
06073010011,4238,1272,2966
06073010012,5229,172,5057
06073010013,5844,144,5700
06073010014,20851,10273,10578
06073010015,2872,430,2442
06073010103,6574,1648,4926
06073010104,3625,1597,2028
06073010106,6369,754,5615
06073010107,6864,1885,4979
06073010109,5016,1345,3671
06073010110,8674,2731,5943
06073010111,3488,427,3061
06073010112,4979,630,4349
06073010200,6332,4093,2239
06073010300,4852,2933,1919
06073010401,2513,1321,1192
06073010402,6063,1980,4083
06073010501,1466,945,521
06073010502,5891,2096,3795
06073010601,2623,1936,687
06073010800,2760,2715,45
06073010900,2063,1858,205
06073011000,3646,3004,642
06073011100,4627,4035,592
06073011300,2913,2315,598
06073011601,5687,878,4809
06073011602,3660,770,2890
06073011700,6501,2652,3849
06073011801,3770,1114,2656
06073011802,7688,1711,5977
06073011902,5631,2395,3236
06073012002,3772,2280,1492
06073012003,3586,1219,2367
06073012101,2517,590,1927
06073012102,3915,821,3094
06073012200,3410,1077,2333
06073012302,1729,547,1182
06073012303,3659,1554,2105
06073012304,3468,1350,2118
06073012401,3867,1104,2763
06073012402,5357,1510,3847
06073012501,2876,811,2065
06073012502,4656,897,3759
06073012600,4502,995,3507
06073012700,5057,1069,3988
06073012800,3856,1461,2395
06073012900,3319,1286,2033
06073013000,6617,2328,4289
06073013102,6829,1894,4935
06073013103,2725,572,2153
06073013104,5970,988,4982
06073013203,7276,882,6394
06073013204,3989,366,3623
06073013205,2392,150,2242
06073013206,7202,1228,5974
06073013301,5228,2255,2973
06073013302,5055,1713,3342
06073013303,5196,1280,3916
06073013306,4255,1597,2658
06073013307,4419,1149,3270
06073013308,3765,803,2962
06073013309,7212,3531,3681
06073013310,28861,15679,13182
06073013311,11264,5930,5334
06073013312,2831,825,2006
06073013313,14371,9042,5329
06073013314,19151,9662,9489
06073013401,4199,1778,2421
06073013409,5438,2369,3069
06073013410,8159,4780,3379
06073013411,5258,3157,2101
06073013412,4848,2543,2305
06073013414,7766,4875,2891
06073013415,1436,742,694
06073013416,3761,2095,1666
06073013417,2227,1236,991
06073013418,6124,2733,3391
06073013419,8331,4222,4109
06073013420,3599,2296,1303
06073013421,4748,2447,2301
06073013503,5822,3995,1827
06073013504,3671,2594,1077
06073013505,4840,3473,1367
06073013506,4280,2609,1671
06073013601,5229,3687,1542
06073013604,6341,5081,1260
06073013605,6680,5048,1632
06073013606,6971,5295,1676
06073013701,2378,1919,459
06073013702,5646,3206,2440
06073013801,4988,3168,1820
06073013802,3016,1512,1504
06073013903,4519,2704,1815
06073013905,3893,2722,1171
06073013906,5293,3127,2166
06073013907,4483,804,3679
06073013908,4432,2142,2290
06073013909,4590,2051,2539
06073014001,4575,2865,1710
06073014002,4541,2573,1968
06073014101,3886,2055,1831
06073014102,4017,2363,1654
06073014200,6283,3618,2665
06073014300,4046,1755,2291
06073014400,3928,2020,1908
06073014500,4014,2781,1233
06073014601,4731,3491,1240
06073014602,4975,3990,985
06073014700,8044,6131,1913
06073014803,5096,3094,2002
06073014804,3900,3274,626
06073014805,4405,3278,1127
06073014806,2737,1814,923
06073014901,4606,3460,1146
06073014902,3537,2492,1045
06073015000,6489,4937,1552
06073015100,4973,3838,1135
06073015200,3734,3226,508
06073015301,3148,2518,630
06073015302,3991,3258,733
06073015403,2680,2489,191
06073015404,8349,6617,1732
06073015405,5661,4599,1062
06073015406,2714,2453,261
06073015501,5102,4112,990
06073015502,2849,2160,689
06073015601,6169,4084,2085
06073015602,2305,1926,379
06073015701,6498,3664,2834
06073015703,6792,5225,1567
06073015704,4113,2630,1483
06073015801,3421,2044,1377
06073015802,5039,3429,1610
06073015901,3646,1633,2013
06073015902,5319,3647,1672
06073016000,2415,1715,700
06073016100,6333,5509,824
06073016201,5572,4911,661
06073016202,3367,2586,781
06073016301,5225,3389,1836
06073016302,5935,3785,2150
06073016401,5229,4075,1154
06073016402,8239,5911,2328
06073016502,7268,5047,2221
06073016503,2961,2220,741
06073016504,7507,4253,3254
06073016605,7296,5930,1366
06073016606,4066,3323,743
06073016607,6513,5582,931
06073016608,2647,2338,309
06073016609,5335,4384,951
06073016610,4050,3420,630
06073016612,5912,4648,1264
06073016613,1903,1645,258
06073016614,4044,3486,558
06073016615,3951,3036,915
06073016616,4159,3324,835
06073016617,3408,2705,703
06073016701,9856,8171,1685
06073016702,7268,5813,1455
06073016802,7238,6616,622
06073016804,7451,5640,1811
06073016806,4648,3351,1297
06073016807,7055,6187,868
06073016809,5408,4692,716
06073016810,2976,2674,302
06073016811,4307,3168,1139
06073016901,6796,5906,890
06073016902,2591,2171,420
06073017006,2848,2658,190
06073017009,4068,2878,1190
06073017010,3204,2753,451
06073017014,2447,2340,107
06073017015,7818,6916,902
06073017018,4802,4076,726
06073017019,5977,5761,216
06073017020,3753,3322,431
06073017021,2710,2546,164
06073017022,5812,5005,807
06073017029,8964,7744,1220
06073017030,20209,18328,1881
06073017031,3854,3162,692
06073017032,14056,12929,1127
06073017033,4823,4282,541
06073017034,5291,4539,752
06073017035,2893,2639,254
06073017036,3576,3279,297
06073017037,5877,4849,1028
06073017039,7482,6550,932
06073017040,4867,4142,725
06073017041,6058,5218,840
06073017042,7660,7007,653
06073017043,6611,5625,986
06073017044,5705,5231,474
06073017045,2778,2629,149
06073017046,3680,3466,214
06073017047,4052,3706,346
06073017048,7429,5042,2387
06073017049,3266,2287,979
06073017050,3263,2606,657
06073017051,4570,4176,394
06073017052,5218,4595,623
06073017053,3308,3014,294
06073017054,5884,5118,766
06073017055,5298,4879,419
06073017056,4466,3898,568
06073017104,3839,3422,417
06073017106,4867,4454,413
06073017107,2855,2654,201
06073017108,4862,4326,536
06073017109,6575,6170,405
06073017110,11377,9689,1688
06073017200,4312,3991,321
06073017303,2852,2666,186
06073017304,6232,4894,1338
06073017305,2930,2888,42
06073017306,2764,2530,234
06073017401,6191,5980,211
06073017403,5198,4865,333
06073017404,7091,6088,1003
06073017501,2900,2536,364
06073017502,3814,2534,1280
06073017601,5597,5164,433
06073017603,2566,1894,672
06073017604,7158,6103,1055
06073017701,5273,4407,866
06073017702,3107,2775,332
06073017801,6498,5399,1099
06073017808,6242,5662,580
06073017809,2431,2118,313
06073017810,4782,4386,396
06073017811,7461,6455,1006
06073017813,4395,3989,406
06073017900,7090,4571,2519
06073018000,3274,3061,213
06073018100,6584,5100,1484
06073018200,7627,3292,4335
06073018300,2489,2080,409
06073018400,3196,2004,1192
06073018504,7057,5707,1350
06073018507,8823,5047,3776
06073018509,4762,2065,2697
06073018510,3268,1459,1809
06073018511,4694,3138,1556
06073018512,3701,2827,874
06073018513,9391,7188,2203
06073018514,8310,6070,2240
06073018515,4814,4073,741
06073018516,3914,2595,1319
06073018517,4906,3435,1471
06073018518,3381,1268,2113
06073018519,5919,2009,3910
06073018601,4949,3747,1202
06073018603,6645,2940,3705
06073018608,3224,2254,970
06073018609,6342,2930,3412
06073018610,8021,3459,4562
06073018611,8658,6495,2163
06073018612,3939,2695,1244
06073018613,3731,2434,1297
06073018614,6095,3809,2286
06073018700,40616,31445,9171
06073018801,3698,2900,798
06073018802,8141,7106,1035
06073018803,4779,3618,1161
06073018903,5016,2788,2228
06073018904,6266,2925,3341
06073018905,6836,2814,4022
06073018906,6290,3195,3095
06073019001,6578,5387,1191
06073019002,1692,1001,691
06073019101,7446,4928,2518
06073019103,5351,4853,498
06073019105,6680,5972,708
06073019106,8976,6241,2735
06073019107,1885,1477,408
06073019203,2717,2027,690
06073019205,6642,2889,3753
06073019206,6301,1572,4729
06073019207,9297,4882,4415
06073019208,3213,2409,804
06073019301,7146,5504,1642
06073019302,7638,5260,2378
06073019303,7182,4560,2622
06073019403,5634,2762,2872
06073019404,3312,997,2315
06073019405,4047,1741,2306
06073019406,4914,2761,2153
06073019501,3633,600,3033
06073019502,5868,646,5222
06073019503,5192,1911,3281
06073019601,6559,4332,2227
06073019602,5001,3193,1808
06073019701,6808,4826,1982
06073019702,4963,3433,1530
06073019803,4650,3971,679
06073019804,4510,3944,566
06073019805,3917,1981,1936
06073019806,12375,10215,2160
06073019808,4639,4010,629
06073019809,4192,3724,468
06073019902,4190,2551,1639
06073019903,4689,3077,1612
06073019904,7004,5722,1282
06073019905,4244,3410,834
06073020013,13810,11744,2066
06073020014,7571,6905,666
06073020015,4728,4518,210
06073020016,9578,8886,692
06073020017,3432,1847,1585
06073020018,8096,2729,5367
06073020019,7028,4896,2132
06073020020,7608,5772,1836
06073020021,6244,2573,3671
06073020022,8002,5373,2629
06073020023,4137,2986,1151
06073020024,4203,2801,1402
06073020025,5175,3368,1807
06073020026,4387,3566,821
06073020027,15729,13568,2161
06073020028,4226,452,3774
06073020029,5764,2115,3649
06073020103,10809,7712,3097
06073020105,4013,2708,1305
06073020106,3581,1797,1784
06073020107,4125,2375,1750
06073020108,6022,1745,4277
06073020109,5592,2459,3133
06073020202,7137,1225,5912
06073020206,5478,1658,3820
06073020207,5185,1518,3667
06073020208,2638,861,1777
06073020209,5307,2301,3006
06073020210,4830,2560,2270
06073020211,7041,2828,4213
06073020213,3878,742,3136
06073020214,6074,1816,4258
06073020304,6435,5005,1430
06073020305,6068,4407,1661
06073020306,8981,7309,1672
06073020307,7593,5128,2465
06073020308,5450,3705,1745
06073020309,4371,2213,2158
06073020401,2329,2122,207
06073020403,4058,2726,1332
06073020404,4710,3598,1112
06073020405,3169,2929,240
06073020500,5569,2320,3249
06073020601,6041,1833,4208
06073020602,6074,3097,2977
06073020705,4991,3271,1720
06073020706,6359,5229,1130
06073020707,5159,1968,3191
06073020708,3857,2753,1104
06073020709,8036,6074,1962
06073020710,1638,1308,330
06073020801,5349,4350,999
06073020805,3834,2374,1460
06073020806,6031,4163,1868
06073020807,2756,2175,581
06073020809,8308,5243,3065
06073020810,5281,4492,789
06073020811,5828,5210,618
06073020902,2265,2128,137
06073020903,3000,2548,452
06073020904,2191,1891,300
06073021000,3219,2631,588
06073021100,7219,4684,2535
06073021202,3234,2454,780
06073021204,5820,5206,614
06073021205,7537,5777,1760
06073021206,2806,2573,233
06073021302,7999,5038,2961
06073021303,8863,6029,2834
06073021304,2545,1972,573
06073021400,6963,5848,1115
06073021500,8860,7906,954
06073021600,3669,2917,752
06073021800,2551,2315,236
06073021900,5245,3265,1980
06073022000,4265,2125,2140
06073022100,9580,7349,2231
06073990100,0,0,0
06075010100,4000,3540,460
06075010200,4300,4133,167
06075010300,4341,3783,558
06075010400,5028,4510,518
06075010500,2684,2535,149
06075010600,3567,3420,147
06075010700,5509,5200,309
06075010800,4514,4087,427
06075010900,4447,4359,88
06075011000,4742,4444,298
06075011100,5081,4721,360
06075011200,3335,3203,132
06075011300,3061,3024,37
06075011700,1716,1422,294
06075011800,1562,1467,95
06075011901,2570,2314,256
06075011902,2839,2420,419
06075012000,3962,3561,401
06075012100,3908,3108,800
06075012201,4728,3418,1310
06075012202,3271,2371,900
06075012301,2189,1466,723
06075012302,2529,2168,361
06075012401,4593,3346,1247
06075012402,3668,2918,750
06075012501,3660,3009,651
06075012502,3585,2945,640
06075012601,2408,2079,329
06075012602,2900,2795,105
06075012700,3860,3678,182
06075012800,4783,4288,495
06075012901,2731,2625,106
06075012902,3638,3391,247
06075013000,4788,4518,270
06075013101,4072,3745,327
06075013102,2913,2687,226
06075013200,3877,3664,213
06075013300,4561,4216,345
06075013400,4000,3803,197
06075013500,2704,2522,182
06075015100,2178,1999,179
06075015200,4267,4045,222
06075015300,2234,2018,216
06075015400,6161,5835,326
06075015500,3651,3332,319
06075015600,3274,2994,280
06075015700,8910,7704,1206
06075015801,4121,3739,382
06075015802,3321,2976,345
06075015900,4332,3934,398
06075016000,2769,2520,249
06075016100,5498,5237,261
06075016200,2937,2606,331
06075016300,4469,4042,427
06075016400,4320,4030,290
06075016500,5890,5188,702
06075016600,5613,5224,389
06075016700,4863,4295,568
06075016801,3232,2935,297
06075016802,3293,2653,640
06075016900,2907,2619,288
06075017000,3959,3680,279
06075017101,3814,3550,264
06075017102,3760,3488,272
06075017601,7834,6859,975
06075017700,1791,1206,585
06075017801,3209,3087,122
06075017802,4856,4084,772
06075017902,3090,2110,980
06075018000,3279,2827,452
06075020100,5959,3174,2785
06075020200,6013,4743,1270
06075020300,3161,2715,446
06075020401,3118,2956,162
06075020402,4461,3649,812
06075020500,2890,2666,224
06075020600,5052,4755,297
06075020700,5169,4429,740
06075020800,6292,3640,2652
06075020900,4927,2543,2384
06075021000,4618,3661,957
06075021100,4180,3772,408
06075021200,3098,2861,237
06075021300,2714,2513,201
06075021400,3736,3279,457
06075021500,4920,4529,391
06075021600,4551,3923,628
06075021700,4094,3511,583
06075021800,4112,3638,474
06075022600,2082,1898,184
06075022702,2239,2017,222
06075022704,3411,3170,241
06075022801,5278,3386,1892
06075022802,2402,1300,1102
06075022803,4637,2413,2224
06075022901,5691,2227,3464
06075022902,2712,1597,1115
06075022903,3148,1624,1524
06075023001,5204,4818,386
06075023003,4330,3540,790
06075023102,4653,4054,599
06075023103,2904,2378,526
06075023200,4414,2692,1722
06075023300,3203,2585,618
06075023400,3176,2140,1036
06075025100,3620,2930,690
06075025200,5845,4480,1365
06075025300,4349,3262,1087
06075025401,4044,2236,1808
06075025402,2965,2349,616
06075025403,5315,3205,2110
06075025500,9446,6072,3374
06075025600,5504,4332,1172
06075025701,5116,3960,1156
06075025702,4739,3467,1272
06075025800,2061,1303,758
06075025900,4498,3394,1104
06075026001,5901,3338,2563
06075026002,3359,2329,1030
06075026003,5261,2691,2570
06075026004,4924,3230,1694
06075026100,7156,5093,2063
06075026200,7671,5951,1720
06075026301,4830,3440,1390
06075026302,4717,3522,1195
06075026303,4844,3452,1392
06075026401,3710,3113,597
06075026402,4734,3352,1382
06075026403,3868,3042,826
06075026404,2823,2199,624
06075030101,4936,4479,457
06075030102,5073,4638,435
06075030201,4327,4083,244
06075030202,4621,3940,681
06075030301,6024,5654,370
06075030302,4143,3790,353
06075030400,5568,5367,201
06075030500,2950,2577,373
06075030600,2424,2102,322
06075030700,6673,5869,804
06075030800,6136,5502,634
06075030900,6891,6367,524
06075031000,3601,3103,498
06075031100,6885,5955,930
06075031201,7331,6448,883
06075031202,3220,2850,370
06075031301,4477,4136,341
06075031302,5989,4870,1119
06075031400,6990,5378,1612
06075032601,4908,4568,340
06075032602,4662,4395,267
06075032700,7113,6773,340
06075032801,4207,3897,310
06075032802,4383,4241,142
06075032901,5757,5348,409
06075032902,4463,4255,208
06075033000,8165,7504,661
06075033100,4042,3875,167
06075033201,4165,2891,1274
06075033203,4212,3540,672
06075033204,4262,3591,671
06075035100,8868,8178,690
06075035201,5841,5520,321
06075035202,4650,4343,307
06075035300,7514,7004,510
06075035400,6473,6333,140
06075040100,4525,4352,173
06075040200,5563,5123,440
06075042601,4175,3735,440
06075042602,3090,2915,175
06075042700,4897,4646,251
06075042800,2456,2325,131
06075045100,5093,4517,576
06075045200,7322,6506,816
06075047600,5647,5357,290
06075047701,4322,4110,212
06075047702,4218,4016,202
06075047801,4023,3766,257
06075047802,3937,3552,385
06075047901,6860,6307,553
06075047902,3701,3516,185
06075060100,3828,3486,342
06075060400,1662,1508,154
06075060502,3430,2128,1302
06075060700,10529,9315,1214
06075061000,4730,4079,651
06075061100,4686,4506,180
06075061200,4249,2556,1693
06075061400,6035,4795,1240
06075061500,13057,11917,1140
06075980200,320,304,16
06075980300,89,89,0
06075980401,0,0,0
06075980501,853,774,79
06075980600,476,364,112
06075980900,260,199,61
06075990100,0,0,0
06077000100,4076,2005,2071
06077000300,1842,801,1041
06077000401,3747,2286,1461
06077000402,4097,1983,2114
06077000500,2368,436,1932
06077000600,1891,336,1555
06077000700,4458,1262,3196
06077000801,7561,2310,5251
06077000900,5924,3198,2726
06077001000,4738,2895,1843
06077001101,5273,2828,2445
06077001102,4642,2283,2359
06077001200,5473,4289,1184
06077001300,5151,2742,2409
06077001400,4805,2820,1985
06077001500,8369,3908,4461
06077001600,2193,921,1272
06077001700,4104,801,3303
06077001800,3662,994,2668
06077001900,5366,1199,4167
06077002000,3724,1024,2700
06077002100,5747,1443,4304
06077002201,2744,943,1801
06077002202,5908,1247,4661
06077002300,5119,762,4357
06077002401,4912,1647,3265
06077002402,1615,427,1188
06077002503,2297,1098,1199
06077002504,4522,2267,2255
06077002701,6580,1834,4746
06077002702,4629,627,4002
06077002800,6227,2331,3896
06077003106,3631,2828,803
06077003108,4415,3561,854
06077003109,6219,4457,1762
06077003110,3761,2404,1357
06077003111,3728,2440,1288
06077003112,3395,2214,1181
06077003113,6009,4248,1761
06077003114,10192,8393,1799
06077003203,3545,2807,738
06077003205,3993,2815,1178
06077003208,13294,10142,3152
06077003209,3434,2504,930
06077003210,2978,1961,1017
06077003213,5108,3654,1454
06077003214,3464,2373,1091
06077003215,3946,2810,1136
06077003216,3521,2204,1317
06077003217,3395,2071,1324
06077003305,4070,2486,1584
06077003306,4714,2906,1808
06077003307,5174,2736,2438
06077003308,1611,885,726
06077003310,4225,2876,1349
06077003311,3273,2058,1215
06077003312,2841,1328,1513
06077003313,2887,1635,1252
06077003403,5453,4080,1373
06077003404,6271,4254,2017
06077003405,4445,3002,1443
06077003406,3879,2461,1418
06077003407,2886,1782,1104
06077003409,4346,2465,1881
06077003410,5909,3941,1968
06077003500,21910,15123,6787
06077003601,3275,2192,1083
06077003602,3501,1677,1824
06077003700,3200,1118,2082
06077003801,12270,7016,5254
06077003802,6730,4033,2697
06077003803,5747,2499,3248
06077003900,1465,366,1099
06077004001,2011,950,1061
06077004002,12234,8994,3240
06077004102,7650,5845,1805
06077004104,3610,3013,597
06077004105,4737,3374,1363
06077004106,1697,1134,563
06077004201,6170,4663,1507
06077004202,1592,1400,192
06077004203,4089,2719,1370
06077004204,3126,2539,587
06077004302,5907,4420,1487
06077004303,4825,4055,770
06077004305,5894,4417,1477
06077004307,3840,2664,1176
06077004308,4288,1607,2681
06077004402,5340,3711,1629
06077004403,4191,1362,2829
06077004404,3837,1630,2207
06077004501,2554,1551,1003
06077004502,4023,809,3214
06077004600,6149,3895,2254
06077004701,2882,1943,939
06077004703,3616,2743,873
06077004704,4985,3061,1924
06077004800,5769,3091,2678
06077004901,7634,5428,2206
06077004902,5969,3983,1986
06077005001,5746,4499,1247
06077005003,5682,4345,1337
06077005004,5772,4264,1508
06077005106,6145,4171,1974
06077005108,4740,2229,2511
06077005109,3968,1854,2114
06077005110,7012,3793,3219
06077005113,6597,4379,2218
06077005114,9923,6653,3270
06077005119,7738,5457,2281
06077005122,5880,3787,2093
06077005123,4669,2820,1849
06077005124,3362,1880,1482
06077005125,1892,1061,831
06077005126,4583,2522,2061
06077005127,5810,3486,2324
06077005129,3518,1503,2015
06077005130,3418,1575,1843
06077005131,5013,2460,2553
06077005132,3183,1806,1377
06077005133,4107,2199,1908
06077005134,4932,3224,1708
06077005135,7046,4915,2131
06077005202,7419,5006,2413
06077005206,21368,16486,4882
06077005207,14404,10304,4100
06077005208,5990,4085,1905
06077005209,7222,4205,3017
06077005210,12020,8392,3628
06077005302,7202,3155,4047
06077005303,4668,2129,2539
06077005305,6917,3610,3307
06077005307,3214,1794,1420
06077005308,4180,2497,1683
06077005403,6050,3786,2264
06077005405,3503,1630,1873
06077005406,3337,1460,1877
06077005501,4184,3079,1105
06077005502,1953,1278,675
06079010002,4483,3911,572
06079010016,5250,3309,1941
06079010101,1768,1505,263
06079010102,7047,2928,4119
06079010201,7109,5728,1381
06079010202,5659,3461,2198
06079010204,6262,3866,2396
06079010205,4331,2580,1751
06079010300,9052,7129,1923
06079010403,4018,3333,685
06079010404,2180,1581,599
06079010503,5286,4656,630
06079010504,2987,2678,309
06079010602,3935,3329,606
06079010603,1435,1183,252
06079010701,5270,4584,686
06079010703,3307,2781,526
06079010707,6285,5668,617
06079010901,10454,8997,1457
06079010902,4178,3386,792
06079011001,5534,4868,666
06079011002,3192,2691,501
06079011101,3521,2886,635
06079011102,5293,4493,800
06079011103,2680,1897,783
06079011200,7589,7022,567
06079011300,7975,6084,1891
06079011400,3470,2740,730
06079011501,1683,1283,400
06079011503,3588,3083,505
06079011504,1778,1329,449
06079011600,4000,3702,298
06079011701,4477,4235,242
06079011704,3460,3154,306
06079011800,7227,6771,456
06079011901,2999,2534,465
06079011902,9032,6669,2363
06079012000,7486,5563,1923
06079012102,5998,4134,1864
06079012200,7635,2888,4747
06079012302,4845,4263,582
06079012304,10072,8028,2044
06079012401,6643,3418,3225
06079012402,9340,6253,3087
06079012502,5174,4159,1015
06079012503,6199,4931,1268
06079012505,5083,4514,569
06079012600,8198,6733,1465
06079012702,6956,6181,775
06079012704,9128,8096,1032
06079012800,158,94,64
06079012900,5210,4045,1165
06079013000,2761,2251,510
06079990000,0,0,0
06081600100,5229,4084,1145
06081600200,4201,3054,1147
06081600300,3861,3067,794
06081600401,3415,2521,894
06081600402,5166,3720,1446
06081600500,7549,5298,2251
06081600600,5704,3170,2534
06081600700,7283,5007,2276
06081600800,7375,5950,1425
06081600900,3993,3578,415
06081601000,6493,5349,1144
06081601100,6221,5387,834
06081601200,6819,4974,1845
06081601300,8765,5236,3529
06081601400,7462,5985,1477
06081601501,5414,5035,379
06081601502,5539,4038,1501
06081601601,2744,1882,862
06081601603,5998,5209,789
06081601604,2821,2414,407
06081601605,6531,5706,825
06081601700,4554,2975,1579
06081601800,7185,4794,2391
06081601901,4502,2814,1688
06081601902,5552,4023,1529
06081602000,8100,5518,2582
06081602100,3346,1162,2184
06081602200,7922,2724,5198
06081602300,3990,1953,2037
06081602400,7262,5547,1715
06081602500,5715,5032,683
06081602600,7951,7167,784
06081602700,6062,4721,1341
06081602800,4661,3787,874
06081602900,3864,3162,702
06081603000,4353,3660,693
06081603100,3521,2889,632
06081603200,3646,3049,597
06081603300,6745,5769,976
06081603400,5992,4685,1307
06081603700,5772,4619,1153
06081603801,2339,1925,414
06081603802,5000,3929,1071
06081603900,5611,4098,1513
06081604000,3229,2599,630
06081604101,8243,4462,3781
06081604102,2923,2519,404
06081604200,4081,2172,1909
06081604400,5021,3774,1247
06081604500,3749,3390,359
06081604600,2897,2707,190
06081604700,2686,2484,202
06081604800,4970,4096,874
06081604900,3199,2887,312
06081605000,8524,7708,816
06081605100,3166,2794,372
06081605200,3745,3425,320
06081605300,4715,4299,416
06081605400,5813,5019,794
06081605500,5294,4516,778
06081605600,5981,5758,223
06081605700,5331,5039,292
06081605800,2618,2429,189
06081605900,5954,4353,1601
06081606000,5866,2716,3150
06081606100,4671,2798,1873
06081606200,8080,3193,4887
06081606300,4491,3285,1206
06081606400,5180,4416,764
06081606500,3347,3150,197
06081606600,3688,2900,788
06081606700,2383,2222,161
06081606800,3434,3401,33
06081606900,2551,2327,224
06081607000,3441,3162,279
06081607100,3173,2955,218
06081607200,4168,3066,1102
06081607300,3573,3195,378
06081607400,4858,3765,1093
06081607500,4227,3179,1048
06081607600,3468,2234,1234
06081607701,4163,2463,1700
06081607702,2768,1790,978
06081607800,3459,2568,891
06081607900,3119,2997,122
06081608001,3716,3429,287
06081608002,3600,3431,169
06081608004,6943,6730,213
06081608013,4555,4323,232
06081608023,2718,2644,74
06081608100,3822,3601,221
06081608200,3877,3715,162
06081608300,3736,3607,129
06081608400,6272,4486,1786
06081608501,4906,3817,1089
06081608502,2627,2028,599
06081608600,4516,3512,1004
06081608700,7307,6531,776
06081608800,6024,5526,498
06081608900,6855,5913,942
06081609000,2502,2238,264
06081609100,1617,1136,481
06081609201,3708,3339,369
06081609202,4261,3463,798
06081609300,3575,3217,358
06081609400,3584,3281,303
06081609500,4999,4545,454
06081609601,2923,2764,159
06081609602,1715,1631,84
06081609603,5135,4662,473
06081609700,4660,4254,406
06081609800,4677,3789,888
06081609900,3156,2560,596
06081610000,4798,3656,1142
06081610100,2434,1288,1146
06081610201,6033,1510,4523
06081610202,2468,1442,1026
06081610203,3986,758,3228
06081610302,2756,1455,1301
06081610303,8094,7529,565
06081610304,4532,4070,462
06081610400,6252,1808,4444
06081610500,5261,1671,3590
06081610601,6113,1000,5113
06081610602,3770,2059,1711
06081610700,5205,3464,1741
06081610800,5186,1695,3491
06081610900,6979,3281,3698
06081611000,6468,4108,2360
06081611100,6340,5750,590
06081611200,2901,2343,558
06081611300,5458,4449,1009
06081611400,4412,4188,224
06081611500,2715,2574,141
06081611600,2316,2162,154
06081611700,5349,2393,2956
06081611800,3965,1554,2411
06081611900,10280,4339,5941
06081612000,7408,2502,4906
06081612100,8817,3373,5444
06081612500,4154,3740,414
06081612600,4738,4593,145
06081612700,2114,1993,121
06081612800,3296,3064,232
06081612900,4606,4391,215
06081613000,3484,3410,74
06081613200,6772,6450,322
06081613300,2722,2539,183
06081613400,3157,2854,303
06081613501,4852,3152,1700
06081613502,6510,5197,1313
06081613600,6601,5235,1366
06081613700,8922,6274,2648
06081613800,3731,2925,806
06081613900,6776,5660,1116
06081614000,5556,4495,1061
06081984300,0,0,0
06081990100,0,0,0
06083000101,6636,4501,2135
06083000102,5335,4008,1327
06083000103,3083,2893,190
06083000200,4175,3126,1049
06083000301,2858,1901,957
06083000302,4028,2422,1606
06083000400,4652,4057,595
06083000501,3578,3418,160
06083000502,6531,5858,673
06083000600,4971,4272,699
06083000700,6930,5304,1626
06083000801,3904,800,3104
06083000804,7130,2097,5033
06083000900,3470,1981,1489
06083001000,5491,3431,2060
06083001101,5344,2152,3192
06083001102,5065,1422,3643
06083001203,2878,2098,780
06083001206,5121,1688,3433
06083001208,4563,3775,788
06083001304,7413,5196,2217
06083001306,3434,2834,600
06083001402,3316,3112,204
06083001500,3062,2850,212
06083001601,5516,3701,1815
06083001604,5001,3105,1896
06083001704,3135,1182,1953
06083001706,4202,3120,1082
06083001800,1030,511,519
06083001901,7102,4987,2115
06083001903,6238,4405,1833
06083001905,2464,2121,343
06083001906,5891,5080,811
06083002005,5331,4251,1080
06083002006,2480,1743,737
06083002007,10186,6328,3858
06083002008,6313,4505,1808
06083002009,4303,2985,1318
06083002010,4551,3524,1027
06083002011,6000,2176,3824
06083002012,3202,2530,672
06083002013,2718,2206,512
06083002101,4121,1396,2725
06083002102,2440,903,1537
06083002103,4551,1573,2978
06083002205,5371,1455,3916
06083002206,4952,1314,3638
06083002209,3572,661,2911
06083002210,6153,2186,3967
06083002211,5665,2958,2707
06083002303,6203,900,5303
06083002304,6387,557,5830
06083002305,7217,850,6367
06083002306,9109,2914,6195
06083002402,12548,3001,9547
06083002403,6903,415,6488
06083002404,8675,630,8045
06083002502,7504,1002,6502
06083002604,3138,1709,1429
06083002606,3518,2739,779
06083002702,7859,2172,5687
06083002703,4370,1595,2775
06083002705,4165,1640,2525
06083002706,6702,2354,4348
06083002707,2192,1403,789
06083002708,2569,1831,738
06083002802,7434,4704,2730
06083002806,2424,1433,991
06083002808,7146,5393,1753
06083002809,4968,3364,1604
06083002906,4249,3184,1065
06083002907,4192,3296,896
06083002909,6035,3159,2876
06083002913,3890,3360,530
06083002914,3193,2553,640
06083002915,525,399,126
06083002922,10798,7986,2812
06083002924,6455,5171,1284
06083002926,6002,4465,1537
06083002928,4904,3827,1077
06083002930,7457,4713,2744
06083002932,2251,1546,705
06083003001,5962,2366,3596
06083003004,5203,3519,1684
06083003005,5161,3051,2110
06083003007,3426,3087,339
06083003102,3194,1976,1218
06083980000,8,8,0
06083980100,3,0,3
06083990000,0,0,0
06085500100,7824,3174,4650
06085500200,6269,3724,2545
06085500300,3790,2924,866
06085500400,2417,1482,935
06085500500,5616,4492,1124
06085500600,5165,3976,1189
06085500800,3683,2380,1303
06085500901,4064,3319,745
06085500902,6151,4575,1576
06085501000,4647,2372,2275
06085501101,4567,2724,1843
06085501102,4947,1879,3068
06085501200,4486,2001,2485
06085501300,4575,3344,1231
06085501401,3526,998,2528
06085501402,3285,851,2434
06085501501,4870,1603,3267
06085501502,4609,1486,3123
06085501600,7091,4201,2890
06085501700,4976,912,4064
06085501800,5321,2717,2604
06085501900,5383,3748,1635
06085502001,5562,2645,2917
06085502002,5145,1720,3425
06085502101,5090,4115,975
06085502102,7603,3514,4089
06085502201,6941,4730,2211
06085502202,3264,2659,605
06085502301,3524,2971,553
06085502302,2813,2124,689
06085502400,7037,5796,1241
06085502500,6412,5446,966
06085502601,2747,2371,376
06085502603,2527,2109,418
06085502604,4260,3627,633
06085502701,4918,3844,1074
06085502702,7633,6469,1164
06085502800,4371,3437,934
06085502901,6347,4592,1755
06085502902,7444,5848,1596
06085502903,5318,4196,1122
06085502906,4338,3620,718
06085502907,3797,3196,601
06085502908,6878,5559,1319
06085502909,5406,3788,1618
06085502910,3390,2538,852
06085503001,4216,3757,459
06085503002,3568,2652,916
06085503003,5571,4546,1025
06085503105,2345,1829,516
06085503108,8094,5051,3043
06085503110,5458,1794,3664
06085503111,5257,2907,2350
06085503112,3885,1940,1945
06085503113,5017,917,4100
06085503115,6331,5104,1227
06085503116,5336,4690,646
06085503117,3118,1441,1677
06085503118,5489,2917,2572
06085503121,4540,1875,2665
06085503122,3023,2068,955
06085503123,3877,2240,1637
06085503204,9349,4971,4378
06085503207,4302,3653,649
06085503208,4638,1686,2952
06085503210,4413,2659,1754
06085503211,4696,3492,1204
06085503212,4270,3076,1194
06085503213,4497,3017,1480
06085503214,8652,4563,4089
06085503217,4893,1502,3391
06085503218,4916,970,3946
06085503304,7127,4094,3033
06085503305,6378,3374,3004
06085503306,4276,1666,2610
06085503312,3769,2132,1637
06085503313,4479,3471,1008
06085503315,8280,5459,2821
06085503321,4942,4190,752
06085503322,4504,2685,1819
06085503323,4651,3070,1581
06085503324,3592,3066,526
06085503325,4899,3872,1027
06085503326,7275,6408,867
06085503327,5030,3604,1426
06085503329,3680,3206,474
06085503330,8688,7741,947
06085503331,3492,2707,785
06085503332,5498,4887,611
06085503333,4428,3496,932
06085503334,8607,7890,717
06085503336,3755,2245,1510
06085503337,3748,2834,914
06085503401,4648,1243,3405
06085503402,6090,2078,4012
06085503504,6449,1724,4725
06085503506,6190,2388,3802
06085503507,2542,567,1975
06085503508,7096,2042,5054
06085503509,3870,1602,2268
06085503510,6079,1736,4343
06085503511,3810,2211,1599
06085503601,2946,1348,1598
06085503602,5248,1949,3299
06085503703,4408,1312,3096
06085503707,6222,2888,3334
06085503708,2625,2045,580
06085503709,5877,3595,2282
06085503710,3855,1434,2421
06085503711,5142,972,4170
06085503712,4068,2165,1903
06085503713,3150,1316,1834
06085503802,8328,5049,3279
06085503803,4767,4095,672
06085503804,5509,3917,1592
06085503902,5638,1773,3865
06085503903,3599,1722,1877
06085504001,6302,1598,4704
06085504002,6528,2258,4270
06085504101,4964,1536,3428
06085504102,6100,1480,4620
06085504201,5348,3590,1758
06085504202,4899,2953,1946
06085504307,5575,4795,780
06085504308,4398,3735,663
06085504311,7220,6804,416
06085504314,4837,3649,1188
06085504315,6719,5706,1013
06085504316,5401,4276,1125
06085504317,4886,4462,424
06085504318,5266,3278,1988
06085504319,7343,6296,1047
06085504320,2849,2679,170
06085504321,5415,4473,942
06085504322,5023,4458,565
06085504323,6055,5376,679
06085504410,4670,4114,556
06085504411,5526,4466,1060
06085504412,5217,3960,1257
06085504413,1779,1734,45
06085504414,5790,5481,309
06085504415,5593,4909,684
06085504416,3655,3072,583
06085504417,410,277,133
06085504418,5377,4009,1368
06085504420,4667,4228,439
06085504421,5004,4437,567
06085504422,3923,3103,820
06085504423,2591,2131,460
06085504504,9423,7989,1434
06085504505,7025,6102,923
06085504506,6585,5859,726
06085504507,6255,4751,1504
06085504601,869,626,243
06085504602,1957,977,980
06085504700,753,631,122
06085504802,5373,3940,1433
06085504803,6203,5170,1033
06085504805,6755,5882,873
06085504806,2935,2068,867
06085504901,10593,10260,333
06085505001,9814,8352,1462
06085505006,6631,6265,366
06085505007,4311,3380,931
06085505008,5445,4903,542
06085505009,9290,6300,2990
06085505100,3434,2188,1246
06085505202,6299,4057,2242
06085505203,5665,4657,1008
06085505301,4433,3269,1164
06085505302,3808,3011,797
06085505303,6193,4335,1858
06085505304,3492,2639,853
06085505305,5791,5358,433
06085505401,6482,5902,580
06085505402,3177,2409,768
06085505403,6723,5024,1699
06085505500,4233,3155,1078
06085505600,4256,3365,891
06085505700,7011,5166,1845
06085505800,3854,2870,984
06085505900,7274,6047,1227
06085506000,4589,3814,775
06085506101,4653,3841,812
06085506102,3677,3291,386
06085506103,4962,4451,511
06085506202,7224,6699,525
06085506203,6677,5723,954
06085506204,5806,5270,536
06085506301,5572,4738,834
06085506302,7051,5607,1444
06085506304,5847,3993,1854
06085506305,6812,4383,2429
06085506401,5221,3828,1393
06085506402,6136,4090,2046
06085506501,7787,4169,3618
06085506502,4212,3506,706
06085506503,6339,4942,1397
06085506601,4840,3785,1055
06085506603,4158,3591,567
06085506604,7236,6647,589
06085506605,4126,3000,1126
06085506606,4473,3525,948
06085506701,3664,3125,539
06085506702,6099,4938,1161
06085506703,3645,3190,455
06085506801,6021,5522,499
06085506802,5760,5039,721
06085506803,7213,6118,1095
06085506804,3570,3282,288
06085506900,7713,7312,401
06085507001,6801,6398,403
06085507002,2918,2799,119
06085507100,2811,2494,317
06085507203,2980,2788,192
06085507205,4542,4394,148
06085507206,2842,2744,98
06085507301,6829,6454,375
06085507302,3100,2992,108
06085507401,5595,5500,95
06085507402,4111,3770,341
06085507500,5800,5754,46
06085507600,5593,5440,153
06085507701,3865,3672,193
06085507702,6409,6334,75
06085507703,8022,7832,190
06085507805,5973,5636,337
06085507806,5561,5381,180
06085507807,3320,3232,88
06085507808,5446,5399,47
06085507903,4975,4752,223
06085507904,3240,3156,84
06085507905,6223,5957,266
06085507906,4550,4486,64
06085508001,7966,7334,632
06085508003,2398,2333,65
06085508004,6938,6377,561
06085508101,6928,6707,221
06085508102,3135,3027,108
06085508202,7606,6833,773
06085508203,5263,4964,299
06085508204,4142,3858,284
06085508301,4630,4519,111
06085508303,2570,2513,57
06085508304,8385,7574,811
06085508401,6814,6255,559
06085508403,3237,3079,158
06085508404,6384,5683,701
06085508503,6950,6397,553
06085508504,8853,6511,2342
06085508505,4703,4317,386
06085508507,3171,2863,308
06085508508,5495,4374,1121
06085508601,3821,3079,742
06085508602,4737,3809,928
06085508703,7812,6793,1019
06085508704,6513,5050,1463
06085508800,3783,2484,1299
06085508900,5175,3147,2028
06085509000,8637,4166,4471
06085509102,4851,4459,392
06085509105,7207,5594,1613
06085509106,4289,3248,1041
06085509107,4868,3821,1047
06085509108,4438,3397,1041
06085509109,4603,3960,643
06085509201,4780,4025,755
06085509202,4635,3701,934
06085509302,3192,2815,377
06085509303,3444,2673,771
06085509304,3373,2402,971
06085509401,3738,3483,255
06085509403,5009,3146,1863
06085509404,7091,4764,2327
06085509500,5371,3528,1843
06085509600,3403,3122,281
06085509700,3065,2434,631
06085509801,5679,5038,641
06085509802,3021,2695,326
06085509901,1879,1818,61
06085509902,4833,4346,487
06085510001,6198,5982,216
06085510002,3840,3656,184
06085510100,2970,2833,137
06085510200,4346,4213,133
06085510300,4278,4176,102
06085510400,3289,3197,92
06085510500,4996,4869,127
06085510600,6564,5362,1202
06085510700,5133,4813,320
06085510801,5797,5472,325
06085510802,1864,1747,117
06085510803,2402,2159,243
06085510900,5563,5341,222
06085511000,6813,6451,362
06085511100,5571,5213,358
06085511200,5058,4858,200
06085511301,3888,3659,229
06085511302,4157,3812,345
06085511400,3573,3312,261
06085511500,8111,7466,645
06085511608,3129,2522,607
06085511609,3206,2981,225
06085511701,4349,4065,284
06085511702,2812,2687,125
06085511704,4635,4529,106
06085511705,1113,1066,47
06085511707,2771,2545,226
06085511800,4711,4491,220
06085511905,3182,2870,312
06085511907,4061,3651,410
06085511909,8033,7799,234
06085511910,3235,3183,52
06085511911,4957,4717,240
06085511912,5367,5074,293
06085511913,4343,3694,649
06085511914,5754,5314,440
06085511915,3678,2304,1374
06085511916,4774,4098,676
06085512001,6720,5349,1371
06085512005,6683,4968,1715
06085512017,9119,4709,4410
06085512019,4904,3659,1245
06085512020,7378,4864,2514
06085512021,6161,4618,1543
06085512022,5821,3473,2348
06085512023,6159,3288,2871
06085512024,4740,3454,1286
06085512025,3201,2609,592
06085512026,3986,2350,1636
06085512027,4735,3411,1324
06085512029,7347,5516,1831
06085512030,3018,2346,672
06085512031,4363,3286,1077
06085512032,3193,2041,1152
06085512033,6786,4565,2221
06085512034,3212,2146,1066
06085512035,4551,3040,1511
06085512036,5450,4117,1333
06085512037,3280,2497,783
06085512038,3132,2033,1099
06085512039,4845,3437,1408
06085512042,2809,1631,1178
06085512043,6900,2605,4295
06085512045,5805,4244,1561
06085512047,5465,4010,1455
06085512052,4701,3582,1119
06085512053,4571,2996,1575
06085512100,1495,793,702
06085512200,4531,3669,862
06085512305,4412,3496,916
06085512307,6485,4670,1815
06085512308,8118,6127,1991
06085512309,5135,3748,1387
06085512310,4222,2076,2146
06085512311,3557,2482,1075
06085512312,3135,2047,1088
06085512313,4034,1842,2192
06085512314,6338,3413,2925
06085512401,5078,2556,2522
06085512402,4988,2997,1991
06085512503,8568,6024,2544
06085512505,7880,3082,4798
06085512506,7229,1999,5230
06085512508,8515,2852,5663
06085512509,4227,1744,2483
06085512510,6356,3368,2988
06085512602,2673,1328,1345
06085512603,4421,614,3807
06085512604,4887,620,4267
06085513000,8254,7311,943
06085513500,854,673,181
06087100100,2315,1766,549
06087100200,6369,4678,1691
06087100300,3343,3008,335
06087100400,9692,6975,2717
06087100500,6775,6136,639
06087100600,3706,2946,760
06087100700,1967,1676,291
06087100800,7103,5117,1986
06087100900,4405,3707,698
06087101000,7861,5515,2346
06087101100,5789,5202,587
06087101200,3187,2745,442
06087110100,8222,1939,6283
06087110200,8256,1857,6399
06087110300,7394,385,7009
06087110400,7758,1503,6255
06087110501,7850,2015,5835
06087110502,5727,792,4935
06087110600,7518,1156,6362
06087110700,3141,778,2363
06087120200,4186,3632,554
06087120301,5487,5055,432
06087120302,2892,2467,425
06087120400,4794,4453,341
06087120500,5535,5218,317
06087120600,4803,4336,467
06087120700,3933,3569,364
06087120800,6016,5422,594
06087120900,8576,7630,946
06087121000,3691,3573,118
06087121100,3449,2509,940
06087121200,6187,5617,570
06087121300,4407,2788,1619
06087121401,2812,2009,803
06087121402,4588,2775,1813
06087121403,3582,2570,1012
06087121500,5378,3875,1503
06087121600,6626,5228,1398
06087121700,7416,5370,2046
06087121800,4582,3749,833
06087122001,5552,4822,730
06087122002,3481,3274,207
06087122003,6771,5472,1299
06087122100,3364,2739,625
06087122201,6898,6023,875
06087122202,2331,1890,441
06087122203,3656,3436,220
06087122300,3718,2846,872
06087122400,7126,5825,1301
06087122500,6283,1516,4767
06087123100,2712,1043,1669
06087123300,1721,717,1004
06087990100,0,0,0
06089010100,1485,1322,163
06089010200,2191,2038,153
06089010300,4360,3984,376
06089010400,4011,3795,216
06089010500,5695,4969,726
06089010601,2528,2390,138
06089010602,5464,5133,331
06089010603,1603,1572,31
06089010702,3889,3644,245
06089010703,3172,2991,181
06089010704,4332,3743,589
06089010803,5641,5079,562
06089010804,2802,2582,220
06089010805,5116,4776,340
06089010806,3128,2862,266
06089010807,4473,4174,299
06089010900,3978,3571,407
06089011001,1683,1547,136
06089011002,5325,4622,703
06089011100,3111,2987,124
06089011209,6057,5225,832
06089011300,5051,4242,809
06089011401,3567,3348,219
06089011402,3124,2594,530
06089011403,2829,2742,87
06089011500,5473,5256,217
06089011600,3672,3481,191
06089011701,2490,2305,185
06089011702,3509,2829,680
06089011703,3308,2900,408
06089011801,2407,2168,239
06089011802,2655,2425,230
06089011803,2589,2336,253
06089011900,4594,4454,140
06089012000,4600,3813,787
06089012101,4443,3945,498
06089012102,2080,1914,166
06089012200,6231,5479,752
06089012301,3060,2160,900
06089012302,5378,5031,347
06089012303,3770,3638,132
06089012400,3793,3615,178
06089012500,1543,1470,73
06089012601,4909,4593,316
06089012603,3927,3652,275
06089012604,2314,2174,140
06089012701,4656,4209,447
06089012702,3212,2746,466
06091010000,2931,2626,305
06093000100,1368,572,796
06093000200,1814,1123,691
06093000300,4243,3845,398
06093000400,595,562,33
06093000500,1890,1684,206
06093000600,1875,1707,168
06093000701,3710,3463,247
06093000702,4326,3883,443
06093000703,3277,3034,243
06093000800,3405,3268,137
06093000900,7210,6433,777
06093001000,6587,6006,581
06093001100,2002,1747,255
06093001200,1366,1241,125
06095250103,4560,3778,782
06095250104,2150,1999,151
06095250105,7164,6187,977
06095250106,5037,4537,500
06095250200,3987,3080,907
06095250300,3406,2430,976
06095250400,2573,1905,668
06095250501,2247,1487,760
06095250502,3156,2263,893
06095250601,5132,3493,1639
06095250604,3599,3173,426
06095250605,4230,3510,720
06095250701,3457,2013,1444
06095250801,3866,3151,715
06095250900,2468,2002,466
06095251000,2674,2067,607
06095251100,3105,1519,1586
06095251200,3503,1757,1746
06095251300,2626,2114,512
06095251400,5203,4265,938
06095251500,4253,2614,1639
06095251600,2603,2172,431
06095251701,3657,2816,841
06095251702,2755,2384,371
06095251802,2478,1746,732
06095251803,4925,3124,1801
06095251804,3511,2505,1006
06095251901,5353,3965,1388
06095251902,6080,3856,2224
06095251903,5756,4039,1717
06095252000,4279,3648,631
06095252102,3773,3145,628
06095252103,5260,4383,877
06095252104,5717,5024,693
06095252105,3187,2713,474
06095252106,4456,3475,981
06095252107,3595,3090,505
06095252108,3277,2851,426
06095252201,9063,7785,1278
06095252202,10604,8708,1896
06095252305,5035,4025,1010
06095252306,3404,2628,776
06095252310,3226,2974,252
06095252311,4404,3664,740
06095252312,3369,2723,646
06095252313,5914,4466,1448
06095252314,3821,3014,807
06095252315,4426,3733,693
06095252316,3698,2634,1064
06095252317,7649,6178,1471
06095252401,4516,2311,2205
06095252402,5247,2805,2442
06095252501,2837,1430,1407
06095252502,2376,1641,735
06095252604,3241,2098,1143
06095252605,5850,2890,2960
06095252606,5603,2925,2678
06095252607,4355,1649,2706
06095252608,4282,2186,2096
06095252610,3004,2107,897
06095252611,3247,1813,1434
06095252702,6966,5563,1403
06095252703,4025,2673,1352
06095252704,4753,3785,968
06095252705,6259,4735,1524
06095252706,3911,3120,791
06095252707,5315,3754,1561
06095252801,3115,2623,492
06095252802,1290,1134,156
06095252903,4444,3977,467
06095252904,6143,4353,1790
06095252908,3896,3234,662
06095252909,3014,2373,641
06095252910,6231,4908,1323
06095252911,4926,4466,460
06095252912,5533,4785,748
06095252913,5105,4030,1075
06095252914,5532,4588,944
06095252915,4173,3404,769
06095253000,6528,5040,1488
06095253101,5491,3835,1656
06095253105,5855,4166,1689
06095253106,3464,2694,770
06095253107,6322,4141,2181
06095253108,4661,3642,1019
06095253201,4908,4269,639
06095253203,3941,2935,1006
06095253204,7131,4675,2456
06095253205,3441,2381,1060
06095253206,3051,2628,423
06095253300,3040,2106,934
06095253402,7451,3958,3493
06095253403,5161,3314,1847
06095253404,6775,4288,2487
06095253500,9516,8065,1451
06095980000,0,0,0
06097150100,2508,2301,207
06097150202,5067,3949,1118
06097150203,4981,4221,760
06097150204,3841,3374,467
06097150303,4649,4205,444
06097150304,6101,3571,2530
06097150305,6214,1982,4232
06097150306,3999,2890,1109
06097150500,5191,4886,305
06097150601,4558,2996,1562
06097150602,3966,3280,686
06097150603,6815,5103,1712
06097150607,5471,4759,712
06097150609,4671,3603,1068
06097150610,4043,3371,672
06097150611,4544,3209,1335
06097150612,4343,3804,539
06097150701,4817,3554,1263
06097150702,5002,4307,695
06097150800,5399,4370,1029
06097150901,4954,3457,1497
06097150902,3282,3012,270
06097151000,3940,3298,642
06097151100,5634,4757,877
06097151201,7075,5111,1964
06097151203,4672,4000,672
06097151204,3312,2694,618
06097151301,4715,2940,1775
06097151305,5887,3855,2032
06097151306,3512,2844,668
06097151307,5728,4508,1220
06097151308,4590,4088,502
06097151309,5249,4230,1019
06097151310,5594,4547,1047
06097151311,6500,5618,882
06097151401,7483,4404,3079
06097151402,9313,4737,4576
06097151502,7113,5917,1196
06097151503,3435,3280,155
06097151504,3457,2923,534
06097151601,2840,2715,125
06097151602,3267,3187,80
06097151700,6573,5040,1533
06097151800,5195,4401,794
06097151900,3282,2164,1118
06097152000,1836,1468,368
06097152100,3195,2429,766
06097152201,3704,2992,712
06097152202,6220,4796,1424
06097152203,3553,3204,349
06097152300,4355,3853,502
06097152400,10129,9117,1012
06097152501,4485,3741,744
06097152502,3453,2672,781
06097152600,8121,7447,674
06097152701,5453,4574,879
06097152702,5910,4594,1316
06097152801,5388,3987,1401
06097152802,7122,3712,3410
06097152903,5261,2150,3111
06097152904,5356,4282,1074
06097152905,4252,2755,1497
06097152906,6014,4777,1237
06097153001,7419,3988,3431
06097153002,6473,2760,3713
06097153003,5990,3497,2493
06097153005,7302,5192,2110
06097153006,7825,5437,2388
06097153102,5687,2180,3507
06097153103,4563,1607,2956
06097153104,4181,1594,2587
06097153200,8281,4192,4089
06097153300,12652,7653,4999
06097153401,6624,5809,815
06097153403,3731,3311,420
06097153404,4398,4124,274
06097153501,4639,4124,515
06097153502,4243,3867,376
06097153600,5665,4806,859
06097153703,3039,2837,202
06097153704,3742,3327,415
06097153705,3985,3436,549
06097153706,4430,3976,454
06097153801,10742,6341,4401
06097153804,3175,2335,840
06097153806,3286,2520,766
06097153807,3825,3245,580
06097153808,4293,2131,2162
06097153809,4420,3010,1410
06097153901,4867,3848,1019
06097153902,4346,2334,2012
06097153903,4050,3167,883
06097154000,2744,2104,640
06097154100,3886,2509,1377
06097154201,3897,1983,1914
06097154202,5928,4555,1373
06097154302,3219,3069,150
06097154303,1457,1371,86
06097154304,2183,1891,292
06097990100,0,0,0
06099000101,4790,4043,747
06099000102,4196,3020,1176
06099000201,5547,4604,943
06099000202,8166,5868,2298
06099000203,9482,6189,3293
06099000301,2157,810,1347
06099000302,2687,1367,1320
06099000303,5943,2253,3690
06099000304,5149,1410,3739
06099000402,11257,6877,4380
06099000403,4215,3074,1141
06099000404,5356,3982,1374
06099000501,7646,4667,2979
06099000503,5279,3617,1662
06099000504,9199,6089,3110
06099000505,5304,3690,1614
06099000506,4440,3181,1259
06099000510,8828,4511,4317
06099000601,4819,2956,1863
06099000602,2892,1613,1279
06099000801,6241,4771,1470
06099000803,4407,2147,2260
06099000805,6755,3475,3280
06099000806,4256,2887,1369
06099000807,3651,2353,1298
06099000905,5505,4331,1174
06099000906,6450,4930,1520
06099000907,3201,2547,654
06099000908,4989,3144,1845
06099000909,5159,3567,1592
06099000910,6449,4086,2363
06099000911,5161,3604,1557
06099000912,17984,13328,4656
06099001001,5456,4166,1290
06099001002,3102,2041,1061
06099001100,3864,2732,1132
06099001200,3686,2687,999
06099001300,5621,4097,1524
06099001400,6416,4114,2302
06099001500,6999,3055,3944
06099001601,4938,1650,3288
06099001603,6229,2025,4204
06099001604,3802,791,3011
06099001700,2654,878,1776
06099001800,2321,1610,711
06099001900,5162,3894,1268
06099002002,4582,1969,2613
06099002004,6761,3975,2786
06099002005,3828,1902,1926
06099002006,4657,3011,1646
06099002100,3656,1142,2514
06099002200,6359,1668,4691
06099002301,8626,1561,7065
06099002302,3865,765,3100
06099002401,3802,731,3071
06099002402,6071,691,5380
06099002501,7033,2130,4903
06099002503,4415,1279,3136
06099002504,4688,1570,3118
06099002602,4971,2214,2757
06099002603,2680,1464,1216
06099002604,4446,1673,2773
06099002605,3704,1949,1755
06099002701,3978,1831,2147
06099002702,7543,2303,5240
06099002801,5427,3722,1705
06099002802,6222,3385,2837
06099002803,2889,1940,949
06099002901,4434,3228,1206
06099002902,7808,5816,1992
06099003001,9880,5108,4772
06099003002,8312,2923,5389
06099003100,4235,2223,2012
06099003201,4498,1183,3315
06099003202,17039,7516,9523
06099003300,5479,2089,3390
06099003400,1558,491,1067
06099003500,11269,3606,7663
06099003603,3767,2517,1250
06099003604,8868,6383,2485
06099003605,8100,6213,1887
06099003606,11505,8741,2764
06099003700,4839,2175,2664
06099003802,5663,1493,4170
06099003803,3021,993,2028
06099003804,6559,3186,3373
06099003805,2724,1559,1165
06099003904,4584,2530,2054
06099003905,3937,3176,761
06099003906,5172,3113,2059
06099003907,7413,5673,1740
06099003908,2388,1238,1150
06099003909,5886,4355,1531
06099004000,3610,2432,1178
06101050101,6837,4300,2537
06101050102,4297,2871,1426
06101050201,3078,1912,1166
06101050202,3840,2020,1820
06101050301,2354,1764,590
06101050302,6613,2279,4334
06101050401,4729,3750,979
06101050402,4221,3313,908
06101050403,3566,2647,919
06101050501,6192,4719,1473
06101050503,7163,5643,1520
06101050504,7183,6573,610
06101050601,5819,4621,1198
06101050603,4773,4341,432
06101050604,4074,3248,826
06101050701,4278,1972,2306
06101050702,6104,3085,3019
06101050800,3624,3161,463
06101050900,1593,1026,567
06101051000,2518,1515,1003
06101051100,2550,2161,389
06103000100,4482,3657,825
06103000200,7588,6544,1044
06103000300,4696,3758,938
06103000400,5594,5258,336
06103000500,5037,4459,578
06103000600,5067,3976,1091
06103000700,8100,6607,1493
06103000800,4017,2542,1475
06103000900,3836,2670,1166
06103001000,6511,4012,2499
06103001100,8087,4573,3514
06105000101,2509,2392,117
06105000102,4465,4307,158
06105000200,2183,2101,82
06105000300,3227,2666,561
06105000400,796,764,32
06107000100,4652,3438,1214
06107000201,8887,1074,7813
06107000202,2576,566,2010
06107000301,6672,2577,4095
06107000302,3494,491,3003
06107000401,6263,1020,5243
06107000402,7561,1520,6041
06107000501,6732,333,6399
06107000502,3977,494,3483
06107000600,6609,688,5921
06107000701,2572,761,1811
06107000702,5803,789,5014
06107000800,7204,2298,4906
06107000900,8846,2866,5980
06107001003,22748,11583,11165
06107001004,7702,1663,6039
06107001005,2816,1947,869
06107001006,5799,3938,1861
06107001100,7384,1853,5531
06107001200,993,624,369
06107001301,8141,3573,4568
06107001302,7867,3922,3945
06107001400,5771,2171,3600
06107001501,5408,3659,1749
06107001502,5794,2668,3126
06107001601,5580,1009,4571
06107001602,5460,1346,4114
06107001701,6197,2423,3774
06107001703,6969,4383,2586
06107001704,7020,3976,3044
06107001800,4658,3035,1623
06107001901,3868,1779,2089
06107001902,4228,2859,1369
06107002002,4624,2583,2041
06107002003,6294,3751,2543
06107002004,4648,2676,1972
06107002006,4389,2957,1432
06107002007,8851,4868,3983
06107002008,3006,1496,1510
06107002009,4200,2412,1788
06107002100,2448,1076,1372
06107002202,6222,1395,4827
06107002203,4869,1316,3553
06107002204,6400,1599,4801
06107002302,4553,2718,1835
06107002303,6277,4786,1491
06107002304,1906,926,980
06107002400,12563,6817,5746
06107002500,4454,1187,3267
06107002601,4695,386,4309
06107002602,5570,921,4649
06107002700,5599,4799,800
06107002800,3649,660,2989
06107002901,3627,918,2709
06107002903,5219,2822,2397
06107002904,5183,2069,3114
06107003001,4650,1224,3426
06107003002,3464,949,2515
06107003100,3598,1362,2236
06107003200,7017,980,6037
06107003300,7868,2289,5579
06107003400,7444,2606,4838
06107003501,2833,1759,1074
06107003502,11631,4945,6686
06107003601,6957,3462,3495
06107003602,6984,2683,4301
06107003700,6425,2106,4319
06107003801,3049,960,2089
06107003802,4591,1243,3348
06107003901,6814,1396,5418
06107003902,5829,1962,3867
06107004000,618,434,184
06107004101,9178,1231,7947
06107004102,2204,647,1557
06107004200,7002,779,6223
06107004300,7970,1006,6964
06107004400,7535,868,6667
06107004500,6611,1270,5341
06109001100,3657,3157,500
06109001200,3874,3217,657
06109002100,4912,4353,559
06109002200,8087,7296,791
06109003100,6393,5903,490
06109003200,5399,4877,522
06109004100,5373,4913,460
06109004200,3236,2945,291
06109005100,8298,7538,760
06109005201,2127,1865,262
06109985202,2508,1567,941
06111000100,660,553,107
06111000200,2615,282,2333
06111000302,7896,2034,5862
06111000303,4851,1234,3617
06111000304,4284,879,3405
06111000400,6954,1732,5222
06111000500,1624,434,1190
06111000600,6478,574,5904
06111000701,6787,940,5847
06111000702,3482,803,2679
06111000800,7942,2844,5098
06111000901,2506,2195,311
06111000902,2048,1857,191
06111000903,5664,4457,1207
06111001001,2716,2159,557
06111001002,6405,4539,1866
06111001101,4970,3466,1504
06111001102,3820,3237,583
06111001201,4696,2832,1864
06111001202,6607,5274,1333
06111001204,2952,1432,1520
06111001206,829,577,252
06111001301,8491,4942,3549
06111001302,2186,931,1255
06111001401,4038,2941,1097
06111001402,5342,3640,1702
06111001502,9069,5461,3608
06111001503,5267,3121,2146
06111001506,5202,3476,1726
06111001507,4304,2797,1507
06111001601,1286,884,402
06111001602,2291,1867,424
06111001700,3438,2911,527
06111001800,4540,3912,628
06111001900,3939,3187,752
06111002000,2740,2276,464
06111002102,1606,1408,198
06111002200,6454,2301,4153
06111002300,7447,1828,5619
06111002400,2627,1901,726
06111002500,4872,4340,532
06111002600,3426,2335,1091
06111002700,4112,2970,1142
06111002800,6605,4297,2308
06111002901,5931,3022,2909
06111002905,5439,2042,3397
06111003010,3298,916,2382
06111003011,5788,1055,4733
06111003012,639,11,628
06111003013,5297,1819,3478
06111003100,15235,4162,11073
06111003201,4321,102,4219
06111003300,8972,2194,6778
06111003605,9131,4404,4727
06111003608,3897,1136,2761
06111003609,5909,5530,379
06111003612,4600,4001,599
06111003700,6862,699,6163
06111003801,5024,276,4748
06111003802,2796,221,2575
06111003900,7374,709,6665
06111004000,6995,758,6237
06111004101,7083,1304,5779
06111004200,5603,1558,4045
06111004304,6776,2776,4000
06111004305,2071,1690,381
06111004400,7676,3625,4051
06111004503,4469,989,3480
06111004504,5305,1248,4057
06111004505,2237,442,1795
06111004506,7859,1007,6852
06111004600,2184,1818,366
06111004704,1557,376,1181
06111004710,4761,872,3889
06111004711,3589,1494,2095
06111004715,5331,1513,3818
06111004716,4817,865,3952
06111004717,4360,459,3901
06111004901,7205,2755,4450
06111004902,4941,194,4747
06111005002,2994,196,2798
06111005003,8220,1198,7022
06111005004,7674,3259,4415
06111005100,3811,1924,1887
06111005202,2830,2040,790
06111005203,5693,4588,1105
06111005204,3506,3098,408
06111005205,5895,4486,1409
06111005303,9572,7975,1597
06111005304,5151,4663,488
06111005305,5677,4870,807
06111005306,4888,4023,865
06111005401,4107,2900,1207
06111005403,2609,1326,1283
06111005404,3796,2404,1392
06111005502,5267,3320,1947
06111005503,4244,3047,1197
06111005504,4345,3354,991
06111005600,9691,6865,2826
06111005700,3494,2381,1113
06111005801,5339,4811,528
06111005802,9667,8731,936
06111005901,7059,6208,851
06111005906,6516,5757,759
06111005907,3666,3333,333
06111005908,2830,2487,343
06111005909,3644,2929,715
06111005910,1755,1652,103
06111005911,3817,3122,695
06111006000,4653,3533,1120
06111006100,8638,5066,3572
06111006200,2912,2523,389
06111006301,6349,5554,795
06111006302,3844,3196,648
06111006400,7327,5826,1501
06111006500,3545,1989,1556
06111006600,4324,3761,563
06111006700,3190,2881,309
06111006800,3802,2804,998
06111006900,3977,2872,1105
06111007000,3980,2415,1565
06111007100,6124,3525,2599
06111007201,3569,3131,438
06111007202,4232,3857,375
06111007300,1846,1761,85
06111007402,6352,5843,509
06111007403,6114,5670,444
06111007405,6477,6030,447
06111007406,2542,2394,148
06111007505,3339,2560,779
06111007506,7369,6410,959
06111007507,7038,6334,704
06111007508,3616,2972,644
06111007509,4565,4027,538
06111007510,6121,5563,558
06111007511,2404,2149,255
06111007512,5355,4287,1068
06111007513,1626,1384,242
06111007514,6415,5459,956
06111007606,1644,1345,299
06111007607,6244,5489,755
06111007609,2720,2360,360
06111007610,5260,4309,951
06111007611,4144,826,3318
06111007612,5127,2954,2173
06111007613,4034,2989,1045
06111007614,7714,5356,2358
06111007700,6126,3821,2305
06111007800,4294,2328,1966
06111007901,5426,3305,2121
06111007903,4809,4103,706
06111007904,5712,3927,1785
06111008001,3529,2293,1236
06111008002,5339,2979,2360
06111008004,4929,3128,1801
06111008005,2621,1464,1157
06111008101,3308,2484,824
06111008201,4625,3231,1394
06111008202,4766,3326,1440
06111008302,5676,4212,1464
06111008303,3698,2864,834
06111008304,5683,4541,1142
06111008305,3797,3151,646
06111008306,3968,2789,1179
06111008401,5396,4093,1303
06111008402,5398,4619,779
06111008500,8457,7361,1096
06111008600,8006,1487,6519
06111008700,6292,1354,4938
06111008800,5426,1594,3832
06111008900,3395,562,2833
06111009100,4641,372,4269
06111980000,104,37,67
06111990100,0,0,0
06113010101,7400,4289,3111
06113010102,7336,4640,2696
06113010201,3277,2138,1139
06113010203,5354,3196,2158
06113010204,4608,2586,2022
06113010302,7866,6035,1831
06113010310,5737,4190,1547
06113010312,5631,4646,985
06113010401,4429,3481,948
06113010402,4318,3634,684
06113010501,7761,6481,1280
06113010505,4755,4099,656
06113010508,2453,2213,240
06113010509,3415,2853,562
06113010510,5375,4877,498
06113010511,3482,3038,444
06113010512,3602,3075,527
06113010513,2531,2207,324
06113010602,6078,4836,1242
06113010605,3469,2925,544
06113010606,7610,6509,1101
06113010607,4297,3924,373
06113010608,6295,5290,1005
06113010701,4798,3952,846
06113010703,5693,4925,768
06113010704,2510,2113,397
06113010800,3628,1331,2297
06113010901,5656,2574,3082
06113010902,6263,3125,3138
06113011001,6507,3079,3428
06113011002,3641,2598,1043
06113011101,2939,1512,1427
06113011102,5005,1687,3318
06113011103,3049,1781,1268
06113011203,2402,1935,467
06113011204,5425,3309,2116
06113011205,8232,4481,3751
06113011206,8143,5769,2374
06113011300,8617,4144,4473
06113011400,4348,1928,2420
06113011500,5736,2818,2918
06115040100,4608,3417,1191
06115040200,8101,5684,2417
06115040301,3298,2176,1122
06115040302,2247,1367,880
06115040303,7487,5262,2225
06115040400,5059,3053,2006
06115040500,3866,2181,1685
06115040600,5597,3478,2119
06115040700,12760,9171,3589
06115040800,4337,3491,846
06115040901,3110,2504,606
06115040902,1622,1397,225
06115041000,7419,6673,746
06115041100,4386,4140,246
08001007801,4374,2068,2306
08001007802,4496,1710,2786
08001007900,5631,2346,3285
08001008000,6223,3151,3072
08001008100,1343,1062,281
08001008200,5529,3299,2230
08001008308,5446,3267,2179
08001008309,3803,1163,2640
08001008353,6586,4022,2564
08001008401,4407,3764,643
08001008402,4715,4319,396
08001008505,6904,5109,1795
08001008506,6365,4206,2159
08001008507,7002,4311,2691
08001008508,5816,4325,1491
08001008523,7620,6040,1580
08001008524,8104,6440,1664
08001008526,6710,5824,886
08001008529,7496,6008,1488
08001008533,8237,5636,2601
08001008534,4747,3461,1286
08001008535,3784,2067,1717
08001008536,2797,2108,689
08001008537,6896,4653,2243
08001008538,6517,5441,1076
08001008539,9947,6571,3376
08001008540,7319,5909,1410
08001008541,4897,4516,381
08001008542,7912,6384,1528
08001008543,8514,5622,2892
08001008544,4968,4225,743
08001008545,7721,6626,1095
08001008546,3069,2457,612
08001008547,4103,3079,1024
08001008548,1556,1029,527
08001008549,4451,2999,1452
08001008550,8248,7023,1225
08001008551,1365,1103,262
08001008603,2089,634,1455
08001008604,4970,2315,2655
08001008605,3600,2574,1026
08001008606,6576,2749,3827
08001008705,5126,2219,2907
08001008706,5140,1701,3439
08001008709,7990,2491,5499
08001008801,5941,1712,4229
08001008802,4927,1789,3138
08001008901,2400,995,1405
08001009001,4306,1950,2356
08001009002,10580,3581,6999
08001009101,4694,2272,2422
08001009103,3772,1164,2608
08001009104,6168,2886,3282
08001009202,4708,1791,2917
08001009203,3750,1772,1978
08001009204,7000,4499,2501
08001009206,2199,1440,759
08001009207,4991,2395,2596
08001009304,6151,3571,2580
08001009306,3694,1519,2175
08001009307,4000,1482,2518
08001009308,4789,1163,3626
08001009309,3555,2229,1326
08001009310,5612,2200,3412
08001009316,6916,2677,4239
08001009318,6931,2004,4927
08001009319,2613,1005,1608
08001009320,2800,1226,1574
08001009321,3752,1871,1881
08001009322,4507,2404,2103
08001009323,3946,2533,1413
08001009325,5187,4409,778
08001009326,2588,2182,406
08001009327,3900,2814,1086
08001009401,5392,3741,1651
08001009406,4629,3342,1287
08001009407,5369,3215,2154
08001009408,4539,3961,578
08001009409,5674,5466,208
08001009410,3109,2720,389
08001009411,3163,2333,830
08001009501,3192,1335,1857
08001009502,4342,1502,2840
08001009553,3137,1130,2007
08001009603,6021,4505,1516
08001009604,4630,2605,2025
08001009606,2773,890,1883
08001009607,5266,2866,2400
08001009608,3161,2299,862
08001009751,3724,1859,1865
08001009752,3289,1200,2089
08001015000,2928,1696,1232
08001060000,5154,4669,485
08001060100,7619,5707,1912
08001060200,3726,3005,721
08001061200,1654,1518,136
08001988700,0,0,0
08003960000,1547,1157,390
08003960100,2841,1661,1180
08003960200,6561,4166,2395
08003960300,5404,1899,3505
08005004951,2345,1741,604
08005004952,2560,1965,595
08005005551,3305,1446,1859
08005005552,2516,1587,929
08005005553,3869,2683,1186
08005005611,5201,4687,514
08005005612,3788,3338,450
08005005614,3351,2900,451
08005005619,4506,3922,584
08005005620,2725,2361,364
08005005621,3295,2976,319
08005005622,2345,2264,81
08005005623,4226,4080,146
08005005624,2369,2330,39
08005005625,3086,2599,487
08005005626,3757,3446,311
08005005627,4567,4419,148
08005005628,5777,5515,262
08005005629,2472,2472,0
08005005630,5414,5047,367
08005005631,3253,2962,291
08005005632,3297,3026,271
08005005633,3109,2957,152
08005005634,3108,2962,146
08005005635,5046,4728,318
08005005636,1880,1807,73
08005005700,3482,2716,766
08005005800,2537,2274,263
08005005951,4680,4295,385
08005005952,3473,3186,287
08005006000,2813,2365,448
08005006100,2905,2438,467
08005006200,3217,2818,399
08005006300,2472,2267,205
08005006400,3345,2251,1094
08005006501,2134,1927,207
08005006502,3559,3041,518
08005006601,5592,4049,1543
08005006603,3535,3028,507
08005006604,4349,3570,779
08005006704,4404,4287,117
08005006705,2010,1981,29
08005006706,5074,4713,361
08005006707,5182,4887,295
08005006708,5138,4857,281
08005006709,5501,5184,317
08005006711,4076,3855,221
08005006712,1482,1360,122
08005006713,1421,1341,80
08005006808,5945,5688,257
08005006815,4636,3749,887
08005006854,2774,2393,381
08005006855,5569,5082,487
08005006856,8267,7019,1248
08005006857,2250,2147,103
08005006858,4921,4478,443
08005007101,5025,4626,399
08005007103,1619,1418,201
08005007104,5608,4433,1175
08005007105,5043,3633,1410
08005007106,5495,5006,489
08005007107,7719,7171,548
08005007201,3963,2139,1824
08005007202,4201,1934,2267
08005007301,2340,1187,1153
08005007302,5432,2198,3234
08005007400,5679,2200,3479
08005007500,2689,1298,1391
08005007600,3638,1839,1799
08005007702,4114,2131,1983
08005007703,4545,2773,1772
08005007704,5037,3458,1579
08005015100,2684,2461,223
08005080000,3503,2622,881
08005080100,4601,3236,1365
08005080200,5550,4448,1102
08005080300,5607,4985,622
08005080400,4931,4569,362
08005080500,3692,3274,418
08005080600,3112,2361,751
08005080700,5595,4047,1548
08005080800,3544,1645,1899
08005080900,4753,2923,1830
08005081000,5995,3862,2133
08005081100,6042,4588,1454
08005081200,4388,3355,1033
08005081300,3153,1892,1261
08005081400,4064,3454,610
08005081500,3090,3029,61
08005081600,5183,4204,979
08005081700,2979,2923,56
08005081800,5542,1712,3830
08005081900,6622,3684,2938
08005082000,4198,2769,1429
08005082100,7199,5273,1926
08005082200,5890,4188,1702
08005082300,3575,2568,1007
08005082400,4311,2872,1439
08005082500,2352,1839,513
08005082600,5309,3940,1369
08005082700,3502,3022,480
08005082800,4978,3679,1299
08005082900,4638,3274,1364
08005083000,3501,2967,534
08005083100,6217,5018,1199
08005083200,9168,8374,794
08005083300,4486,3734,752
08005083400,7246,6055,1191
08005083500,5873,4477,1396
08005083600,3650,3213,437
08005083700,4506,4267,239
08005083800,3209,2654,555
08005083900,2981,2626,355
08005084000,2517,1941,576
08005084100,4351,3524,827
08005084200,3816,2891,925
08005084300,3532,2812,720
08005084400,3063,2437,626
08005084500,3022,2200,822
08005084600,5473,4023,1450
08005084700,4661,4079,582
08005084800,3730,3332,398
08005084900,3412,3341,71
08005085000,1720,1540,180
08005085100,6948,6680,268
08005085200,2889,2758,131
08005085300,2450,2210,240
08005085400,4389,3846,543
08005085500,5352,4772,580
08005085600,3283,2783,500
08005085700,4434,3637,797
08005085800,1793,1581,212
08005085900,4240,3470,770
08005086000,7984,6803,1181
08005086100,4769,4088,681
08005086200,6437,5985,452
08005086300,4445,3859,586
08005086400,2122,2004,118
08005086500,5224,4597,627
08005086600,5581,5362,219
08005086700,4122,3862,260
08005086800,7088,6544,544
08005086900,3158,2849,309
08005087000,5203,3834,1369
08005087100,2661,2116,545
08005087200,4210,3954,256
08005087300,8113,5652,2461
08007940400,1313,1045,268
08007974200,5406,4446,960
08007974300,3329,2566,763
08007974400,2307,2008,299
08009964600,1567,1372,195
08009964700,2081,1913,168
08011966700,5816,3978,1838
08013012101,4645,4470,175
08013012102,7458,7062,396
08013012103,3953,3546,407
08013012104,2424,2194,230
08013012105,5604,4382,1222
08013012201,3760,3676,84
08013012202,6189,5420,769
08013012203,7131,5687,1444
08013012204,3833,3592,241
08013012300,6982,6314,668
08013012401,5802,5164,638
08013012501,2645,2406,239
08013012505,4064,3946,118
08013012507,4557,4271,286
08013012508,3227,3067,160
08013012509,3532,3333,199
08013012510,4661,4543,118
08013012511,6207,5446,761
08013012603,3405,3152,253
08013012605,1739,1639,100
08013012607,5122,4600,522
08013012608,2558,2363,195
08013012701,5755,5693,62
08013012705,3949,3541,408
08013012707,2489,2085,404
08013012708,5358,5108,250
08013012709,1835,1782,53
08013012710,3358,3021,337
08013012800,11847,11225,622
08013012903,2377,2163,214
08013012904,5915,5726,189
08013012905,2641,2230,411
08013012907,3316,2888,428
08013013003,5962,5788,174
08013013004,3697,3543,154
08013013005,3420,3187,233
08013013006,5633,5215,418
08013013201,1575,1435,140
08013013202,1463,1375,88
08013013205,5866,5308,558
08013013207,4359,3973,386
08013013208,5716,5392,324
08013013210,5112,3250,1862
08013013211,6257,4166,2091
08013013212,4369,3919,450
08013013213,8122,7115,1007
08013013302,4588,4140,448
08013013305,5137,3594,1543
08013013306,5124,3022,2102
08013013307,3594,2599,995
08013013308,3460,2812,648
08013013401,3796,2210,1586
08013013402,7388,4804,2584
08013013503,5811,3030,2781
08013013505,4728,2231,2497
08013013506,4305,3503,802
08013013507,3180,2315,865
08013013508,7533,6647,886
08013013601,4123,4006,117
08013013602,866,848,18
08013013701,6502,6324,178
08013013702,6126,5858,268
08013060600,5826,5290,536
08013060700,3162,2958,204
08013060800,6904,4657,2247
08013060900,4664,4097,567
08013061300,3594,3247,347
08013061400,3661,3454,207
08014030000,3595,2952,643
08014030100,2375,2114,261
08014030200,1861,1709,152
08014030300,3590,3291,299
08014030400,3833,3420,413
08014030500,5937,5571,366
08014030600,6076,4533,1543
08014030700,2976,2416,560
08014030800,5688,4949,739
08014030900,5882,5258,624
08014031000,5594,5056,538
08014031100,4098,3533,565
08014031200,4203,3683,520
08014031300,2335,2256,79
08014031400,4406,4260,146
08014980100,0,0,0
08014980200,0,0,0
08014980300,0,0,0
08015000100,2709,2204,505
08015000200,4168,3857,311
08015000300,3463,3216,247
08015000401,4577,4409,168
08015000402,3590,2945,645
08017960600,2071,1805,266
08019014700,5060,4950,110
08019014800,1755,1594,161
08019014900,2423,2171,252
08021974800,3935,1443,2492
08021974900,4278,2335,1943
08023972600,1966,966,1000
08023972700,1624,322,1302
08025969600,5537,3829,1708
08027970100,4375,4180,195
08029964600,3640,3256,384
08029964700,3889,3471,418
08029964800,4024,3090,934
08029964900,5476,4362,1114
08029965000,4765,4249,516
08029965100,4407,3631,776
08029965200,4020,3663,357
08031000102,3272,2494,778
08031000201,4082,1683,2399
08031000202,3996,2026,1970
08031000301,5465,4037,1428
08031000302,4413,3803,610
08031000303,4937,4040,897
08031000401,3237,2048,1189
08031000402,4948,3999,949
08031000501,1934,1642,292
08031000502,5977,4064,1913
08031000600,2973,1555,1418
08031000701,3906,1970,1936
08031000702,5173,2761,2412
08031000800,1448,824,624
08031000902,6093,1697,4396
08031000903,6459,1643,4816
08031000904,5111,1392,3719
08031000905,4203,1195,3008
08031001000,4047,779,3268
08031001101,2664,1086,1578
08031001102,3707,2540,1167
08031001301,5115,1546,3569
08031001302,4078,1229,2849
08031001401,6549,1987,4562
08031001402,4707,1776,2931
08031001403,3161,2333,828
08031001500,4170,1697,2473
08031001600,10830,8694,2136
08031001701,5264,4801,463
08031001702,3983,3520,463
08031001800,3387,2084,1303
08031001901,2642,1401,1241
08031001902,812,643,169
08031002000,1918,1790,128
08031002100,5871,3961,1910
08031002300,5988,4474,1514
08031002402,1887,1716,171
08031002403,3633,2757,876
08031002601,3132,2900,232
08031002602,2702,2435,267
08031002701,4673,3772,901
08031002702,5957,5588,369
08031002703,5241,4726,515
08031002801,2705,2525,180
08031002802,4334,3715,619
08031002803,4658,4366,292
08031002901,3246,2952,294
08031002902,4330,4029,301
08031003001,5712,5382,330
08031003002,2560,2340,220
08031003003,3291,2993,298
08031003004,6217,5827,390
08031003101,1576,1248,328
08031003102,3318,2858,460
08031003201,5467,4966,501
08031003202,3136,2924,212
08031003203,3122,2991,131
08031003300,3560,3246,314
08031003401,2542,2433,109
08031003402,4821,4485,336
08031003500,6920,1210,5710
08031003601,4549,2412,2137
08031003602,4594,2691,1903
08031003603,3136,2663,473
08031003701,3394,3071,323
08031003702,4840,4449,391
08031003703,3093,2607,486
08031003800,6688,6277,411
08031003901,4597,4386,211
08031003902,4683,4321,362
08031004002,3417,3229,188
08031004003,4343,3830,513
08031004004,1868,1816,52
08031004005,3069,2764,305
08031004006,4666,4443,223
08031004101,4438,3245,1193
08031004102,4769,3590,1179
08031004103,5600,5070,530
08031004104,4739,4139,600
08031004106,12563,11058,1505
08031004107,6937,6310,627
08031004201,4769,4318,451
08031004202,4515,4031,484
08031004301,4540,4021,519
08031004302,2419,2194,225
08031004303,4054,3938,116
08031004304,5885,5291,594
08031004306,5257,5024,233
08031004403,4536,3097,1439
08031004404,6418,5353,1065
08031004405,8252,7346,906
08031004503,4085,611,3474
08031004504,4506,991,3515
08031004505,4606,897,3709
08031004506,3721,1035,2686
08031004601,5604,2151,3453
08031004602,8417,2081,6336
08031004603,5978,2660,3318
08031004700,6782,2486,4296
08031004801,3221,1842,1379
08031005001,3039,2690,349
08031005002,7179,5734,1445
08031005102,3736,2998,738
08031005104,3545,3019,526
08031005200,3468,3151,317
08031005300,1363,1264,99
08031005502,2048,1379,669
08031005503,4875,3488,1387
08031006701,3231,3134,97
08031006804,2423,2251,172
08031006809,7325,6472,853
08031006810,5583,4824,759
08031006811,6190,5292,898
08031006812,3864,3536,328
08031006813,4258,4015,243
08031006814,4476,3478,998
08031006901,5478,3985,1493
08031007006,4771,3084,1687
08031007013,3646,3066,580
08031007037,4285,2471,1814
08031007088,4621,3865,756
08031007089,4775,4424,351
08031008304,4114,1609,2505
08031008305,4519,1319,3200
08031008306,6365,2792,3573
08031008312,8034,3338,4696
08031008386,4905,1607,3298
08031008387,7028,2884,4144
08031008388,8532,4380,4152
08031008389,10222,6882,3340
08031008390,9336,5361,3975
08031008391,7950,5173,2777
08031011902,6602,3639,2963
08031011903,2383,1674,709
08031012001,2086,1608,478
08031012010,5154,4351,803
08031012014,6385,5260,1125
08031015300,3735,3096,639
08031015400,4402,3078,1324
08031015500,3541,2546,995
08031015600,7925,1896,6029
08031015700,5649,2720,2929
08031980000,1449,1092,357
08031980100,0,0,0
08033000100,1789,1696,93
08035013901,7510,6958,552
08035013904,4389,3946,443
08035013905,3508,3262,246
08035013907,4775,4396,379
08035013908,7052,6849,203
08035013909,6699,6091,608
08035013910,6187,5713,474
08035013911,7043,6492,551
08035014001,6933,5876,1057
08035014005,5153,4829,324
08035014006,6300,5783,517
08035014007,2871,2520,351
08035014008,6986,6502,484
08035014009,3554,3306,248
08035014010,5556,5015,541
08035014011,2476,2241,235
08035014012,7736,7014,722
08035014013,5842,5378,464
08035014107,3880,3705,175
08035014108,5041,4796,245
08035014109,2810,2638,172
08035014110,5639,5139,500
08035014112,4281,3909,372
08035014113,3365,2976,389
08035014114,3467,3155,312
08035014115,4246,3994,252
08035014116,5628,5142,486
08035014122,7417,6930,487
08035014123,3146,2883,263
08035014124,5637,5165,472
08035014125,3608,3414,194
08035014126,1852,1720,132
08035014127,5319,4978,341
08035014128,5053,4479,574
08035014129,3999,3779,220
08035014130,8105,7469,636
08035014131,4059,3800,259
08035014132,6320,6122,198
08035014133,6854,5955,899
08035014134,6564,5967,597
08035014135,3589,3352,237
08035014136,9224,8285,939
08035014137,10173,9433,740
08035014138,3485,3187,298
08035014139,4063,3805,258
08035014140,5368,5124,244
08035014202,1956,1811,145
08035014203,6783,6319,464
08035014204,3261,2849,412
08035014300,722,683,39
08035014403,5286,5032,254
08035014404,2700,2647,53
08035014405,7657,6912,745
08035014406,10193,9445,748
08035014503,5380,4353,1027
08035014504,4606,3948,658
08035014505,4998,4678,320
08035014506,4212,3813,399
08035014602,2664,2490,174
08035014603,6996,6406,590
08035014604,4062,3645,417
08037000100,1552,701,851
08037000200,7155,4408,2747
08037000301,5976,3813,2163
08037000302,2199,1563,636
08037000401,4531,3229,1302
08037000402,4509,2934,1575
08037000403,8313,6855,1458
08037000501,660,643,17
08037000502,4471,3364,1107
08037000503,6444,3303,3141
08037000600,1387,976,411
08037000701,1272,1202,70
08037000702,1582,1539,43
08037000703,2843,2640,203
08039961100,2071,1999,72
08039961204,7649,6982,667
08039961205,1738,1709,29
08039961206,3477,3279,198
08039961207,3910,3683,227
08039961208,3205,2944,261
08039961209,2175,2115,60
08041000101,6194,5038,1156
08041000102,3674,3299,375
08041000202,4626,3999,627
08041000203,4236,3810,426
08041000301,3077,2369,708
08041000302,4739,3817,922
08041000400,2172,1957,215
08041000500,2281,2144,137
08041000600,3257,2874,383
08041000700,3265,2771,494
08041000800,2980,2683,297
08041000900,2368,2303,65
08041001000,2361,2190,171
08041001101,1295,944,351
08041001104,3207,2487,720
08041001301,2435,2055,380
08041001302,5032,4435,597
08041001400,3436,3052,384
08041001500,2293,1981,312
08041001600,3487,3089,398
08041001700,1950,1685,265
08041001800,1907,1781,126
08041001900,4558,3303,1255
08041002000,7029,5019,2010
08041002101,3698,2924,774
08041002102,4658,3077,1581
08041002200,2641,2140,501
08041002300,1677,1388,289
08041002400,5729,4643,1086
08041002501,3513,3264,249
08041002502,4370,3777,593
08041002700,3131,2565,566
08041002800,6262,3795,2467
08041002900,6077,4028,2049
08041003000,4778,3933,845
08041003100,4379,4300,79
08041003303,5493,4298,1195
08041003305,7485,6834,651
08041003306,3182,2949,233
08041003307,3406,2868,538
08041003308,6396,5478,918
08041003400,3441,3272,169
08041003701,7739,6862,877
08041003702,5134,4717,417
08041003705,5673,5169,504
08041003706,4916,4524,392
08041003707,4164,3676,488
08041003708,2876,2425,451
08041003709,6368,5867,501
08041003801,1979,1701,278
08041003802,3978,3671,307
08041003902,11965,10649,1316
08041003905,3487,3176,311
08041003906,6553,5799,754
08041003909,6807,6419,388
08041004008,2717,2357,360
08041004009,1867,1282,585
08041004100,4851,3973,878
08041004200,3704,2973,731
08041004300,6590,5131,1459
08041004401,9234,7763,1471
08041004402,5639,4556,1083
08041004403,1252,994,258
08041004501,4339,3045,1294
08041004502,5674,4823,851
08041004503,13707,11299,2408
08041004506,4833,4002,831
08041004507,3172,2576,596
08041004508,6390,4837,1553
08041004510,8697,7286,1411
08041004511,7449,5872,1577
08041004601,3610,3369,241
08041004602,3993,3566,427
08041004603,6780,6033,747
08041004701,5005,4212,793
08041004702,2447,2178,269
08041004703,6017,5259,758
08041004705,8233,7382,851
08041004706,5201,4537,664
08041004800,5293,4370,923
08041004901,3895,2841,1054
08041004902,5812,5224,588
08041005000,5217,4142,1075
08041005104,8093,6877,1216
08041005105,7166,6094,1072
08041005106,10158,9012,1146
08041005107,8260,6966,1294
08041005108,9179,7865,1314
08041005109,7657,6674,983
08041005110,4244,3383,861
08041005111,7343,6142,1201
08041005201,4571,2307,2264
08041005202,2734,2260,474
08041005300,4976,3206,1770
08041005400,5879,3345,2534
08041005501,4616,4143,473
08041005502,4676,3650,1026
08041005601,5345,4640,705
08041005602,3304,2715,589
08041005700,6250,5473,777
08041005800,3129,2742,387
08041005900,6658,5578,1080
08041006000,6364,4647,1717
08041006100,4279,2215,2064
08041006200,5410,3141,2269
08041006301,5169,3539,1630
08041006302,5626,3147,2479
08041006400,7028,4842,2186
08041006501,3855,2215,1640
08041006502,6595,4354,2241
08041006600,2397,2294,103
08041006700,5969,5471,498
08041006801,4345,3865,480
08041006802,3913,3622,291
08041006901,5455,4880,575
08041006902,5361,4810,551
08041007000,4102,3819,283
08041007101,7558,6479,1079
08041007102,9385,8664,721
08041007201,8859,8069,790
08041007202,9230,8525,705
08041007300,9705,9362,343
08041007400,8605,8199,406
08041007500,8203,7688,515
08041007601,6984,6255,729
08041007602,3448,3298,150
08041007700,5701,5182,519
08041007800,5165,4843,322
08041007900,2531,2439,92
08041008000,4259,3426,833
08043978100,3916,3654,262
08043978200,3790,3375,415
08043978300,5571,5045,526
08043978400,2295,2009,286
08043978500,5431,5103,328
08043978600,3042,2720,322
08043978800,2617,2409,208
08043979000,3482,3378,104
08043979100,3029,2884,145
08043979200,1760,1606,154
08043979400,3181,2731,450
08043980100,533,421,112
08043980200,2835,1919,916
08043980300,5353,3544,1809
08045951600,3764,2564,1200
08045951701,4022,2783,1239
08045951702,3481,2899,582
08045951802,3999,2882,1117
08045951803,6192,3594,2598
08045951804,4104,3192,912
08045951901,4733,3643,1090
08045951902,7205,4905,2300
08045952001,5112,3309,1803
08045952002,8225,6894,1331
08045952100,6658,4774,1884
08047013800,5708,5174,534
08049000100,2915,2566,349
08049000201,4776,4532,244
08049000202,6799,6241,558
08051963600,3770,3679,91
08051963700,6325,5174,1151
08051963800,4936,4800,136
08051963900,858,823,35
08053973100,856,830,26
08055960600,3194,1308,1886
08055960900,3327,2967,360
08057955600,1306,1080,226
08059009806,3862,3740,122
08059009807,1671,1447,224
08059009808,5584,5227,357
08059009815,5161,4715,446
08059009823,4825,4321,504
08059009824,5100,4493,607
08059009827,6351,5654,697
08059009828,5507,4794,713
08059009829,1910,1719,191
08059009830,2193,1946,247
08059009831,2414,1989,425
08059009832,2704,2250,454
08059009833,6023,4724,1299
08059009834,4565,3876,689
08059009835,3763,3412,351
08059009836,4116,3875,241
08059009837,3243,3064,179
08059009838,5320,4879,441
08059009839,2419,2230,189
08059009840,3990,3774,216
08059009841,2433,2101,332
08059009842,3294,3057,237
08059009843,7806,7442,364
08059009845,4032,3954,78
08059009846,4430,4309,121
08059009847,3096,2943,153
08059009848,2557,2456,101
08059009849,5844,5325,519
08059009850,2550,2504,46
08059009851,3772,3549,223
08059009852,3855,3648,207
08059009900,2461,2314,147
08059010000,5718,5009,709
08059010100,4675,4173,502
08059010205,2437,2325,112
08059010206,4176,3855,321
08059010208,5903,5125,778
08059010209,6558,4604,1954
08059010210,3420,3117,303
08059010211,3450,2877,573
08059010212,4239,3331,908
08059010213,5000,3844,1156
08059010303,5365,4628,737
08059010304,2757,2607,150
08059010305,3946,3243,703
08059010306,2869,2473,396
08059010307,5082,4250,832
08059010308,5798,4817,981
08059010402,5337,3791,1546
08059010403,4887,3666,1221
08059010405,2442,1874,568
08059010406,2568,1099,1469
08059010502,5406,4229,1177
08059010503,4431,3956,475
08059010504,3054,2730,324
08059010603,3397,2728,669
08059010604,2277,1495,782
08059010701,4207,3562,645
08059010702,5619,3220,2399
08059010801,2545,2044,501
08059010901,4607,4070,537
08059010902,2528,1946,582
08059011000,6066,4696,1370
08059011100,5824,4221,1603
08059011202,4820,4112,708
08059011300,3061,2166,895
08059011401,2763,1254,1509
08059011402,4109,2405,1704
08059011550,6306,4274,2032
08059011601,4269,2150,2119
08059011602,4711,2210,2501
08059011701,4896,4203,693
08059011702,5744,4736,1008
08059011708,3924,3277,647
08059011709,3336,2627,709
08059011710,3989,3431,558
08059011711,4184,3815,369
08059011712,4352,3827,525
08059011720,4942,4697,245
08059011721,2727,2588,139
08059011723,3595,3193,402
08059011724,5348,5051,297
08059011725,1700,1536,164
08059011726,6213,5665,548
08059011727,3614,3115,499
08059011728,2693,2372,321
08059011729,3982,3043,939
08059011730,3367,2669,698
08059011731,4139,3303,836
08059011732,4920,3859,1061
08059011733,1467,1066,401
08059011803,5392,3143,2249
08059011804,4347,2942,1405
08059011805,4918,3249,1669
08059011806,4754,2780,1974
08059011904,2114,1808,306
08059011951,3285,2544,741
08059012022,5829,5267,562
08059012023,3520,3176,344
08059012024,5230,4872,358
08059012026,3556,3401,155
08059012027,3250,2884,366
08059012030,3927,3802,125
08059012031,4182,3721,461
08059012032,2601,2514,87
08059012033,2776,2721,55
08059012034,3618,3370,248
08059012035,5272,5072,200
08059012036,3863,3756,107
08059012037,3409,3134,275
08059012038,3618,3180,438
08059012039,5675,4571,1104
08059012041,5918,4903,1015
08059012042,4076,3680,396
08059012043,5764,5156,608
08059012044,3805,3219,586
08059012045,5940,5651,289
08059012046,2053,1760,293
08059012047,4213,3813,400
08059012048,2346,1988,358
08059012049,3982,3613,369
08059012050,3905,3547,358
08059012051,3649,3494,155
08059012052,5349,4873,476
08059012053,4135,3562,573
08059012054,4047,3680,367
08059012055,3600,3268,332
08059012057,5716,5320,396
08059012058,4024,3884,140
08059012059,3307,3139,168
08059012060,3015,2626,389
08059015800,3744,3394,350
08059015900,3548,2827,721
08059060300,4523,4172,351
08059060400,3642,3217,425
08059060500,5462,5041,421
08059980000,0,0,0
08059980400,1301,1087,214
08061960100,1465,1368,97
08063962100,5799,4493,1306
08063962200,1401,1162,239
08063962300,974,930,44
08065961700,5085,3917,1168
08065961900,2316,930,1386
08067940300,6182,4785,1397
08067940400,5547,4964,583
08067970600,9178,8288,890
08067970701,4957,4276,681
08067970703,5635,5208,427
08067970704,3740,3470,270
08067970800,7039,6172,867
08067970900,4010,3587,423
08067971000,3099,2940,159
08067971100,4607,3620,987
08069000100,2412,2175,237
08069000201,3073,3006,67
08069000202,2615,2193,422
08069000300,2910,2850,60
08069000401,1965,1745,220
08069000402,2766,2489,277
08069000503,5635,5011,624
08069000504,3395,3119,276
08069000505,3738,3310,428
08069000506,3493,2933,560
08069000600,6608,5857,751
08069000700,2849,2591,258
08069000801,1774,1585,189
08069000802,1301,1157,144
08069000901,5233,4795,438
08069000902,3652,3070,582
08069001003,5380,4771,609
08069001004,3228,3020,208
08069001007,3698,2967,731
08069001008,1949,1683,266
08069001009,6340,5907,433
08069001010,2560,2448,112
08069001104,6319,5498,821
08069001106,4618,4269,349
08069001107,5534,4945,589
08069001109,5103,4641,462
08069001110,5695,5019,676
08069001111,2402,2197,205
08069001112,4657,3807,850
08069001113,3434,3123,311
08069001114,2438,2290,148
08069001301,3598,3250,348
08069001304,2703,997,1706
08069001305,2396,1888,508
08069001306,2384,1470,914
08069001307,4378,3711,667
08069001308,5217,4729,488
08069001601,1707,1391,316
08069001602,4892,4334,558
08069001603,5568,4245,1323
08069001605,4498,3974,524
08069001606,3132,3002,130
08069001607,3735,3459,276
08069001608,5578,5037,541
08069001704,9246,7662,1584
08069001706,6576,5699,877
08069001707,5466,4417,1049
08069001708,3695,3175,520
08069001709,14872,13902,970
08069001804,4123,3609,514
08069001806,7825,6834,991
08069001807,5830,5310,520
08069001808,4896,4690,206
08069001809,11244,10329,915
08069001901,4515,3995,520
08069001902,4590,4102,488
08069001903,3604,3516,88
08069002005,5454,4752,702
08069002007,3378,3073,305
08069002008,4131,3553,578
08069002010,2595,2451,144
08069002011,5523,5148,375
08069002300,3316,3195,121
08069002401,1196,1062,134
08069002402,2657,2536,121
08069002501,9390,8685,705
08069002502,9110,7781,1329
08069002503,3486,2838,648
08069002600,7107,6879,228
08069002700,5796,5565,231
08069002801,3621,3497,124
08069002802,5327,5126,201
08069002803,99,85,14
08071000100,3272,1791,1481
08071000200,2357,1481,876
08071000300,2158,1457,701
08071000400,1963,809,1154
08071000500,1907,808,1099
08071000800,2665,1916,749
08073961700,3699,2660,1039
08073961800,1816,1679,137
08075965900,1412,1174,238
08075966000,2152,2046,106
08075966100,7138,5849,1289
08075966200,4089,3124,965
08075966300,4909,4354,555
08075966400,2162,1965,197
08077000200,2375,1846,529
08077000300,1474,1236,238
08077000400,3553,2879,674
08077000500,3236,2877,359
08077000601,3980,3526,454
08077000602,4917,4025,892
08077000700,4091,3040,1051
08077000800,8787,7160,1627
08077000900,2677,2148,529
08077001001,4649,4214,435
08077001002,6710,5663,1047
08077001101,8031,6700,1331
08077001102,4804,4159,645
08077001200,2277,2174,103
08077001301,9064,6825,2239
08077001302,4664,4237,427
08077001402,5880,5638,242
08077001403,3582,3287,295
08077001404,4760,4455,305
08077001501,12789,10890,1899
08077001502,7465,7044,421
08077001600,3460,3270,190
08077001702,4642,4330,312
08077001703,4300,3873,427
08077001705,5732,4273,1459
08077001706,6306,4839,1467
08077001707,5764,4970,794
08077001800,3176,2900,276
08077001900,5021,4900,121
08079973600,793,678,115
08081000300,2887,2806,81
08081000400,4348,3359,989
08081000500,4337,3652,685
08081000600,1462,1313,149
08083941100,1383,1316,67
08083969000,3253,3005,248
08083969100,3647,3374,273
08083969200,3069,2671,398
08083969300,4987,4472,515
08083969400,4522,3772,750
08083969600,5145,4247,898
08085966100,2198,2078,120
08085966201,2638,2385,253
08085966202,4586,3081,1505
08085966300,5981,3880,2101
08085966400,6122,5031,1091
08085966501,2880,2713,167
08085966502,3870,3303,567
08085966503,3436,2679,757
08085966601,4443,2890,1553
08085966602,4712,4571,141
08087000100,2890,2515,375
08087000200,2918,2407,511
08087000300,2162,1128,1034
08087000400,4095,2759,1336
08087000500,2301,1319,982
08087000600,6261,3298,2963
08087000700,5951,3382,2569
08087000800,1710,1522,188
08089968000,1460,1223,237
08089968100,2777,1024,1753
08089968200,2880,1580,1300
08089968300,3758,2478,1280
08089968400,993,610,383
08089968500,1569,1316,253
08089968600,5003,2596,2407
08091967600,4651,4354,297
08093000100,5926,5298,628
08093000200,3822,3703,119
08093000300,2773,2735,38
08093000400,1542,1491,51
08093000500,2377,2292,85
08095967600,2932,2173,759
08095967700,1415,1403,12
08097000100,7631,6610,1021
08097000401,4364,4205,159
08097000402,3145,2787,358
08097000500,2403,2221,182
08099000100,1286,1119,167
08099000200,2573,1021,1552
08099000300,4715,3359,1356
08099000600,1490,881,609
08099000700,2057,1292,765
08101000100,2694,1654,1040
08101000200,1958,644,1314
08101000300,1992,1502,490
08101000400,2968,1539,1429
08101000500,1923,1298,625
08101000600,2071,765,1306
08101000800,3137,956,2181
08101000902,6040,2422,3618
08101000903,705,574,131
08101000904,3989,2449,1540
08101000905,2232,1291,941
08101001000,5406,1754,3652
08101001100,2384,555,1829
08101001200,2265,534,1731
08101001400,1312,445,867
08101001500,2184,1316,868
08101001600,1789,1407,382
08101001700,4469,2503,1966
08101001800,2223,1227,996
08101001900,1347,803,544
08101002000,3087,1459,1628
08101002100,1674,461,1213
08101002200,1472,590,882
08101002300,3458,1297,2161
08101002400,1929,740,1189
08101002500,3007,1471,1536
08101002600,3762,1470,2292
08101002700,5180,2202,2978
08101002801,5379,2612,2767
08101002802,3440,2333,1107
08101002804,4599,4169,430
08101002806,4071,3074,997
08101002807,4362,2272,2090
08101002808,3313,2126,1187
08101002901,2803,1124,1679
08101002903,6481,3241,3240
08101002906,4322,3414,908
08101002911,2744,2206,538
08101002912,1808,1241,567
08101002913,3246,2645,601
08101002914,3534,2251,1283
08101002915,2478,1729,749
08101002916,2973,2232,741
08101002917,2951,2490,461
08101002918,6499,5489,1010
08101003001,1172,833,339
08101003004,2871,2130,741
08101003103,1865,1005,860
08101003104,2238,1602,636
08101003105,3516,2595,921
08101003106,1279,882,397
08101003200,3470,2250,1220
08101003500,1818,844,974
08101003600,2269,1049,1220
08101980100,0,0,0
08103951100,3802,3390,412
08103951200,2856,2583,273
08105976700,4987,1806,3181
08105976800,2046,927,1119
08105977000,4590,3739,851
08107000100,1830,1817,13
08107000200,1871,1564,307
08107000300,2081,2053,28
08107000400,3921,3272,649
08107000500,4200,4011,189
08107000600,3034,2916,118
08107000700,5052,4785,267
08107000800,1991,1913,78
08109977600,3368,2970,398
08109977700,2887,902,1985
08111972600,552,422,130
08113968101,1972,1622,350
08113968102,1873,1610,263
08113968103,2097,2050,47
08113968200,1825,1729,96
08115968300,2367,2038,329
08117000100,8419,6296,2123
08117000200,7248,5756,1492
08117000300,3755,3666,89
08117000401,4618,4189,429
08117000402,5229,5219,10
08119010103,7822,7450,372
08119010104,2046,2005,41
08119010105,5373,5153,220
08119010106,5026,4742,284
08119010201,2542,2051,491
08119010202,663,639,24
08121924100,2086,2006,80
08121924200,2728,2366,362
08123000100,2325,1300,1025
08123000200,3841,2643,1198
08123000300,2254,1905,349
08123000401,3100,2661,439
08123000402,4004,2535,1469
08123000501,3330,579,2751
08123000502,3460,1200,2260
08123000600,2018,802,1216
08123000701,1464,365,1099
08123000703,7138,2125,5013
08123000704,951,332,619
08123000705,1434,944,490
08123000800,3437,2348,1089
08123000900,3386,2072,1314
08123001003,5214,2099,3115
08123001004,4546,1866,2680
08123001005,7352,4372,2980
08123001006,5149,2365,2784
08123001100,4257,2893,1364
08123001201,3948,2647,1301
08123001202,2852,2166,686
08123001300,7681,3745,3936
08123001404,3014,2070,944
08123001405,4294,3120,1174
08123001406,5669,4392,1277
08123001407,2316,2118,198
08123001408,2243,1580,663
08123001409,3073,2633,440
08123001410,3545,3032,513
08123001411,2461,1963,498
08123001412,2479,1971,508
08123001413,2862,1949,913
08123001414,2293,1692,601
08123001415,3348,2811,537
08123001416,2316,2063,253
08123001417,2375,1479,896
08123001500,7047,5856,1191
08123001600,4788,3487,1301
08123001700,5115,3073,2042
08123001800,4449,3024,1425
08123001902,7400,4588,2812
08123001905,4631,2123,2508
08123001906,1455,1005,450
08123001907,3065,1727,1338
08123001908,2381,1371,1010
08123002004,4151,2466,1685
08123002005,833,624,209
08123002006,309,251,58
08123002007,6253,5539,714
08123002008,5200,4654,546
08123002009,1313,1259,54
08123002010,2440,1619,821
08123002011,848,809,39
08123002012,1201,1083,118
08123002013,3047,2703,344
08123002014,1483,1343,140
08123002015,1207,1013,194
08123002016,3366,2652,714
08123002017,554,525,29
08123002018,1460,1357,103
08123002019,4718,4079,639
08123002020,5288,4622,666
08123002021,548,517,31
08123002101,7774,5796,1978
08123002102,13235,11078,2157
08123002103,9058,8245,813
08123002203,1577,1449,128
08123002204,2072,1978,94
08123002205,4934,4282,652
08123002206,3253,3033,220
08123002207,2729,2516,213
08123002208,5055,4675,380
08123002209,1431,1336,95
08123002210,931,918,13
08123002300,5017,3817,1200
08123002501,4873,4416,457
08123002502,6147,4315,1832
08125963100,4725,3739,986
08125963200,5425,4218,1207
09001010101,4132,3943,189
09001010102,4174,4034,140
09001010201,3277,2966,311
09001010202,5546,4932,614
09001010300,4049,3751,298
09001010400,5847,5436,411
09001010500,6050,4817,1233
09001010600,1700,1549,151
09001010700,3730,3253,477
09001010800,3376,3046,330
09001010900,5347,4363,984
09001011000,5496,5060,436
09001011100,4446,4225,221
09001011200,1633,1467,166
09001011300,3615,2055,1560
09001020100,4296,3213,1083
09001020200,3465,3316,149
09001020300,7197,6725,472
09001020400,3937,3221,716
09001020500,4972,4512,460
09001020600,5453,4717,736
09001020700,4207,3658,549
09001020800,2831,2667,164
09001020900,5146,3932,1214
09001021000,3292,3010,282
09001021100,5768,4560,1208
09001021200,4305,3801,504
09001021300,4678,3378,1300
09001021400,6956,3972,2984
09001021500,5905,2964,2941
09001021600,7790,6454,1336
09001021700,7354,5640,1714
09001021801,4348,2652,1696
09001021802,4948,3496,1452
09001021900,6365,4284,2081
09001022000,3037,2011,1026
09001022100,8575,3967,4608
09001022200,4468,2314,2154
09001022300,5836,3097,2739
09001022400,2281,2023,258
09001030100,3527,3341,186
09001030200,3889,3827,62
09001030300,4129,4073,56
09001030400,4295,4128,167
09001030500,5679,5445,234
09001035100,7740,7334,406
09001035200,3097,3000,97
09001035300,4037,3757,280
09001035400,5374,5271,103
09001042500,4027,3679,348
09001042600,4229,3617,612
09001042700,4802,4310,492
09001042800,5027,4284,743
09001042900,1604,1552,52
09001043000,3132,2724,408
09001043100,4894,4213,681
09001043200,3203,2457,746
09001043300,3396,2319,1077
09001043400,4192,3157,1035
09001043500,2534,2154,380
09001043600,2940,2437,503
09001043700,1822,1201,621
09001043800,7902,4853,3049
09001043900,5895,4462,1433
09001044000,6049,3002,3047
09001044100,3249,1913,1336
09001044200,4003,2886,1117
09001044300,3981,3390,591
09001044400,3856,2018,1838
09001044500,3752,1846,1906
09001044600,3441,3376,65
09001045101,4279,4224,55
09001045102,5866,5569,297
09001045200,2308,2244,64
09001045300,2578,2548,30
09001045400,3585,3450,135
09001050100,4138,4084,54
09001050200,4136,4009,127
09001050300,8389,7596,793
09001050400,2369,2220,149
09001050500,5028,4853,175
09001050600,3451,3325,126
09001055100,5719,5260,459
09001055200,4628,4397,231
09001060100,4457,4010,447
09001060200,4460,4205,255
09001060300,3976,3768,208
09001060400,4361,4301,60
09001060500,2769,2638,131
09001060600,2388,2262,126
09001060700,7902,7467,435
09001060800,2095,2041,54
09001060900,2543,2418,125
09001061000,3965,3685,280
09001061100,3942,3844,98
09001061200,2198,1925,273
09001061300,3320,3095,225
09001061400,3043,2413,630
09001061500,4547,4185,362
09001061600,5148,4993,155
09001070100,4699,4317,382
09001070200,4218,2670,1548
09001070300,1177,378,799
09001070400,1604,1393,211
09001070500,2149,1216,933
09001070600,2363,1433,930
09001070900,2694,1196,1498
09001071000,3943,2198,1745
09001071100,4844,2970,1874
09001071200,5602,2728,2874
09001071300,3350,1766,1584
09001071400,3969,2012,1957
09001071600,2526,1082,1444
09001071900,4965,2892,2073
09001072000,3657,2125,1532
09001072100,5187,3496,1691
09001072200,4086,2901,1185
09001072300,6007,3215,2792
09001072400,2724,1329,1395
09001072500,6226,4652,1574
09001072600,8010,6795,1215
09001072700,3843,2721,1122
09001072800,5252,3650,1602
09001072900,4900,3452,1448
09001073000,1865,1190,675
09001073100,5603,3853,1750
09001073200,2555,1762,793
09001073300,3444,2010,1434
09001073400,4433,2253,2180
09001073500,3290,1449,1841
09001073600,2646,991,1655
09001073700,4880,2602,2278
09001073800,2520,1099,1421
09001073900,3603,1286,2317
09001074000,1749,785,964
09001074300,4272,2397,1875
09001074400,4526,2777,1749
09001080100,4649,3430,1219
09001080200,4328,2946,1382
09001080400,5645,4271,1374
09001080500,3105,2948,157
09001080600,2313,1944,369
09001080700,2140,1950,190
09001080800,4935,4536,399
09001080900,5155,4372,783
09001081000,4442,4089,353
09001081100,4870,4424,446
09001081200,5532,4937,595
09001081300,5186,4618,568
09001090100,3421,3258,163
09001090200,8576,7937,639
09001090300,4649,4185,464
09001090400,6846,5927,919
09001090500,4475,4075,400
09001090600,3245,3186,59
09001090700,5265,4766,499
09001100100,6033,5727,306
09001100200,7309,6987,322
09001100300,6442,6165,277
09001105100,4044,3864,180
09001105200,3547,3353,194
09001110100,2407,2190,217
09001110201,5191,4733,458
09001110202,5176,4774,402
09001110301,6347,5902,445
09001110302,2537,2381,156
09001110400,4997,4840,157
09001110500,6080,5910,170
09001110600,8244,7763,481
09001200100,3622,3335,287
09001200200,4973,4530,443
09001200301,5448,4926,522
09001200302,5326,5255,71
09001205100,4348,4146,202
09001205200,6452,6373,79
09001205300,6170,5724,446
09001210100,6030,2436,3594
09001210200,6073,2899,3174
09001210300,5967,4143,1824
09001210400,9036,6272,2764
09001210500,7712,6577,1135
09001210600,6328,3952,2376
09001210701,5196,2557,2639
09001210702,4774,2437,2337
09001210800,6192,5157,1035
09001210900,4990,4615,375
09001211000,4442,3606,836
09001211100,1038,639,399
09001211200,6659,5616,1043
09001211300,3919,3643,276
09001211400,5534,4692,842
09001220100,4960,4529,431
09001220200,5508,4901,607
09001220300,3607,3445,162
09001230100,6854,6455,399
09001230200,2009,1888,121
09001230300,3722,3334,388
09001230400,6256,6037,219
09001230501,4266,4015,251
09001230502,4883,4516,367
09001240100,4564,4383,181
09001240200,4712,4465,247
09001245100,3004,2906,98
09001245200,4334,4143,191
09001245300,4917,4548,369
09001245400,3442,3310,132
09001245500,3161,2827,334
09001245600,6267,6048,219
09001257100,3657,3600,57
09001257200,3641,2293,1348
09001990000,0,0,0
09003330100,2087,2031,56
09003400100,7276,6764,512
09003400200,5951,5682,269
09003400300,7302,7037,265
09003405100,3210,2847,363
09003405200,4079,4016,63
09003405300,6082,5219,863
09003405401,3261,2971,290
09003405402,4044,3389,655
09003405500,5077,4158,919
09003405600,7410,6126,1284
09003405700,2252,2004,248
09003405800,7528,6852,676
09003405900,4516,4074,442
09003406001,4082,2898,1184
09003406002,4946,4752,194
09003406100,3950,2951,999
09003410101,5358,5225,133
09003410102,4182,4084,98
09003415300,2616,1184,1432
09003415400,5445,2955,2490
09003415500,2783,1134,1649
09003415600,4694,2094,2600
09003415700,3132,2328,804
09003415800,2866,1894,972
09003415900,1585,960,625
09003416000,4713,2846,1867
09003416100,5275,1563,3712
09003416200,2987,1037,1950
09003416300,3547,1855,1692
09003416400,3448,2897,551
09003416500,4922,3021,1901
09003416600,2810,1338,1472
09003416700,6583,4252,2331
09003416800,2910,2007,903
09003417100,1572,597,975
09003417200,1620,1153,467
09003417300,1934,1854,80
09003417400,2861,2495,366
09003417500,4573,3718,855
09003420400,3032,2939,93
09003420500,4931,4463,468
09003420600,6196,5595,601
09003420700,3613,3476,137
09003430100,4266,3972,294
09003430201,3289,3139,150
09003430202,4856,4698,158
09003430203,4320,4198,122
09003430301,3562,3485,77
09003430302,2990,2947,43
09003430400,4250,4234,16
09003430500,6875,6615,260
09003430601,5071,4819,252
09003430602,4196,3966,230
09003460100,3256,3194,62
09003460202,4334,4253,81
09003460203,2873,2730,143
09003460204,6197,5979,218
09003460301,5150,4754,396
09003460302,3759,3651,108
09003462101,6422,5961,461
09003462102,3908,3861,47
09003462201,5175,5163,12
09003462202,2847,2770,77
09003464101,5274,5075,199
09003464102,5045,4676,369
09003466101,4542,4267,275
09003466102,5019,4601,418
09003466201,2621,2539,82
09003466202,4496,4398,98
09003466300,4845,4565,280
09003466400,2492,2351,141
09003468101,7123,7030,93
09003468102,4169,4140,29
09003470100,5236,4993,243
09003471100,3826,3460,366
09003471200,3069,2990,79
09003471300,4804,4720,84
09003471400,5363,5000,363
09003471500,3625,3435,190
09003473100,6737,6100,637
09003473400,1712,1600,112
09003473501,4330,3865,465
09003473502,3025,2823,202
09003473601,3156,2894,262
09003473602,2558,2349,209
09003473700,5733,5033,700
09003473800,1783,1620,163
09003476100,4518,4378,140
09003476200,2732,2683,49
09003476300,5287,4893,394
09003477101,4074,4012,62
09003477102,8700,7725,975
09003477200,2844,2752,92
09003480300,2403,2294,109
09003480400,3693,3491,202
09003480500,3503,3257,246
09003480600,4888,3279,1609
09003480700,2265,2171,94
09003480800,4393,4072,321
09003480900,2446,2275,171
09003481000,3484,3420,64
09003481100,3934,3736,198
09003481200,3839,3634,205
09003481300,2948,2867,81
09003484100,5572,5317,255
09003484200,5821,5401,420
09003487100,6717,6299,418
09003487201,4693,4373,320
09003487202,3624,3343,281
09003487300,1609,1587,22
09003487400,2440,2323,117
09003487500,6710,6500,210
09003490100,5151,4533,618
09003490302,8456,8160,296
09003492100,3447,3239,208
09003492200,4113,3482,631
09003492300,5964,4903,1061
09003492400,3052,2942,110
09003492500,3328,3192,136
09003492600,6492,5923,569
09003494100,5955,5314,641
09003494201,4641,4515,126
09003494202,2780,2515,265
09003494300,4244,3752,492
09003494400,4858,4291,567
09003494500,4610,3974,636
09003494600,3502,3325,177
09003496100,2730,1929,801
09003496200,4367,3791,576
09003496300,3548,3037,511
09003496400,2885,2877,8
09003496500,2641,2470,171
09003496600,2630,2601,29
09003496700,3971,3224,747
09003496800,3346,2604,742
09003496900,6491,5554,937
09003497000,4462,4349,113
09003497100,4112,3901,211
09003497200,2299,2063,236
09003497300,5046,4742,304
09003497400,4045,3725,320
09003497500,3907,3622,285
09003497600,2254,2195,59
09003497700,4453,4374,79
09003500100,3875,798,3077
09003500200,2754,1097,1657
09003500300,2231,763,1468
09003500400,1754,691,1063
09003500500,1498,971,527
09003500700,1105,732,373
09003500900,2433,965,1468
09003501200,2665,1867,798
09003501300,1532,1093,439
09003501400,2793,2145,648
09003501500,3667,3239,428
09003501700,1564,710,854
09003501800,3162,1231,1931
09003502100,1986,1734,252
09003502300,6111,2920,3191
09003502400,6215,2164,4051
09003502500,2094,1057,1037
09003502600,4033,1533,2500
09003502700,5090,2963,2127
09003502800,2608,438,2170
09003502900,2981,1304,1677
09003503000,3282,825,2457
09003503100,3793,2817,976
09003503300,2529,1611,918
09003503500,1658,1168,490
09003503700,2561,2411,150
09003503800,3364,2988,376
09003503900,5028,4621,407
09003504000,3248,3206,42
09003504100,1606,642,964
09003504200,5074,3601,1473
09003504300,3007,1266,1741
09003504500,3613,910,2703
09003504800,4255,1574,2681
09003504900,4542,1720,2822
09003510100,2250,1548,702
09003510200,2681,2012,669
09003510300,4720,2928,1792
09003510400,5657,2319,3338
09003510500,3027,2080,947
09003510600,4727,3122,1605
09003510700,4695,3314,1381
09003510800,2819,2145,674
09003510900,3384,2692,692
09003511000,3737,2924,813
09003511100,3413,2757,656
09003511200,3779,2437,1342
09003511300,3451,2673,778
09003511400,2494,2038,456
09003514101,3393,3254,139
09003514102,7402,6540,862
09003514200,3075,2438,637
09003514300,4196,3642,554
09003514400,4442,3645,797
09003514500,4270,3696,574
09003514600,5697,4348,1349
09003514700,4421,3507,914
09003514800,3529,2612,917
09003514900,2699,2598,101
09003515000,2930,2649,281
09003515101,2612,2262,350
09003515102,6328,5849,479
09003515200,3079,2826,253
09003520100,5900,5718,182
09003520201,3678,3561,117
09003520202,4544,4464,80
09003520301,4578,4185,393
09003520302,3940,3621,319
09003520400,7714,7629,85
09003520501,4323,4015,308
09003524100,6426,6182,244
09003524200,6313,5874,439
09003524300,6719,5782,937
09003524400,3212,2170,1042
09003524501,2441,1855,586
09003524502,2416,1988,428
09003524600,3287,2714,573
09003524700,3253,1108,2145
09003980000,0,0,0
09005250100,1668,1631,37
09005253100,3742,3322,420
09005253200,7175,6435,740
09005253300,2236,2089,147
09005253400,5974,5683,291
09005253500,5963,5668,295
09005253600,2411,2201,210
09005260200,3230,2972,258
09005261100,3669,3512,157
09005262100,2726,2713,13
09005263200,1336,1304,32
09005265100,1495,1435,60
09005266100,2881,2813,68
09005267100,3497,3271,226
09005268100,2260,2222,38
09005290100,3710,3696,14
09005293100,1585,1555,30
09005296100,2919,2767,152
09005298300,2703,2690,13
09005298400,2838,2812,26
09005300100,2394,2374,20
09005300400,2034,1977,57
09005300500,3849,3566,283
09005303100,2353,2270,83
09005306100,6824,6609,215
09005310100,4196,3555,641
09005310200,3032,2523,509
09005310300,1416,1213,203
09005310400,2305,2280,25
09005310500,1840,1654,186
09005310601,3652,3551,101
09005310602,4883,4830,53
09005310700,3825,3698,127
09005310801,2744,2254,490
09005310803,4567,3800,767
09005310804,2767,2317,450
09005320100,5945,5546,399
09005320200,4981,4837,144
09005342100,3492,3474,18
09005349100,4929,4832,97
09005349200,2770,2668,102
09005360100,5016,4731,285
09005360200,7718,7647,71
09005360300,3396,3173,223
09005360400,5918,5823,95
09005362101,4295,4064,231
09005362102,5428,5105,323
09005425300,4072,3769,303
09005425400,4380,4316,64
09005425500,3474,3324,150
09005425600,2628,2567,61
09007541100,2442,1816,626
09007541200,5343,4783,560
09007541300,6198,5678,520
09007541401,3110,2973,137
09007541402,5956,5322,634
09007541500,3467,3295,172
09007541600,1319,1003,316
09007541700,3340,2812,528
09007542000,4225,4074,151
09007542100,3625,3368,257
09007542200,1560,1483,77
09007550100,5654,5288,366
09007550201,3927,3733,194
09007550202,3297,3215,82
09007560100,6017,5988,29
09007560200,3387,3216,171
09007570100,4942,4436,506
09007570200,3195,3111,84
09007570300,5912,5296,616
09007580100,4403,4330,73
09007585100,7322,7167,155
09007590100,8303,8133,170
09007595101,3793,3661,132
09007595102,5305,5178,127
09007600100,4290,4193,97
09007610100,2216,2168,48
09007610200,3720,3606,114
09007610300,4179,3733,446
09007610400,2957,2775,182
09007620100,4552,4410,142
09007630100,6594,6414,180
09007640100,6464,6333,131
09007670100,4929,4765,164
09007670200,5245,4934,311
09007680100,6902,6637,265
09007680200,6348,5835,513
09007990100,0,0,0
09009120100,6189,5052,1137
09009120200,6566,4459,2107
09009125100,4557,3697,860
09009125200,6002,4629,1373
09009125300,4932,3486,1446
09009125400,3459,2596,863
09009130101,4890,4186,704
09009130102,2848,2663,185
09009130200,8802,7321,1481
09009140100,3645,3174,471
09009140200,1353,812,541
09009140300,2758,1524,1234
09009140400,3766,2252,1514
09009140500,3653,1543,2110
09009140600,4690,2647,2043
09009140700,4403,3189,1214
09009140800,3527,2638,889
09009140900,4391,3830,561
09009141000,4017,3569,448
09009141100,3105,2893,212
09009141200,4970,4301,669
09009141300,6415,5537,878
09009141400,4561,4013,548
09009141500,5639,4985,654
09009141600,4962,4304,658
09009141800,4226,3520,706
09009141900,5305,4960,345
09009142000,2952,2772,180
09009142100,1695,1105,590
09009142200,1569,1427,142
09009142300,5987,1838,4149
09009142400,6179,2263,3916
09009142500,6337,2368,3969
09009142601,6014,4418,1596
09009142603,3596,2139,1457
09009142604,3044,1645,1399
09009142700,6677,3604,3073
09009142800,4567,4210,357
09009150100,4238,4144,94
09009150200,3468,2950,518
09009150300,4307,3806,501
09009150400,4049,3789,260
09009150500,4197,3967,230
09009150600,6849,6318,531
09009150700,4619,4376,243
09009150800,3900,3745,155
09009150900,3770,3573,197
09009151000,4225,4036,189
09009151100,6798,6375,423
09009151200,3010,2873,137
09009154100,7683,5590,2093
09009154200,6862,5045,1817
09009154500,4241,3051,1190
09009154600,4925,3881,1044
09009154700,6171,5773,398
09009154800,4758,4367,391
09009154900,3502,2806,696
09009155000,5571,4246,1325
09009155100,3216,3095,121
09009157100,2620,2521,99
09009157200,3755,3647,108
09009157300,3077,3026,51
09009157400,4489,4391,98
09009160100,3326,3075,251
09009160200,5599,5429,170
09009161100,5521,5235,286
09009165100,4226,3509,717
09009165200,2309,2242,67
09009165300,2407,2342,65
09009165400,4849,4644,205
09009165500,4602,3880,722
09009165600,5915,4186,1729
09009165700,4432,3729,703
09009165801,6124,5504,620
09009165802,4501,4099,402
09009165900,8183,7908,275
09009166001,6293,5819,474
09009166002,7635,7164,471
09009167100,8222,8021,201
09009167201,3891,3695,196
09009167202,4597,4212,385
09009167300,7178,6863,315
09009170100,1742,689,1053
09009170200,1917,1012,905
09009170300,1817,688,1129
09009170400,1522,1219,303
09009170500,6781,5965,816
09009170600,2628,1995,633
09009170700,2526,1706,820
09009170800,5883,4240,1643
09009170900,1703,962,741
09009171000,1346,707,639
09009171100,6243,4988,1255
09009171200,8720,8187,533
09009171300,3682,2605,1077
09009171400,1772,637,1135
09009171500,2727,1393,1334
09009171600,4648,4045,603
09009171700,4546,3985,561
09009175100,3055,2386,669
09009175200,2350,1885,465
09009175300,4274,3943,331
09009175400,4105,3376,729
09009175500,7877,7631,246
09009175600,4919,4701,218
09009175700,2564,2412,152
09009175800,4026,3801,225
09009175900,5086,4579,507
09009176000,6733,6371,362
09009180100,6664,5880,784
09009180200,5740,4332,1408
09009180300,2294,2115,179
09009180400,2845,2539,306
09009180500,4601,4018,583
09009180601,2796,2576,220
09009180602,4075,3735,340
09009184100,5172,5005,167
09009184200,4313,3957,356
09009184300,4011,3791,220
09009184400,3194,3170,24
09009184500,2576,2540,36
09009184600,2917,2831,86
09009184700,5901,5757,144
09009186100,7349,6937,412
09009186200,6961,6628,333
09009190100,3260,3009,251
09009190200,3536,3439,97
09009190301,6930,6620,310
09009190302,5331,5156,175
09009190303,3325,3280,45
09009194100,5209,5153,56
09009194201,7505,7393,112
09009194202,5533,5477,56
09009341100,6075,5754,321
09009343101,6071,5402,669
09009343102,3851,3711,140
09009343200,6266,5952,314
09009343300,6731,6421,310
09009343400,6335,6231,104
09009344100,4881,4701,180
09009344200,2725,2595,130
09009345100,6918,6248,670
09009345201,7042,6290,752
09009345202,4239,3771,468
09009345300,6611,5911,700
09009345400,6815,5974,841
09009346101,6996,6709,287
09009346102,5920,5631,289
09009347100,5717,5457,260
09009347200,4003,3889,114
09009348111,2839,2771,68
09009348122,4126,3918,208
09009348123,5748,5390,358
09009348124,2435,2293,142
09009348125,4579,4329,250
09009350100,3864,1863,2001
09009350200,3430,1192,2238
09009350300,1893,902,991
09009350400,2741,1207,1534
09009350500,2446,569,1877
09009350800,5906,2791,3115
09009350900,2120,1362,758
09009351000,4237,2290,1947
09009351100,3947,2447,1500
09009351200,4243,2347,1896
09009351300,5922,3903,2019
09009351400,4331,1985,2346
09009351500,5221,3576,1645
09009351601,3639,2624,1015
09009351602,5764,4891,873
09009351700,2827,1430,1397
09009351800,3550,3187,363
09009351900,2409,1991,418
09009352000,4913,4066,847
09009352100,3985,2901,1084
09009352200,2613,1473,1140
09009352300,3213,1703,1510
09009352400,2992,1776,1216
09009352500,2713,2127,586
09009352600,5341,4148,1193
09009352701,2830,2008,822
09009352702,5622,4372,1250
09009352800,6499,4046,2453
09009361100,6528,6150,378
09009361200,5413,5182,231
09009361300,4766,4671,95
09009361401,3668,3268,400
09009361402,2734,2426,308
09009361500,8043,6141,1902
09009990000,0,0,0
09011650100,2392,2324,68
09011660101,3240,3165,75
09011660102,4299,4299,0
09011690300,6029,3353,2676
09011690400,2348,817,1531
09011690500,2696,2026,670
09011690700,1279,852,427
09011690800,3269,2295,974
09011690900,4842,4130,712
09011693300,5437,5115,322
09011693400,4253,3979,274
09011693500,3461,3363,98
09011693600,2898,2851,47
09011693700,3283,2943,340
09011695201,4873,4606,267
09011695202,6501,6099,402
09011696100,4994,4320,674
09011696200,4798,4253,545
09011696300,2653,2420,233
09011696400,5802,4770,1032
09011696500,2928,2679,249
09011696600,3757,3467,290
09011696700,6268,4768,1500
09011696800,3581,2839,742
09011697000,5276,4032,1244
09011700100,4716,4674,42
09011701100,8025,7493,532
09011701200,6961,6544,417
09011702100,4485,4059,426
09011702300,2311,1920,391
09011702400,3690,3535,155
09011702500,4425,3258,1167
09011702600,1125,1108,17
09011702700,5059,4490,569
09011702800,4215,3808,407
09011702900,2418,2333,85
09011703000,3751,3644,107
09011705101,4344,4082,262
09011705102,4424,4225,199
09011705200,3516,3507,9
09011705300,3632,3556,76
09011705400,2561,2528,33
09011707100,5276,5174,102
09011708100,2586,2488,98
09011709100,6668,6584,84
09011709200,5180,4798,382
09011710100,4323,4265,58
09011711100,2952,2855,97
09011712100,1965,1936,29
09011713100,2607,2594,13
09011714101,3226,3208,18
09011714103,7912,7830,82
09011714104,4974,4836,138
09011715100,4169,4104,65
09011716101,5744,5355,389
09011716102,5363,4863,500
09011870100,7259,7129,130
09011870200,5556,4930,626
09011870300,6755,4983,1772
09011870501,4213,3849,364
09011870502,3918,3409,509
09011870701,2109,1980,129
09011870703,1691,1515,176
09011870704,4022,3777,245
09011980000,2750,2341,409
09011990100,0,0,0
09013526101,4567,4526,41
09013526102,5013,4807,206
09013528100,3211,3126,85
09013529100,4950,4735,215
09013530100,2341,2270,71
09013530200,6027,5110,917
09013530301,5358,4858,500
09013530302,6267,5964,303
09013530400,3432,3182,250
09013530500,3165,3061,104
09013530600,2550,2495,55
09013533101,9406,9030,376
09013533102,5498,5448,50
09013535100,9349,8914,435
09013535200,6531,6339,192
09013538100,2102,1547,555
09013538201,5190,5004,186
09013538202,4076,4060,16
09013840100,5927,5555,372
09013850100,5279,5084,195
09013850200,7167,6885,282
09013860100,5456,5230,226
09013881100,4051,3679,372
09013881200,11178,10409,769
09013881300,5011,4773,238
09013881500,5769,5650,119
09013890100,4093,3844,249
09013890201,3707,3609,98
09013890202,5018,4866,152
09015800300,7098,4921,2177
09015800400,3866,2456,1410
09015800500,7046,4851,2195
09015800600,3860,1221,2639
09015800700,3128,2026,1102
09015815000,2370,2263,107
09015820000,1774,1725,49
09015825000,1684,1626,58
09015830100,4270,4173,97
09015900100,4675,4656,19
09015900200,4652,4555,97
09015901100,7860,7686,174
09015902200,1734,1717,17
09015902500,4182,4072,110
09015903100,7102,6850,252
09015903200,2317,2282,35
09015904100,7185,7088,97
09015904400,4117,3907,210
09015904500,5887,5370,517
09015905100,8258,7810,448
09015906100,5078,5072,6
09015907100,4799,4694,105
09015907200,5433,4918,515
09015907300,4942,4700,242
09015908100,3761,3704,57
10001040100,6498,6260,238
10001040201,5143,4814,329
10001040202,14552,13952,600
10001040203,6019,5866,153
10001040501,4424,3926,498
10001040502,2173,1998,175
10001040700,4680,4277,403
10001040900,2935,2834,101
10001041000,6490,5665,825
10001041100,3757,3242,515
10001041200,4808,4357,451
10001041300,2169,1956,213
10001041400,3739,3250,489
10001041500,4485,4304,181
10001041600,2060,1976,84
10001041701,5926,5672,254
10001041702,4698,4506,192
10001041801,9776,9326,450
10001041802,5428,4951,477
10001041900,5386,5073,313
10001042000,3021,2967,54
10001042100,3918,3655,263
10001042201,11271,10355,916
10001042202,9618,9101,517
10001042500,3768,2599,1169
10001042800,6903,6532,371
10001042900,4855,4673,182
10001043000,5583,5495,88
10001043100,2871,2802,69
10001043202,3839,3694,145
10001043300,6163,5894,269
10001043400,4518,4176,342
10001990000,0,0,0
10003000200,6327,5755,572
10003000300,2912,2779,133
10003000400,3018,2878,140
10003000500,3159,3140,19
10003000601,3052,2919,133
10003000602,3503,3496,7
10003000900,2050,1946,104
10003001100,3248,3071,177
10003001200,1643,1485,158
10003001300,3510,3437,73
10003001400,2360,1968,392
10003001500,2048,1994,54
10003001600,2130,1857,273
10003001902,1812,1780,32
10003002100,1968,1776,192
10003002200,2847,1514,1333
10003002300,3189,2018,1171
10003002400,4869,3899,970
10003002500,3098,2787,311
10003002600,4122,2578,1544
10003002700,2524,1982,542
10003002800,1474,1352,122
10003002900,3528,3422,106
10003003002,3111,2931,180
10003010101,4235,3994,241
10003010104,3771,3562,209
10003010200,2071,1962,109
10003010300,3184,3036,148
10003010400,4771,4721,50
10003010502,6256,5807,449
10003010702,5584,5409,175
10003010800,5035,4819,216
10003010900,2635,2509,126
10003011000,3176,2981,195
10003011100,2710,2660,50
10003011201,2410,2362,48
10003011202,4133,3949,184
10003011203,4781,4781,0
10003011204,3260,3154,106
10003011205,1949,1905,44
10003011206,4284,4180,104
10003011300,2172,2136,36
10003011400,3369,3352,17
10003011500,2878,2707,171
10003011600,3528,3330,198
10003011700,3968,3892,76
10003011800,4043,4043,0
10003011900,3450,2836,614
10003012000,4784,3672,1112
10003012100,2891,2564,327
10003012200,4389,3203,1186
10003012300,2828,2151,677
10003012400,4431,3594,837
10003012500,5285,4139,1146
10003012600,2714,2217,497
10003012700,4106,3635,471
10003012900,4748,3263,1485
10003013000,1837,1665,172
10003013100,2235,1815,420
10003013200,2709,2101,608
10003013300,1806,1666,140
10003013400,2426,2386,40
10003013501,6524,6494,30
10003013503,7421,7402,19
10003013505,2986,2964,22
10003013506,4581,4428,153
10003013604,4339,4011,328
10003013607,5215,4924,291
10003013608,2119,1884,235
10003013610,6264,5561,703
10003013611,5240,4900,340
10003013612,6011,5842,169
10003013613,5805,5504,301
10003013614,3172,2313,859
10003013615,3905,3259,646
10003013700,4054,2888,1166
10003013800,4850,4372,478
10003013901,3331,2806,525
10003013903,5251,5026,225
10003013904,8164,7272,892
10003014000,5391,4711,680
10003014100,4447,3998,449
10003014200,2047,1829,218
10003014300,6630,6439,191
10003014402,3670,3369,301
10003014403,6175,5557,618
10003014404,3898,3830,68
10003014501,2157,2054,103
10003014502,5672,5352,320
10003014702,1798,1719,79
10003014703,4823,4315,508
10003014705,5258,4652,606
10003014706,3085,2628,457
10003014803,4061,3881,180
10003014805,10074,9600,474
10003014807,8740,8136,604
10003014808,6268,5628,640
10003014809,8195,7504,691
10003014810,7488,7096,392
10003014903,7400,5145,2255
10003014904,4900,4612,288
10003014906,4657,4174,483
10003014907,4937,4635,302
10003014908,2401,2248,153
10003014909,6751,5811,940
10003015000,6177,5114,1063
10003015100,3326,3036,290
10003015200,6145,4534,1611
10003015400,2992,2513,479
10003015502,2806,2439,367
10003015600,2774,2028,746
10003015802,2144,1509,635
10003015900,3741,3092,649
10003016000,2841,2541,300
10003016100,1838,1710,128
10003016200,2631,2167,464
10003016301,5419,4835,584
10003016302,7225,6865,360
10003016305,8109,7820,289
10003016401,7006,6781,225
10003016404,3348,3174,174
10003016601,12137,11261,876
10003016602,8511,8365,146
10003016604,12186,11254,932
10003016608,4620,4556,64
10003016801,5872,5678,194
10003016804,7384,7138,246
10003016901,2115,2109,6
10003016904,4151,3871,280
10003980100,0,0,0
10003990100,0,0,0
10005050101,3685,3425,260
10005050103,4575,4243,332
10005050104,4495,3860,635
10005050105,6019,5065,954
10005050200,3816,3515,301
10005050301,8026,6927,1099
10005050302,5181,4212,969
10005050401,3875,3839,36
10005050403,3654,3246,408
10005050405,4177,3757,420
10005050406,4561,4036,525
10005050407,5418,4991,427
10005050408,4222,3861,361
10005050501,3902,3355,547
10005050503,5706,2620,3086
10005050504,6237,5408,829
10005050601,5403,4809,594
10005050602,6142,5484,658
10005050701,4238,3938,300
10005050703,2073,1915,158
10005050704,4247,4083,164
10005050705,4897,4782,115
10005050706,1784,1774,10
10005050801,3582,3302,280
10005050802,5191,5005,186
10005050803,7728,7090,638
10005050901,2301,2197,104
10005050902,5042,4920,122
10005051003,5203,4835,368
10005051004,4730,4519,211
10005051005,4826,4731,95
10005051006,2909,2842,67
10005051007,4716,4623,93
10005051101,687,687,0
10005051102,890,890,0
10005051103,960,926,34
10005051201,1422,1363,59
10005051202,825,814,11
10005051203,636,617,19
10005051204,591,580,11
10005051205,670,670,0
10005051301,6379,6172,207
10005051302,3277,2790,487
10005051303,5352,5144,208
10005051305,2643,2515,128
10005051306,2659,2487,172
10005051400,3866,2718,1148
10005051500,4823,4237,586
10005051701,4098,3905,193
10005051702,5195,5111,84
10005051801,4527,4183,344
10005051802,4722,4558,164
10005051900,4441,4224,217
10005990000,0,0,0
11001000100,5005,4535,470
11001000201,3733,3323,410
11001000202,4417,4128,289
11001000300,6139,5840,299
11001000400,1607,1331,276
11001000501,3481,2945,536
11001000502,3045,2645,400
11001000600,4848,4039,809
11001000701,5325,5136,189
11001000702,3356,3006,350
11001000801,6740,6131,609
11001000802,3213,2789,424
11001000901,7698,6715,983
11001000902,2467,2097,370
11001001001,7923,7051,872
11001001002,3761,3274,487
11001001100,5016,4634,382
11001001200,4950,4507,443
11001001301,3831,3593,238
11001001302,7366,6652,714
11001001401,3340,3107,233
11001001402,3250,2828,422
11001001500,6268,5945,323
11001001600,4455,4162,293
11001001702,3039,2631,408
11001001803,4059,2877,1182
11001001804,5682,3876,1806
11001001901,3981,3325,656
11001001902,2343,1917,426
11001002001,2959,2076,883
11001002002,3934,3116,818
11001002101,5660,4020,1640
11001002102,5076,4198,878
11001002201,3641,3127,514
11001002202,3845,2746,1099
11001002301,3379,2957,422
11001002302,1722,1684,38
11001002400,4298,3407,891
11001002501,2986,2076,910
11001002502,6042,3745,2297
11001002600,2627,2406,221
11001002701,5856,3847,2009
11001002702,6376,4662,1714
11001002801,3882,2546,1336
11001002802,4514,2595,1919
11001002900,4352,3207,1145
11001003000,3356,3041,315
11001003100,3176,2269,907
11001003200,5078,3805,1273
11001003301,3922,3614,308
11001003302,2213,2078,135
11001003400,4723,4225,498
11001003500,5440,5292,148
11001003600,5123,4284,839
11001003700,5859,4540,1319
11001003800,5038,4105,933
11001003900,4479,4031,448
11001004001,4310,3764,546
11001004002,3137,2888,249
11001004100,2749,2509,240
11001004201,3709,3510,199
11001004202,2492,2209,283
11001004300,3918,3412,506
11001004400,5551,5242,309
11001004600,2833,2669,164
11001004701,4854,4532,322
11001004702,2875,2668,207
11001004801,2560,2377,183
11001004802,3540,3195,345
11001004901,2826,2336,490
11001004902,3155,2358,797
11001005001,2076,1725,351
11001005002,5971,4509,1462
11001005201,6205,5442,763
11001005301,4990,4504,486
11001005500,6780,6192,588
11001005600,6684,5810,874
11001005800,2769,2565,204
11001005900,2760,2511,249
11001006202,65,65,0
11001006400,2455,2351,104
11001006500,2569,2301,268
11001006600,2027,1940,87
11001006700,4184,3942,242
11001006801,2142,2073,69
11001006802,2488,2376,112
11001006804,2803,2643,160
11001006900,2220,2111,109
11001007000,2834,2481,353
11001007100,3349,3233,116
11001007200,4664,4417,247
11001007301,4680,4160,520
11001007304,3427,3405,22
11001007401,2314,2275,39
11001007403,3192,3120,72
11001007404,3785,3629,156
11001007406,2954,2735,219
11001007407,2901,2865,36
11001007408,3607,3561,46
11001007409,3894,3782,112
11001007502,5164,5151,13
11001007503,2648,2631,17
11001007504,2903,2903,0
11001007601,4909,4785,124
11001007603,4034,3678,356
11001007604,4012,3879,133
11001007605,3993,3796,197
11001007703,5521,5225,296
11001007707,4507,4440,67
11001007708,3012,3012,0
11001007709,2275,2147,128
11001007803,3707,3371,336
11001007804,3547,3373,174
11001007806,2078,2076,2
11001007807,2317,2218,99
11001007808,3847,3678,169
11001007809,3074,3025,49
11001007901,3897,3791,106
11001007903,1907,1835,72
11001008001,3162,3034,128
11001008002,3437,3254,183
11001008100,3237,3020,217
11001008200,3006,2778,228
11001008301,2419,2227,192
11001008302,2446,2354,92
11001008402,2129,2053,76
11001008410,1454,1360,94
11001008701,2642,2426,216
11001008702,2026,1836,190
11001008802,4897,4843,54
11001008803,2344,2133,211
11001008804,2500,2302,198
11001008903,3448,3032,416
11001008904,3338,2984,354
11001009000,3045,2927,118
11001009102,5264,5070,194
11001009201,2844,2571,273
11001009203,2686,2401,285
11001009204,2851,2675,176
11001009301,3518,3264,254
11001009302,1043,924,119
11001009400,5293,4888,405
11001009501,7625,5756,1869
11001009503,3437,3344,93
11001009504,3318,2909,409
11001009505,2579,2304,275
11001009507,1777,1521,256
11001009508,3688,3017,671
11001009509,3309,2774,535
11001009601,2383,2365,18
11001009602,3673,3557,116
11001009603,3514,3418,96
11001009604,2123,2068,55
11001009700,3434,3429,5
11001009801,2373,2327,46
11001009802,1757,1690,67
11001009803,2786,2786,0
11001009804,2834,2585,249
11001009807,2871,2850,21
11001009810,2658,2658,0
11001009811,5091,5080,11
11001009901,2718,2671,47
11001009902,2964,2963,1
11001009903,1854,1840,14
11001009904,2596,2493,103
11001009905,2897,2811,86
11001009906,1463,1438,25
11001009907,2942,2858,84
11001010100,2647,2364,283
11001010200,2552,2368,184
11001010300,3265,2528,737
11001010400,4726,4588,138
11001010500,3520,3293,227
11001010600,6449,6110,339
11001010700,1721,1579,142
11001010800,6398,5952,446
11001010900,4309,4244,65
11001011000,3660,3503,157
11001011100,5525,5362,163
12001000200,7295,6659,636
12001000301,3801,3585,216
12001000302,2426,2188,238
12001000400,5658,5178,480
12001000500,5026,4599,427
12001000600,4372,4313,59
12001000700,6547,6420,127
12001000806,1947,1754,193
12001000808,4098,3563,535
12001000809,1237,1134,103
12001000901,5204,4424,780
12001000902,6620,5618,1002
12001001000,6075,5270,805
12001001100,7220,6620,600
12001001201,3226,2767,459
12001001202,6531,5716,815
12001001203,3689,3465,224
12001001400,4134,4028,106
12001001514,1427,1278,149
12001001515,4872,4280,592
12001001516,1804,1586,218
12001001517,5280,4677,603
12001001519,2781,2543,238
12001001520,2289,1732,557
12001001521,3927,3229,698
12001001603,1431,1259,172
12001001604,7815,6755,1060
12001001701,6106,5660,446
12001001702,5244,4705,539
12001001801,7482,6978,504
12001001802,2691,2571,120
12001001803,6186,5831,355
12001001805,1366,1201,165
12001001806,9699,8859,840
12001001811,7075,6230,845
12001001813,3280,2988,292
12001001814,2840,2788,52
12001001902,2903,2771,132
12001001907,2864,2677,187
12001001908,3990,3938,52
12001002000,5808,5664,144
12001002101,1976,1891,85
12001002102,921,891,30
12001002201,4653,4417,236
12001002202,5656,5407,249
12001002204,11272,10472,800
12001002205,10374,9461,913
12001002207,3552,3178,374
12001002208,2636,2368,268
12001002209,8442,7777,665
12001002210,4445,3996,449
12001002217,5711,5085,626
12001002218,2407,2162,245
12001002219,6143,5152,991
12001002220,2030,1884,146
12001110800,2097,1860,237
12003040101,6898,6830,68
12003040102,7559,7293,266
12003040201,7322,7070,252
12003040202,5533,5486,47
12005000201,5143,5064,79
12005000202,5991,5867,124
12005000300,7686,7506,180
12005000400,8499,8211,288
12005000500,5793,5328,465
12005000600,1341,1292,49
12005000700,3444,2840,604
12005000803,5268,4903,365
12005000804,2103,1989,114
12005000805,4537,4203,334
12005000806,4051,3835,216
12005000900,4509,4412,97
12005001000,2338,2246,92
12005001100,4368,3950,418
12005001200,3558,3356,202
12005001301,5504,5289,215
12005001302,6981,6645,336
12005001402,7833,7716,117
12005001403,2146,2065,81
12005001404,6962,6675,287
12005001501,5742,5223,519
12005001502,5734,5524,210
12005001600,4000,3820,180
12005001700,3081,2897,184
12005001800,1610,1543,67
12005001900,4547,4337,210
12005002000,1664,1654,10
12005002200,4473,3451,1022
12005002300,4017,3940,77
12005002400,4389,3802,587
12005002500,3251,3082,169
12005002601,2539,2306,233
12005002603,2813,2654,159
12005002604,7763,7532,231
12005002605,1007,943,64
12005002606,1483,1418,65
12005002607,1008,989,19
12005002608,2656,2560,96
12005002701,4295,3982,313
12005002702,2743,2672,71
12005002703,3449,2999,450
12005002704,6066,5596,470
12005002705,1976,1828,148
12005990000,0,0,0
12007000100,5410,5315,95
12007000200,8642,8176,466
12007000300,7651,7463,188
12007000400,5216,4943,273
12009060101,3700,3643,57
12009060102,3091,3079,12
12009060200,5784,5410,374
12009060300,5431,5015,416
12009060400,4462,4163,299
12009060500,4648,4488,160
12009060600,5307,4991,316
12009060700,2429,2349,80
12009061001,4362,4193,169
12009061002,3222,2908,314
12009061100,6084,5867,217
12009061201,7445,7038,407
12009061202,3536,3282,254
12009062103,7889,7557,332
12009062104,7245,6584,661
12009062106,3191,3032,159
12009062107,2792,2729,63
12009062108,5757,5081,676
12009062109,4621,4312,309
12009062301,4072,3753,319
12009062302,3270,3037,233
12009062400,6913,5416,1497
12009062500,4104,3831,273
12009062600,3337,2239,1098
12009062800,3962,3760,202
12009062900,4995,4747,248
12009063000,4412,4012,400
12009063102,8444,7688,756
12009063104,3533,3240,293
12009063105,9669,8525,1144
12009063106,4008,3535,473
12009063107,10211,9054,1157
12009064102,4652,4474,178
12009064123,5933,5439,494
12009064124,4258,3781,477
12009064125,6172,5255,917
12009064126,4469,4131,338
12009064127,7351,6675,676
12009064128,12447,10731,1716
12009064201,2014,1831,183
12009064202,3009,2567,442
12009064301,6122,5465,657
12009064302,6063,5433,630
12009064400,4733,3970,763
12009064500,4504,4131,373
12009064601,6821,6423,398
12009064602,2517,2307,210
12009064700,4112,3758,354
12009064800,2675,2587,88
12009064901,6688,5906,782
12009064902,3730,3580,150
12009065001,3140,2921,219
12009065021,11210,10304,906
12009065022,4984,4493,491
12009065121,6770,5071,1699
12009065122,7358,6275,1083
12009065123,3742,3552,190
12009065124,2942,2736,206
12009065125,5906,5105,801
12009065201,5687,5521,166
12009065202,4998,4179,819
12009065231,5656,5586,70
12009065234,3661,3543,118
12009065235,4757,4517,240
12009065236,1439,1416,23
12009066101,4445,4175,270
12009066103,1968,1898,70
12009066104,4913,4580,333
12009066200,2684,2578,106
12009066301,6914,6661,253
12009066302,4625,4310,315
12009066400,4843,4686,157
12009066500,3656,3388,268
12009066600,4155,3987,168
12009066700,4851,4535,316
12009066800,1664,1460,204
12009066900,6624,6325,299
12009067100,1457,1271,186
12009068101,2040,1915,125
12009068102,3361,3279,82
12009068200,3004,2934,70
12009068300,2551,2485,66
12009068400,2233,2150,83
12009068501,2293,2276,17
12009068502,2420,2273,147
12009068601,2061,1940,121
12009068602,4169,4051,118
12009069100,4860,4431,429
12009069200,2474,2211,263
12009069300,3060,2811,249
12009069400,6118,5887,231
12009069700,2359,2067,292
12009069801,3671,3464,207
12009069802,4815,4534,281
12009069901,7812,6949,863
12009069902,4281,3758,523
12009071100,3936,3807,129
12009071200,15120,13624,1496
12009071301,4374,4042,332
12009071322,9632,7727,1905
12009071332,13116,10631,2485
12009071334,8864,7646,1218
12009071335,4510,4038,472
12009071336,6178,5223,955
12009071337,7958,6805,1153
12009071338,8934,7581,1353
12009071339,7138,6192,946
12009071340,12145,10498,1647
12009071400,3282,2909,373
12009071500,2391,2213,178
12009071600,4278,4104,174
12009980000,0,0,0
12009980100,0,0,0
12009990000,0,0,0
12011010102,3019,2634,385
12011010103,3142,2871,271
12011010104,1979,1811,168
12011010200,5874,4632,1242
12011010304,4367,3707,660
12011010305,4336,3202,1134
12011010306,2641,2326,315
12011010307,4409,3599,810
12011010308,4459,3847,612
12011010401,5306,4341,965
12011010402,3357,2593,764
12011010403,4883,4456,427
12011010405,6969,5482,1487
12011010406,4404,3454,950
12011010407,5194,4480,714
12011010502,3625,3101,524
12011010503,13926,10839,3087
12011010504,6491,5548,943
12011010601,8263,7096,1167
12011010603,5968,4722,1246
12011010604,4438,3612,826
12011010605,6731,5487,1244
12011010606,7185,5054,2131
12011010607,10638,7393,3245
12011010609,4047,2909,1138
12011010610,6524,4659,1865
12011010611,4125,3364,761
12011010612,6372,4872,1500
12011010701,5785,4584,1201
12011010702,9465,7881,1584
12011010800,7588,5194,2394
12011010901,2787,2420,367
12011010902,2735,2367,368
12011011000,1467,1352,115
12011020101,8128,5348,2780
12011020103,5841,3941,1900
12011020104,2456,1927,529
12011020204,5652,4189,1463
12011020205,6491,5358,1133
12011020206,4591,3507,1084
12011020207,6038,4691,1347
12011020209,2735,1786,949
12011020210,6472,5341,1131
12011020211,2799,1926,873
12011020212,3196,2405,791
12011020302,7004,4872,2132
12011020308,6168,5033,1135
12011020309,6178,4309,1869
12011020311,3270,2867,403
12011020312,5352,3805,1547
12011020313,6453,4792,1661
12011020314,5185,3815,1370
12011020315,5449,4042,1407
12011020316,4171,2891,1280
12011020317,3338,2401,937
12011020318,9627,7135,2492
12011020319,6445,4689,1756
12011020320,4996,3527,1469
12011020321,1893,1622,271
12011020322,3049,2049,1000
12011020323,3729,2569,1160
12011020324,6641,3990,2651
12011020325,3171,2641,530
12011020326,6905,4689,2216
12011020404,8217,7024,1193
12011020405,4836,2771,2065
12011020406,7867,4909,2958
12011020407,7799,6471,1328
12011020409,7642,6154,1488
12011020411,7145,4996,2149
12011020412,3521,2365,1156
12011020413,7733,5785,1948
12011020414,4338,2628,1710
12011020415,3905,2980,925
12011020501,5617,4169,1448
12011020502,7066,5636,1430
12011030100,4477,4227,250
12011030201,4509,3287,1222
12011030202,1689,1517,172
12011030203,4393,3383,1010
12011030301,2884,1885,999
12011030302,8264,6422,1842
12011030401,3757,3621,136
12011030402,3993,3341,652
12011030500,5180,4051,1129
12011030600,8621,7583,1038
12011030702,3468,2655,813
12011030703,4633,3799,834
12011030704,5157,4713,444
12011030705,3873,3729,144
12011030801,8519,5637,2882
12011030802,6653,5446,1207
12011030902,2932,2807,125
12011030903,3960,3209,751
12011030904,4556,4081,475
12011031001,2521,2099,422
12011031002,4590,3638,952
12011031101,2376,2162,214
12011031102,3076,2707,369
12011031202,5576,5088,488
12011031203,1032,978,54
12011031204,2603,2314,289
12011031205,1453,1278,175
12011040101,1575,1381,194
12011040102,2858,2464,394
12011040203,1624,1404,220
12011040204,2636,2285,351
12011040205,5543,4624,919
12011040206,2450,2025,425
12011040300,4231,3297,934
12011040401,2288,2127,161
12011040402,2974,2579,395
12011040502,3030,2837,193
12011040503,2067,1913,154
12011040504,3012,2695,317
12011040601,3515,3067,448
12011040602,3002,2725,277
12011040701,2583,2132,451
12011040702,4167,3296,871
12011040801,5898,5515,383
12011040802,4545,3915,630
12011040901,4942,4801,141
12011040902,3640,3498,142
12011041000,3249,3227,22
12011041100,4993,4676,317
12011041200,4757,4616,141
12011041300,7943,7623,320
12011041400,3266,3158,108
12011041500,3774,3532,242
12011041600,6184,5681,503
12011041700,4323,3666,657
12011041801,1719,1506,213
12011041802,3387,2843,544
12011041900,3233,2727,506
12011042000,3151,2908,243
12011042100,2510,2112,398
12011042200,2775,2640,135
12011042301,3529,3071,458
12011042302,1667,1196,471
12011042400,1216,1167,49
12011042500,6348,5019,1329
12011042600,5457,4749,708
12011042700,5630,4439,1191
12011042800,8648,6243,2405
12011042900,8701,7847,854
12011043001,1382,1201,181
12011043002,7886,4158,3728
12011043100,5136,3616,1520
12011043301,4897,3618,1279
12011043302,2105,1490,615
12011050100,4683,1962,2721
12011050204,5995,4562,1433
12011050205,2842,2171,671
12011050206,3068,2394,674
12011050207,6546,5586,960
12011050208,4529,2492,2037
12011050301,8925,8436,489
12011050306,4430,4006,424
12011050307,6725,6189,536
12011050308,3047,3013,34
12011050309,2467,1055,1412
12011050310,6206,5507,699
12011050311,3235,2990,245
12011050312,2099,1851,248
12011050401,4066,3431,635
12011050402,4006,3227,779
12011050501,3933,2356,1577
12011050502,5100,3198,1902
12011050601,3318,2651,667
12011050602,3667,2642,1025
12011050701,3818,2684,1134
12011050702,6001,3679,2322
12011050800,4599,4295,304
12011050900,5860,4998,862
12011051001,3473,3041,432
12011051002,2971,2732,239
12011060105,6814,5073,1741
12011060107,3243,2237,1006
12011060109,2765,2292,473
12011060111,6094,4520,1574
12011060112,6450,4364,2086
12011060113,6306,5027,1279
12011060114,6615,5333,1282
12011060115,7124,4631,2493
12011060116,7860,5556,2304
12011060117,6720,4843,1877
12011060118,5002,3588,1414
12011060119,5567,3854,1713
12011060120,7100,4482,2618
12011060121,5275,3988,1287
12011060122,5012,2744,2268
12011060123,3121,2698,423
12011060124,5609,4743,866
12011060125,2430,2192,238
12011060126,5367,4970,397
12011060127,2904,2405,499
12011060128,5703,4380,1323
12011060203,6248,6008,240
12011060206,4710,3133,1577
12011060207,3682,2723,959
12011060208,5905,5423,482
12011060209,2940,2456,484
12011060210,3460,2463,997
12011060211,3968,2822,1146
12011060212,3393,2405,988
12011060213,4204,2285,1919
12011060302,7329,6946,383
12011060303,6952,6699,253
12011060304,3616,3511,105
12011060305,2234,1972,262
12011060306,1956,1551,405
12011060401,4806,4695,111
12011060402,6330,5864,466
12011060403,5426,4903,523
12011060501,6965,5325,1640
12011060503,4840,3863,977
12011060504,4761,3576,1185
12011060505,4696,3509,1187
12011060603,4747,3233,1514
12011060605,3810,2941,869
12011060606,5002,3989,1013
12011060607,3039,2438,601
12011060608,6754,4561,2193
12011060609,3315,2215,1100
12011060700,3480,2974,506
12011060801,2059,1494,565
12011060802,6850,5834,1016
12011060900,4417,3543,874
12011061001,6378,5367,1011
12011061002,9530,6898,2632
12011061100,7745,3013,4732
12011070101,9101,5649,3452
12011070102,1227,774,453
12011070204,5712,4217,1495
12011070205,5940,3873,2067
12011070207,6366,4350,2016
12011070208,7592,5595,1997
12011070209,5152,4137,1015
12011070210,3353,2344,1009
12011070211,5772,4306,1466
12011070304,8524,5175,3349
12011070305,7807,4095,3712
12011070306,7807,5787,2020
12011070310,3488,1659,1829
12011070311,6408,3565,2843
12011070312,7079,3591,3488
12011070313,10558,5248,5310
12011070314,5242,2824,2418
12011070315,6063,4028,2035
12011070316,5051,3806,1245
12011070317,15738,7151,8587
12011070318,6752,4037,2715
12011070319,4769,2783,1986
12011070320,7868,3854,4014
12011070321,2914,1370,1544
12011070322,7095,2338,4757
12011070401,7060,4580,2480
12011070402,3182,2426,756
12011070403,5531,3890,1641
12011070404,3540,2803,737
12011070405,5659,4192,1467
12011070501,5986,4788,1198
12011070502,11495,5881,5614
12011070601,5072,2635,2437
12011070602,4480,3014,1466
12011080101,4895,4076,819
12011080102,5097,3850,1247
12011080103,1834,1167,667
12011080200,951,736,215
12011080402,2588,2007,581
12011080403,6188,3815,2373
12011080405,2922,2133,789
12011080406,5834,4201,1633
12011080500,7211,6157,1054
12011090101,5710,4519,1191
12011090102,1818,1490,328
12011090200,4116,3500,616
12011090301,2625,2128,497
12011090302,6952,4742,2210
12011090401,3983,2660,1323
12011090403,3365,2606,759
12011090404,5432,3947,1485
12011090502,7079,5660,1419
12011090503,2741,2676,65
12011090504,2883,1674,1209
12011090601,3062,1661,1401
12011090602,6295,3844,2451
12011090700,7804,4284,3520
12011090801,4031,2563,1468
12011090802,4478,3055,1423
12011090900,5750,4328,1422
12011091000,4269,2733,1536
12011091100,7133,3661,3472
12011091201,4785,1798,2987
12011091202,5544,2249,3295
12011091300,4073,1852,2221
12011091400,6198,3802,2396
12011091500,5420,4076,1344
12011091600,6231,3931,2300
12011091701,3850,2691,1159
12011091702,4355,3011,1344
12011091801,6101,4248,1853
12011091802,3506,2659,847
12011091901,3847,3031,816
12011091902,4593,3534,1059
12011092000,3824,2813,1011
12011100101,7277,5537,1740
12011100103,3521,2449,1072
12011100104,2815,1815,1000
12011100105,2824,2133,691
12011100201,1689,933,756
12011100202,5225,3018,2207
12011100300,7448,4288,3160
12011100400,5583,3963,1620
12011100501,820,461,359
12011100502,3381,1739,1642
12011100600,5681,3380,2301
12011100700,5470,4886,584
12011100801,3564,2815,749
12011100802,8360,6536,1824
12011110100,7389,4509,2880
12011110301,6804,3210,3594
12011110302,9077,5642,3435
12011110303,4308,2477,1831
12011110307,5725,3193,2532
12011110308,6672,4049,2623
12011110309,6353,3704,2649
12011110311,7040,4489,2551
12011110312,7703,3732,3971
12011110313,6325,2998,3327
12011110319,5902,4411,1491
12011110320,11523,9196,2327
12011110321,5752,2399,3353
12011110322,10540,5144,5396
12011110323,6612,5092,1520
12011110324,16716,9213,7503
12011110325,23388,11617,11771
12011110326,4851,2747,2104
12011110327,6985,4025,2960
12011110328,5218,3056,2162
12011110330,3913,2140,1773
12011110331,10827,6596,4231
12011110332,5000,2840,2160
12011110333,7351,3896,3455
12011110334,2532,1488,1044
12011110335,8653,4049,4604
12011110336,7630,4305,3325
12011110337,6432,4250,2182
12011110338,3711,1456,2255
12011110339,3788,2007,1781
12011110340,7006,4870,2136
12011110341,3875,2882,993
12011110342,12949,8189,4760
12011110343,8636,4864,3772
12011110402,5136,4539,597
12011110403,5973,4115,1858
12011110404,7147,4900,2247
12011110501,3718,2712,1006
12011110502,5644,4489,1155
12011110600,5526,3656,1870
12011980000,0,0,0
12011990000,0,0,0
12013010100,2547,2509,38
12013010200,3722,3563,159
12013010300,8281,7658,623
12015010100,5081,4508,573
12015010200,4614,4403,211
12015010301,3410,3241,169
12015010302,3432,3146,286
12015010401,3008,2979,29
12015010402,2375,2363,12
12015010403,1920,1850,70
12015010404,4690,4505,185
12015010501,5078,4563,515
12015010502,7277,6909,368
12015020101,7342,6520,822
12015020103,5948,5544,404
12015020104,2349,2330,19
12015020201,7712,6959,753
12015020202,6904,6424,480
12015020301,5445,5192,253
12015020302,4236,3536,700
12015020303,4902,4466,436
12015020400,8737,8436,301
12015020501,4872,4624,248
12015020502,1571,1441,130
12015020601,2662,2355,307
12015020602,3178,2913,265
12015020700,4353,4125,228
12015020800,4285,3654,631
12015020900,7149,6432,717
12015021001,1785,1668,117
12015021002,3046,2838,208
12015021003,3182,2881,301
12015030100,6344,6206,138
12015030200,7695,7145,550
12015030301,2688,2632,56
12015030302,3464,3308,156
12015030401,2176,1923,253
12015030402,1778,1754,24
12015030501,3464,3388,76
12015030502,5520,5372,148
12015030503,5970,5858,112
12015990000,0,0,0
12017450101,6691,6446,245
12017450102,3837,3615,222
12017450201,3887,3571,316
12017450202,5186,4641,545
12017450302,8912,7925,987
12017450303,5745,5263,482
12017450304,9927,9394,533
12017450400,6078,5987,91
12017450500,3935,3755,180
12017450601,4772,4740,32
12017450602,4339,4287,52
12017450701,7163,6960,203
12017450702,8149,7429,720
12017450800,4489,4343,146
12017450901,3079,2949,130
12017450902,2550,2499,51
12017451000,5885,5513,372
12017451101,2302,2157,145
12017451102,6164,5929,235
12017451200,3881,3767,114
12017451300,3193,2787,406
12017451400,5064,4774,290
12017451501,2778,2610,168
12017451502,6710,6603,107
12017451601,5159,5038,121
12017451602,6537,6340,197
12017451700,4041,3937,104
12017990000,0,0,0
12019030102,8438,8137,301
12019030103,5593,5339,254
12019030104,3148,2961,187
12019030201,15917,14267,1650
12019030202,9128,8172,956
12019030203,18048,15581,2467
12019030301,8430,7378,1052
12019030303,2854,2440,414
12019030304,4044,3523,521
12019030400,2147,1699,448
12019030500,2711,2289,422
12019030600,4784,4630,154
12019030701,7929,7321,608
12019030702,14724,12661,2063
12019030703,11977,11100,877
12019030801,5783,5319,464
12019030802,6674,6525,149
12019030902,10087,8870,1217
12019030903,4117,3679,438
12019030904,7097,6449,648
12019031101,3327,3294,33
12019031104,3606,3531,75
12019031105,2019,1952,67
12019031106,6974,6609,365
12019031107,399,397,2
12019031108,1375,1365,10
12019031200,14732,13813,919
12019031300,5931,5529,402
12019031400,5238,4491,747
12019031500,3115,2978,137
12021000101,1392,1378,14
12021000102,1514,1502,12
12021000200,2283,2087,196
12021000301,3041,2956,85
12021000302,1483,1474,9
12021000401,2637,2626,11
12021000402,1928,1928,0
12021000500,1883,1780,103
12021000600,1368,1330,38
12021000700,1458,1206,252
12021010102,5751,4966,785
12021010105,4368,3796,572
12021010106,4351,4312,39
12021010107,4176,3759,417
12021010108,3357,2853,504
12021010109,2452,1987,465
12021010110,4542,3472,1070
12021010205,2518,2337,181
12021010208,3042,3006,36
12021010209,2021,1927,94
12021010210,3769,3427,342
12021010211,1835,1649,186
12021010212,6038,5376,662
12021010213,3962,3687,275
12021010215,2471,2459,12
12021010300,4246,3035,1211
12021010401,4565,4219,346
12021010405,11848,9926,1922
12021010408,3160,2581,579
12021010410,10008,3368,6640
12021010411,8031,3642,4389
12021010412,9005,6298,2707
12021010413,7307,4360,2947
12021010414,7613,4981,2632
12021010415,16276,13242,3034
12021010416,6052,5819,233
12021010417,5133,4193,940
12021010418,5982,5362,620
12021010419,3935,1610,2325
12021010420,6954,2809,4145
12021010505,7072,4605,2467
12021010506,5681,3537,2144
12021010507,4291,2987,1304
12021010508,3980,2949,1031
12021010509,5247,5085,162
12021010510,3133,3123,10
12021010601,2657,1756,901
12021010602,3387,2689,698
12021010604,3224,2636,588
12021010605,3443,2842,601
12021010606,2526,2304,222
12021010701,3814,2718,1096
12021010702,3091,2061,1030
12021010801,3788,3568,220
12021010802,10713,5786,4927
12021010803,4034,3129,905
12021010902,3912,3138,774
12021010903,5187,4923,264
12021010904,1656,1521,135
12021010905,3092,2858,234
12021011001,1618,1562,56
12021011002,2156,2115,41
12021011102,8766,7163,1603
12021011103,2489,1695,794
12021011105,2690,1974,716
12021011106,3100,2235,865
12021011201,9027,7968,1059
12021011202,25023,17064,7959
12021011204,4060,1482,2578
12021011205,2862,1392,1470
12021011301,6699,1571,5128
12021011302,6823,1551,5272
12021011400,5240,773,4467
12021990000,0,0,0
12023110201,4075,3715,360
12023110202,5392,5114,278
12023110300,9108,8333,775
12023110400,3064,2925,139
12023110500,7051,6777,274
12023110601,8975,8413,562
12023110602,4518,4296,222
12023110700,5356,4963,393
12023110800,5638,5578,60
12023110901,5281,5048,233
12023110903,4001,3712,289
12023110904,5739,5536,203
12027010101,4110,3025,1085
12027010102,4713,3753,960
12027010200,5474,3800,1674
12027010301,7520,2399,5121
12027010302,2055,1761,294
12027010403,3076,2995,81
12027010404,3393,2648,745
12027010405,1349,1332,17
12027010406,3444,2639,805
12029970101,5234,4952,282
12029970102,6939,6833,106
12029970200,3911,3691,220
12029990000,0,0,0
12031000100,4757,4446,311
12031000200,2627,2582,45
12031000300,2263,2240,23
12031000600,5913,5401,512
12031000700,3921,3767,154
12031000800,2603,2469,134
12031001000,4398,4142,256
12031001100,1671,1616,55
12031001200,2246,2210,36
12031001300,3706,3586,120
12031001400,4971,4966,5
12031001500,3955,3899,56
12031001600,1401,1401,0
12031002101,2925,2830,95
12031002102,2812,2733,79
12031002200,4057,4011,46
12031002300,1718,1601,117
12031002400,1911,1701,210
12031002501,3741,3330,411
12031002502,3618,3520,98
12031002600,3191,3134,57
12031002701,3665,3548,117
12031002702,3666,3458,208
12031002801,4351,4285,66
12031002802,4101,4097,4
12031002901,3347,3310,37
12031002902,3301,3273,28
12031010101,6119,5659,460
12031010102,10281,9569,712
12031010103,6218,5769,449
12031010201,10314,9578,736
12031010202,3367,3051,316
12031010301,4455,4361,94
12031010303,7106,6989,117
12031010304,7381,7251,130
12031010401,3305,3123,182
12031010402,4363,3987,376
12031010500,15952,15063,889
12031010600,5744,5491,253
12031010700,5563,5465,98
12031010800,5063,5006,57
12031010900,3479,3469,10
12031011000,3951,3925,26
12031011100,3249,3143,106
12031011200,2492,2480,12
12031011300,3279,3279,0
12031011400,2167,2113,54
12031011500,4543,4513,30
12031011600,3847,3742,105
12031011700,3042,2720,322
12031011800,3137,3049,88
12031011901,7670,7471,199
12031011902,11682,10800,882
12031011903,5211,5124,87
12031012000,5222,4874,348
12031012100,1702,1471,231
12031012200,7563,7178,385
12031012300,3628,3246,382
12031012400,3151,2989,162
12031012500,4242,3910,332
12031012601,2968,2631,337
12031012602,5576,5445,131
12031012702,5700,5313,387
12031012703,5650,5089,561
12031012704,5617,4947,670
12031012800,7758,6855,903
12031012900,2923,2819,104
12031013000,2538,2500,38
12031013100,2170,2078,92
12031013200,3144,2710,434
12031013300,7516,6475,1041
12031013402,5119,4383,736
12031013403,3147,2939,208
12031013404,3213,2897,316
12031013502,3612,3227,385
12031013503,9428,8469,959
12031013504,6427,6089,338
12031013521,11519,9622,1897
12031013522,4138,3496,642
12031013721,10616,9340,1276
12031013723,6987,5932,1055
12031013726,9176,7874,1302
12031013727,8268,7772,496
12031013800,3165,2707,458
12031013901,6125,5453,672
12031013902,5315,4598,717
12031013904,4691,4196,495
12031013905,4144,3990,154
12031013906,4227,4035,192
12031014001,4387,4099,288
12031014002,2430,2350,80
12031014101,4523,4180,343
12031014102,3917,3679,238
12031014202,4203,3997,206
12031014203,4575,4388,187
12031014204,5301,4950,351
12031014311,5097,4260,837
12031014312,7735,6105,1630
12031014326,7289,6855,434
12031014328,6754,6269,485
12031014329,2985,2647,338
12031014330,4709,4605,104
12031014331,5178,4503,675
12031014332,7698,6925,773
12031014333,3325,3091,234
12031014334,5098,4709,389
12031014335,8421,7635,786
12031014336,6949,5872,1077
12031014337,10749,9217,1532
12031014338,4530,3818,712
12031014401,13335,10434,2901
12031014404,8399,7624,775
12031014406,7494,6766,728
12031014408,3615,3374,241
12031014409,10612,9245,1367
12031014410,7251,6755,496
12031014411,7104,6665,439
12031014412,15096,13431,1665
12031014413,5757,5062,695
12031014500,4264,3922,342
12031014601,5813,5507,306
12031014603,4813,4228,585
12031014604,4403,4031,372
12031014701,6976,6492,484
12031014702,2880,2724,156
12031014800,4638,4264,374
12031014901,5916,5391,525
12031014902,6296,5628,668
12031015001,5498,5018,480
12031015002,4069,3782,287
12031015100,4713,4017,696
12031015200,3080,2607,473
12031015300,3058,2916,142
12031015400,2410,2282,128
12031015501,3284,2995,289
12031015502,5438,5147,291
12031015600,3956,3771,185
12031015700,5339,4409,930
12031015801,6533,5838,695
12031015802,7301,6231,1070
12031015922,3060,2781,279
12031015923,9606,9287,319
12031015924,5267,4631,636
12031015925,5349,4402,947
12031015926,5610,4966,644
12031016000,7709,6618,1091
12031016100,7828,6228,1600
12031016200,2166,1805,361
12031016300,2465,2160,305
12031016400,5858,5341,517
12031016500,5170,4798,372
12031016601,5907,4813,1094
12031016603,3297,3056,241
12031016604,4694,3946,748
12031016711,4229,4098,131
12031016722,6807,6392,415
12031016724,5437,4799,638
12031016725,4317,3737,580
12031016726,3921,3539,382
12031016727,3227,2811,416
12031016728,4594,4127,467
12031016729,6695,5894,801
12031016801,2329,2090,239
12031016803,6595,6239,356
12031016804,7587,7423,164
12031016805,7956,7098,858
12031016806,12368,10863,1505
12031016807,4005,3569,436
12031016808,3908,3512,396
12031017100,5688,5225,463
12031017200,2129,1947,182
12031017300,7204,6504,700
12031017400,2513,2415,98
12031990000,0,0,0
12033000100,1438,1409,29
12033000300,2360,2239,121
12033000400,3521,3335,186
12033000500,1352,1308,44
12033000600,1776,1757,19
12033000800,4637,4456,181
12033000900,2452,2386,66
12033001001,6007,5792,215
12033001002,3177,2987,190
12033001101,5596,5117,479
12033001103,2569,2448,121
12033001104,6102,5867,235
12033001201,5003,4781,222
12033001202,4621,4379,242
12033001300,4785,4634,151
12033001401,5493,5056,437
12033001402,7848,7325,523
12033001500,1331,1318,13
12033001600,2684,2636,48
12033001700,2365,2364,1
12033001800,2233,2206,27
12033001900,2107,2041,66
12033002000,2303,2238,65
12033002100,4144,4093,51
12033002200,3209,3064,145
12033002300,4488,4306,182
12033002400,6717,5347,1370
12033002500,3003,2660,343
12033002601,3084,2937,147
12033002602,1565,1540,25
12033002603,8499,7759,740
12033002604,4318,4075,243
12033002605,5167,4639,528
12033002701,3065,2974,91
12033002703,2477,2219,258
12033002704,5197,4951,246
12033002801,2905,2493,412
12033002802,4991,4593,398
12033002803,2899,2757,142
12033002804,3675,3050,625
12033002900,3865,3655,210
12033003000,6536,6257,279
12033003100,4631,4547,84
12033003201,4523,4386,137
12033003203,5076,4967,109
12033003204,2969,2827,142
12033003301,4271,4084,187
12033003305,2902,2634,268
12033003306,5919,5761,158
12033003307,2571,2551,20
12033003308,4395,4271,124
12033003309,6399,6104,295
12033003400,5634,5025,609
12033003503,7064,6731,333
12033003505,4145,3802,343
12033003506,5246,4870,376
12033003507,7227,6441,786
12033003508,7756,7171,585
12033003603,7875,7675,200
12033003607,3453,3290,163
12033003608,8651,8212,439
12033003609,3645,3580,65
12033003610,7057,6836,221
12033003611,4745,4679,66
12033003612,4936,4785,151
12033003613,3722,3594,128
12033003614,6339,6236,103
12033003700,4147,4090,57
12033003800,4362,4300,62
12033003900,3985,3810,175
12033004000,4365,4181,184
12033990000,0,0,0
12035060103,1925,1712,213
12035060104,4082,3786,296
12035060105,3938,3801,137
12035060106,2746,2735,11
12035060107,4802,4066,736
12035060204,8037,6852,1185
12035060205,7831,7027,804
12035060206,4627,4398,229
12035060207,5382,5198,184
12035060208,6454,5040,1414
12035060209,7292,6866,426
12035060210,4191,3754,437
12035060211,6315,5669,646
12035060212,6006,5199,807
12035060213,6275,5496,779
12035060214,9061,7885,1176
12035060301,5189,4809,380
12035060302,3673,3517,156
12035060303,2637,2611,26
12035060304,2454,2417,37
12035990000,0,0,0
12037970100,4407,4075,332
12037970200,2986,2821,165
12037970302,2648,2605,43
12037970304,1664,1605,59
12037990000,0,0,0
12037990100,0,0,0
12039020101,4233,4136,97
12039020102,5873,5704,169
12039020300,5204,4647,557
12039020400,4818,4587,231
12039020500,5223,4219,1004
12039020600,4392,4199,193
12039020701,5228,4765,463
12039020702,6007,5450,557
12039020800,5175,3818,1357
12041950100,5578,5501,77
12041950201,1989,1865,124
12041950202,3199,2983,216
12041950203,2908,2784,124
12041950204,3359,2991,368
12043000100,2343,2269,74
12043000200,7178,5028,2150
12043000300,3899,3306,593
12043990000,0,0,0
12045960100,7788,7299,489
12045960200,3864,3859,5
12045960300,4199,3931,268
12045990000,0,0,0
12047960100,8425,7735,690
12047960200,4462,3910,552
12047960300,1475,1420,55
12049970101,4443,2066,2377
12049970102,3799,2433,1366
12049970201,3972,1532,2440
12049970202,1241,1079,162
12049970300,7629,4261,3368
12049970400,6218,4190,2028
12051000100,7366,3915,3451
12051000200,7706,4307,3399
12051000300,6380,2669,3711
12051000401,4069,1747,2322
12051000402,8098,3915,4183
12051000600,4757,2198,2559
12051990000,0,0,0
12053040101,4930,4548,382
12053040102,2041,1978,63
12053040201,2938,2679,259
12053040202,5726,5618,108
12053040301,1620,1574,46
12053040302,3863,3650,213
12053040303,2216,2022,194
12053040400,2884,2851,33
12053040501,4090,3710,380
12053040502,2994,2873,121
12053040601,2514,2413,101
12053040602,2472,2472,0
12053040701,5865,5349,516
12053040702,5171,4352,819
12053040801,3631,3546,85
12053040802,4477,3766,711
12053040901,5550,4685,865
12053040905,6653,5875,778
12053040906,5920,4804,1116
12053040907,2718,2303,415
12053040908,6982,5960,1022
12053040909,4587,3970,617
12053040910,3910,3572,338
12053040911,4630,3894,736
12053041003,3373,2935,438
12053041004,6902,5497,1405
12053041005,2360,1652,708
12053041006,6774,5512,1262
12053041103,4098,3767,331
12053041104,2573,2257,316
12053041105,4731,3739,992
12053041106,4255,3482,773
12053041201,3986,3378,608
12053041203,4077,3581,496
12053041204,3307,2793,514
12053041302,3174,2587,587
12053041303,2416,2416,0
12053041304,2071,2024,47
12053041305,1352,1323,29
12053041401,4786,4316,470
12053041402,5608,4822,786
12053041501,3051,2949,102
12053041502,3705,3310,395
12053041600,5816,5534,282
12053990000,0,0,0
12055960101,2857,2836,21
12055960102,1450,1393,57
12055960103,4126,3123,1003
12055960200,4042,3103,939
12055960300,5348,3508,1840
12055960400,7615,5479,2136
12055960501,1391,1065,326
12055960502,7580,6632,948
12055960601,3017,2476,541
12055960602,6482,5897,585
12055960700,4115,3672,443
12055960800,2338,1714,624
12055960900,2753,2390,363
12055961000,3795,3261,534
12055961100,3497,2602,895
12055961200,5110,3931,1179
12055961301,6371,5392,979
12055961302,4282,4094,188
12055961400,5049,4614,435
12055961500,4605,3644,961
12055961601,1100,953,147
12055961602,937,891,46
12055961603,6541,4642,1899
12055961700,4436,3258,1178
12055980000,25,25,0
12055980100,0,0,0
12055980200,0,0,0
12057000101,3630,2788,842
12057000102,5713,3813,1900
12057000201,3065,2359,706
12057000202,5446,3691,1755
12057000300,7180,4551,2629
12057000401,2561,1783,778
12057000402,2643,1362,1281
12057000500,3894,2807,1087
12057000601,5267,2414,2853
12057000602,2499,1352,1147
12057000700,6204,4677,1527
12057000800,3333,2460,873
12057000901,2718,1998,720
12057000902,4223,3824,399
12057001001,3630,2433,1197
12057001002,5015,4522,493
12057001100,2483,1968,515
12057001200,2719,1801,918
12057001300,6356,3348,3008
12057001400,4840,2389,2451
12057001500,2493,1969,524
12057001600,1966,1525,441
12057001700,4486,3472,1014
12057001800,3909,3485,424
12057001900,3332,3038,294
12057002000,3150,2523,627
12057002100,2738,2123,615
12057002200,1752,1333,419
12057002300,3512,2676,836
12057002400,3477,1890,1587
12057002500,5911,1881,4030
12057002600,1372,437,935
12057002700,7168,2323,4845
12057002800,3008,2187,821
12057002900,2249,1585,664
12057003000,2668,2099,569
12057003100,2816,1847,969
12057003200,3001,2004,997
12057003300,2080,1763,317
12057003400,2809,2500,309
12057003500,2649,2408,241
12057003600,4508,3834,674
12057003700,918,778,140
12057003800,1053,938,115
12057003900,2055,1519,536
12057004000,401,303,98
12057004100,1451,1002,449
12057004200,1234,1046,188
12057004300,2979,2369,610
12057004400,2248,1474,774
12057004500,4317,1083,3234
12057004600,4341,3625,716
12057004700,2390,1345,1045
12057004800,3951,1858,2093
12057004900,4160,3486,674
12057005000,5760,4918,842
12057005101,1469,1200,269
12057005102,4012,3640,372
12057005301,3292,2900,392
12057005302,2053,536,1517
12057005401,5179,4455,724
12057005500,2264,2002,262
12057005700,3992,3353,639
12057005800,4740,4223,517
12057005900,6283,5420,863
12057006000,5500,4977,523
12057006101,3117,2891,226
12057006103,3850,3224,626
12057006200,4188,3783,405
12057006300,4260,3748,512
12057006400,4190,3760,430
12057006501,3549,2849,700
12057006502,2099,1648,451
12057006600,3974,3350,624
12057006700,5513,4892,621
12057006801,4504,4037,467
12057006802,3517,2834,683
12057006900,6021,5062,959
12057007001,3543,2905,638
12057007002,3615,3023,592
12057007102,2793,2523,270
12057007103,4130,3351,779
12057007200,4160,3652,508
12057007300,2384,2092,292
12057010103,4160,3672,488
12057010105,4603,3398,1205
12057010106,5460,4462,998
12057010107,3748,2987,761
12057010108,2030,1917,113
12057010203,1757,1538,219
12057010204,5507,4411,1096
12057010205,9439,7723,1716
12057010209,11597,9656,1941
12057010210,4124,3382,742
12057010211,5445,4600,845
12057010212,5289,4250,1039
12057010213,1978,1887,91
12057010214,179,166,13
12057010303,3468,3222,246
12057010304,3578,3050,528
12057010305,3642,3218,424
12057010401,5334,4642,692
12057010402,5444,4292,1152
12057010501,5782,4987,795
12057010502,2520,2187,333
12057010600,3036,2502,534
12057010701,6012,4893,1119
12057010702,3067,2641,426
12057010805,5319,2869,2450
12057010808,2264,1293,971
12057010809,2917,2380,537
12057010810,3036,2636,400
12057010811,6793,5893,900
12057010812,5223,4375,848
12057010813,4679,4048,631
12057010814,2331,1887,444
12057010815,1701,1154,547
12057010816,4075,2516,1559
12057010817,4661,1982,2679
12057010818,5249,2754,2495
12057010900,5194,4283,911
12057011003,4373,3402,971
12057011005,2875,2443,432
12057011006,5375,4606,769
12057011007,3329,2809,520
12057011008,6848,5596,1252
12057011010,5295,4517,778
12057011012,6866,5876,990
12057011013,3753,3375,378
12057011014,1090,668,422
12057011015,6064,5403,661
12057011016,3797,3263,534
12057011103,3560,3191,369
12057011106,1872,1170,702
12057011107,7183,5581,1602
12057011108,1439,1090,349
12057011109,3204,2647,557
12057011203,3603,2560,1043
12057011204,5457,3747,1710
12057011205,2762,2180,582
12057011206,2713,2197,516
12057011301,3212,2591,621
12057011303,2911,2100,811
12057011304,5257,4089,1168
12057011407,2239,1783,456
12057011408,2885,2112,773
12057011409,2878,2182,696
12057011410,6886,5502,1384
12057011411,1883,1196,687
12057011412,3423,2399,1024
12057011413,5695,3743,1952
12057011414,7044,3899,3145
12057011415,5665,3452,2213
12057011416,7159,3335,3824
12057011417,4520,3070,1450
12057011418,3827,2771,1056
12057011504,2182,1829,353
12057011506,7849,6740,1109
12057011507,7403,5882,1521
12057011509,6416,5650,766
12057011510,4393,3384,1009
12057011512,3639,3117,522
12057011514,5751,4075,1676
12057011515,3441,2723,718
12057011516,2885,2212,673
12057011517,9164,8227,937
12057011518,4013,3455,558
12057011519,2374,2003,371
12057011520,5373,4601,772
12057011521,3877,2952,925
12057011522,4094,3426,668
12057011523,1749,1355,394
12057011524,5044,3608,1436
12057011603,4502,2448,2054
12057011605,5953,2133,3820
12057011606,7393,5661,1732
12057011607,7873,5155,2718
12057011608,1257,924,333
12057011610,5109,1787,3322
12057011611,4079,1837,2242
12057011612,6408,2933,3475
12057011613,5630,2606,3024
12057011614,6943,2554,4389
12057011615,4548,1925,2623
12057011706,8388,4089,4299
12057011708,4408,3198,1210
12057011709,1109,1027,82
12057011710,6050,4393,1657
12057011712,5694,4335,1359
12057011802,7096,2184,4912
12057011803,6679,3152,3527
12057011804,5776,1506,4270
12057011901,5786,3453,2333
12057011902,7868,2771,5097
12057011904,1703,849,854
12057011905,1535,550,985
12057011906,4475,1954,2521
12057012001,2667,2143,524
12057012002,3919,2761,1158
12057012103,7251,5444,1807
12057012104,7767,5340,2427
12057012106,5214,4384,830
12057012107,4517,3490,1027
12057012108,3127,2459,668
12057012206,6434,4837,1597
12057012207,6960,5656,1304
12057012208,6811,5644,1167
12057012209,4752,3569,1183
12057012210,5154,4264,890
12057012211,2653,2104,549
12057012212,4375,2775,1600
12057012213,4259,3374,885
12057012301,6286,5099,1187
12057012303,3074,2458,616
12057012304,5278,3442,1836
12057012401,4921,3121,1800
12057012402,2939,1585,1354
12057012403,6245,4335,1910
12057012501,3954,2551,1403
12057012503,4565,3421,1144
12057012504,3543,3221,322
12057012600,5429,4047,1382
12057012701,6673,2802,3871
12057012702,3674,2580,1094
12057012800,3755,2545,1210
12057012900,3438,2496,942
12057013001,4032,3011,1021
12057013002,5004,3704,1300
12057013003,3172,2165,1007
12057013004,4426,2630,1796
12057013100,3138,2410,728
12057013203,3366,2621,745
12057013204,3124,2568,556
12057013205,7984,6471,1513
12057013206,6258,5267,991
12057013207,3974,3373,601
12057013208,4860,4200,660
12057013305,4519,3924,595
12057013307,3577,2497,1080
12057013310,2642,2016,626
12057013311,3074,2473,601
12057013312,4521,3621,900
12057013313,5274,4060,1214
12057013314,2991,2372,619
12057013315,3929,2793,1136
12057013316,2810,1902,908
12057013317,2324,1673,651
12057013318,3578,2721,857
12057013319,6070,4744,1326
12057013320,3965,3059,906
12057013321,7208,5604,1604
12057013322,7172,4822,2350
12057013406,1444,1065,379
12057013407,6284,5424,860
12057013409,4737,4068,669
12057013410,5624,4180,1444
12057013411,2314,1863,451
12057013412,3873,3193,680
12057013413,3799,3388,411
12057013414,6310,5498,812
12057013415,3863,3290,573
12057013501,4045,2382,1663
12057013503,3657,1941,1716
12057013504,3953,1582,2371
12057013505,3368,1971,1397
12057013602,1924,1001,923
12057013604,1266,848,418
12057013702,8974,6541,2433
12057013703,5836,3811,2025
12057013704,9876,7662,2214
12057013801,2760,1409,1351
12057013802,3215,2385,830
12057013803,1714,1202,512
12057013804,9663,6433,3230
12057013806,1294,952,342
12057013807,7299,4649,2650
12057013903,3965,3599,366
12057013907,2120,1659,461
12057013908,8858,6513,2345
12057013912,3611,2476,1135
12057013913,7364,3441,3923
12057013914,3714,1100,2614
12057013915,7957,6304,1653
12057013916,10641,8193,2448
12057013917,7881,5594,2287
12057013918,2071,1708,363
12057013919,6785,5557,1228
12057013920,4072,3361,711
12057013921,2580,2421,159
12057013922,6988,6113,875
12057013923,5606,4783,823
12057014002,3275,1787,1488
12057014003,1489,1300,189
12057014007,3453,2443,1010
12057014008,3433,3417,16
12057014009,1909,1803,106
12057014010,2535,2451,84
12057014011,3606,3245,361
12057014012,2823,2823,0
12057014013,1094,815,279
12057014014,2110,2075,35
12057014015,1584,1541,43
12057014016,904,884,20
12057014104,1687,1558,129
12057014106,2836,2419,417
12057014108,5869,3528,2341
12057014109,5816,2877,2939
12057014117,2787,2674,113
12057014118,3989,3744,245
12057014119,5343,4256,1087
12057014121,4808,4067,741
12057014122,4293,2517,1776
12057980100,0,0,0
12057980200,0,0,0
12057980300,0,0,0
12057980400,55,55,0
12057980500,16,0,16
12057980600,0,0,0
12057980700,0,0,0
12057990000,0,0,0
12057990100,0,0,0
12059960100,4321,4246,75
12059960200,5344,5305,39
12059960300,2955,2946,9
12059960400,6949,6762,187
12061050100,7517,6580,937
12061050200,4155,3785,370
12061050301,3604,3271,333
12061050302,5868,5129,739
12061050401,3517,3227,290
12061050402,1901,1815,86
12061050501,4983,4660,323
12061050503,4542,4404,138
12061050504,1557,1530,27
12061050505,3348,3292,56
12061050601,2165,2001,164
12061050602,5307,4755,552
12061050603,5087,4069,1018
12061050604,1583,1528,55
12061050605,1758,1690,68
12061050606,12210,10284,1926
12061050702,5702,5191,511
12061050703,9509,8911,598
12061050704,2817,2740,77
12061050705,5036,4502,534
12061050802,8948,8275,673
12061050804,6088,5637,451
12061050805,4079,3854,225
12061050806,4862,4788,74
12061050807,4790,4518,272
12061050808,4393,3938,455
12061050902,5295,4810,485
12061050903,6727,6069,658
12061050904,7994,2946,5048
12061980000,0,0,0
12061990000,0,0,0
12063210100,3892,3722,170
12063210200,1278,1254,24
12063210300,6064,5640,424
12063210400,3229,3176,53
12063210500,5041,4768,273
12063210600,6021,5992,29
12063210700,3787,3582,205
12063210800,5112,4776,336
12063210900,6237,5673,564
12063211000,4477,4390,87
12063211100,3583,3508,75
12065250101,6406,5913,493
12065250102,3777,3750,27
12065250200,3899,3850,49
12065990000,0,0,0
12067960100,2932,2588,344
12067960200,5810,5030,780
12069030102,3758,3458,300
12069030104,1625,1560,65
12069030105,9097,8512,585
12069030106,1437,1298,139
12069030107,5897,5583,314
12069030108,4058,3713,345
12069030203,8644,7981,663
12069030204,4588,3404,1184
12069030206,4602,3783,819
12069030207,4840,4271,569
12069030208,4401,3881,520
12069030209,2781,2565,216
12069030302,3733,3614,119
12069030305,2684,2643,41
12069030306,4053,3919,134
12069030307,4315,4206,109
12069030308,3939,3633,306
12069030405,5181,5094,87
12069030406,3770,3572,198
12069030407,3524,3284,240
12069030408,3919,3709,210
12069030409,4604,4547,57
12069030410,3156,3116,40
12069030411,5736,5098,638
12069030502,5998,5514,484
12069030503,1466,1140,326
12069030504,6899,6037,862
12069030601,4080,3805,275
12069030602,2172,1821,351
12069030701,2156,2108,48
12069030702,4436,3980,456
12069030803,4520,4292,228
12069030804,1292,1223,69
12069030805,3102,2797,305
12069030806,3381,3151,230
12069030807,3759,3205,554
12069030902,14596,12724,1872
12069030912,6006,4718,1288
12069030913,1660,1566,94
12069030914,5484,4808,676
12069031000,7823,6718,1105
12069031101,6996,6874,122
12069031102,7247,6777,470
12069031103,1708,1540,168
12069031202,6452,5495,957
12069031203,6372,4994,1378
12069031204,13350,10879,2471
12069031205,2576,1077,1499
12069031301,6111,5078,1033
12069031305,7950,6232,1718
12069031306,6202,5342,860
12069031307,18724,14777,3947
12069031308,6221,5311,910
12069031309,10675,8295,2380
12069031310,15303,12486,2817
12069031311,18527,12526,6001
12071000301,4547,2438,2109
12071000302,5498,1890,3608
12071000401,3004,1394,1610
12071000402,2140,1543,597
12071000502,3142,2850,292
12071000503,4531,2801,1730
12071000504,2324,1007,1317
12071000600,4684,4622,62
12071000700,2143,1982,161
12071000800,1523,1489,34
12071000900,2996,2822,174
12071001000,6590,4996,1594
12071001101,2839,2003,836
12071001102,4324,3188,1136
12071001201,9682,7328,2354
12071001202,10175,8821,1354
12071001300,2675,1811,864
12071001401,6015,4170,1845
12071001402,2707,2614,93
12071001501,2786,2683,103
12071001502,6622,3348,3274
12071001601,4819,3880,939
12071001602,3153,3082,71
12071001701,2583,2475,108
12071001703,4178,3985,193
12071001705,2891,2814,77
12071001706,3333,3056,277
12071001707,5229,4968,261
12071001801,4566,4129,437
12071001802,2319,2228,91
12071001903,3016,2903,113
12071001906,7324,6072,1252
12071001907,6099,5658,441
12071001908,883,883,0
12071001910,2306,2258,48
12071001911,944,935,9
12071001912,1738,1701,37
12071001913,1615,1597,18
12071001914,5127,4557,570
12071001915,2748,2748,0
12071010102,8410,6999,1411
12071010103,9873,7194,2679
12071010104,1895,1849,46
12071010105,5451,4861,590
12071010201,11688,8449,3239
12071010203,6541,4644,1897
12071010204,9908,8606,1302
12071010302,5946,4111,1835
12071010303,6082,5245,837
12071010304,9996,7934,2062
12071010305,3746,3137,609
12071010306,5782,4232,1550
12071010307,7379,5103,2276
12071010404,7127,5294,1833
12071010405,9558,7093,2465
12071010406,6263,5336,927
12071010407,8240,7114,1126
12071010409,10280,9322,958
12071010410,10830,8910,1920
12071010411,4209,3462,747
12071010412,4611,3805,806
12071010501,3746,2928,818
12071010502,5084,4443,641
12071010601,4491,3671,820
12071010602,2469,2085,384
12071010701,4157,3957,200
12071010702,2478,2362,116
12071010801,2504,2331,173
12071010802,3647,3087,560
12071010803,1932,1868,64
12071020101,4069,3874,195
12071020102,4336,4086,250
12071020201,1483,1393,90
12071020202,2537,2186,351
12071020300,5472,5226,246
12071020400,2708,2656,52
12071020501,2636,2526,110
12071020502,4067,3941,126
12071020600,2848,2293,555
12071020700,3550,3176,374
12071020800,3632,3322,310
12071030100,2821,2644,177
12071030201,1174,1165,9
12071030202,5991,4597,1394
12071030203,1775,1734,41
12071030204,891,868,23
12071030300,2608,2502,106
12071040108,3485,3286,199
12071040109,5577,3571,2006
12071040110,1953,1736,217
12071040111,2547,2533,14
12071040112,2876,2760,116
12071040113,1742,1678,64
12071040114,4703,4558,145
12071040115,5245,4494,751
12071040116,7352,6521,831
12071040117,3298,3164,134
12071040118,1004,987,17
12071040119,1229,1169,60
12071040120,1190,813,377
12071040121,3921,2442,1479
12071040122,7026,3509,3517
12071040123,4510,3919,591
12071040124,6334,3720,2614
12071040125,2197,1210,987
12071040126,3408,2237,1171
12071040127,3494,2555,939
12071040203,11492,7501,3991
12071040205,5290,4025,1265
12071040206,1395,1295,100
12071040207,3935,3089,846
12071040208,1943,1557,386
12071040209,3306,2384,922
12071040210,2310,1827,483
12071040301,7877,4305,3572
12071040302,4586,2857,1729
12071040303,6923,4277,2646
12071040304,5040,2800,2240
12071040305,3079,1647,1432
12071040308,4327,2407,1920
12071040309,6948,4621,2327
12071040310,2707,1813,894
12071040311,4335,2434,1901
12071040312,2025,1316,709
12071040313,1603,819,784
12071040314,2668,1773,895
12071050103,1052,983,69
12071050104,2531,2386,145
12071050105,1961,1919,42
12071050106,3482,3303,179
12071050203,4283,4056,227
12071050204,2093,1795,298
12071050205,1620,1259,361
12071050206,3209,2435,774
12071050207,2236,2175,61
12071050208,5742,4816,926
12071050209,8832,6908,1924
12071050305,3101,3035,66
12071050306,2071,2008,63
12071050307,4332,4291,41
12071050308,9098,7087,2011
12071050310,5552,5393,159
12071050311,7091,6627,464
12071050312,2861,2571,290
12071050313,5736,5165,571
12071050314,4335,4322,13
12071050400,11158,5013,6145
12071050500,6529,3544,2985
12071050601,2926,2815,111
12071050602,4684,4358,326
12071060101,704,693,11
12071060102,2687,2579,108
12071060201,920,892,28
12071060202,1652,1619,33
12071060203,1542,1489,53
12071060300,1068,1040,28
12071070101,1444,1347,97
12071070102,3118,3083,35
12071070200,3495,3330,165
12071080100,233,193,40
12071080202,2529,2498,31
12071080203,1642,1631,11
12071080204,2873,2854,19
12071080300,2087,1932,155
12071090100,842,815,27
12071980000,0,0,0
12071990000,0,0,0
12073000200,3993,3669,324
12073000301,1574,1494,80
12073000302,2231,2099,132
12073000303,4196,4107,89
12073000400,2492,2297,195
12073000500,2487,2188,299
12073000600,4068,3929,139
12073000700,2133,2014,119
12073000800,3143,3036,107
12073000901,8935,8439,496
12073000903,2404,2325,79
12073000904,3396,3183,213
12073000905,3006,2644,362
12073001001,2827,2717,110
12073001002,2450,2434,16
12073001101,2611,2455,156
12073001102,2636,2459,177
12073001200,1237,1221,16
12073001300,5117,4292,825
12073001401,1922,1877,45
12073001402,5307,5083,224
12073001500,4409,4188,221
12073001601,5253,4638,615
12073001602,3222,3115,107
12073001700,7067,6680,387
12073001801,4888,4541,347
12073001802,5966,5789,177
12073001901,2220,2174,46
12073001902,4624,4522,102
12073002003,2725,2526,199
12073002004,6450,5725,725
12073002005,3091,2544,547
12073002006,4263,3954,309
12073002101,4481,4378,103
12073002103,3729,3377,352
12073002104,8569,7702,867
12073002201,5469,5021,448
12073002205,5695,5469,226
12073002206,3280,3155,125
12073002207,2592,2592,0
12073002208,5243,5182,61
12073002302,3225,3092,133
12073002303,4234,3881,353
12073002304,3394,3010,384
12073002403,2833,2777,56
12073002408,8037,7654,383
12073002410,6190,5887,303
12073002411,1415,1378,37
12073002412,9604,9039,565
12073002413,2487,2410,77
12073002414,4557,4207,350
12073002415,4247,3965,282
12073002416,2742,2619,123
12073002417,7662,7108,554
12073002505,5925,5433,492
12073002507,2392,2293,99
12073002508,9279,8694,585
12073002509,4185,3600,585
12073002510,5849,5665,184
12073002511,1389,1369,20
12073002512,3628,3384,244
12073002513,4882,4770,112
12073002603,4433,4400,33
12073002604,2959,2858,101
12073002605,4828,4630,198
12073002606,3427,3211,216
12073002701,4807,4581,226
12073002702,4777,4320,457
12075970101,2290,1858,432
12075970102,8153,7154,999
12075970200,4270,4102,168
12075970301,1304,1268,36
12075970302,6288,6028,260
12075970400,2606,2582,24
12075970500,7600,6742,858
12075970600,4067,3799,268
12075970700,3129,3026,103
12075990000,0,0,0
12077950100,2420,2420,0
12077950200,5865,5355,510
12079110100,2971,2855,116
12079110200,3635,3550,85
12079110301,2096,2008,88
12079110302,5993,5680,313
12079110400,3865,3571,294
12081000101,1320,1251,69
12081000103,4341,3181,1160
12081000105,4559,2779,1780
12081000106,4709,1645,3064
12081000201,4024,3800,224
12081000202,3455,3198,257
12081000304,2506,1951,555
12081000305,6663,2736,3927
12081000306,6383,4015,2368
12081000307,2842,1898,944
12081000308,4269,3911,358
12081000309,4097,3282,815
12081000310,4633,2973,1660
12081000403,1672,1648,24
12081000405,2740,2370,370
12081000406,4342,3843,499
12081000407,4148,4044,104
12081000408,5441,5000,441
12081000501,3599,3082,517
12081000503,3847,3745,102
12081000504,3625,3327,298
12081000601,2871,2595,276
12081000603,3669,2849,820
12081000604,3434,2519,915
12081000703,2846,2059,787
12081000704,6495,4147,2348
12081000705,5420,4108,1312
12081000803,8912,7029,1883
12081000804,3645,3388,257
12081000805,6417,4905,1512
12081000807,6377,5294,1083
12081000808,5874,5666,208
12081000809,5683,4589,1094
12081000810,5976,5693,283
12081000901,5396,4445,951
12081000902,5046,4262,784
12081001000,5834,4683,1151
12081001104,4492,3888,604
12081001105,4027,3713,314
12081001106,4234,3776,458
12081001107,3913,3573,340
12081001108,2567,2397,170
12081001202,4771,4449,322
12081001203,4586,4018,568
12081001204,5757,5717,40
12081001300,3121,2505,616
12081001402,1696,1440,256
12081001403,4827,4007,820
12081001404,3327,2880,447
12081001501,4139,2733,1406
12081001502,5900,3701,2199
12081001601,5070,4074,996
12081001602,4169,3909,260
12081001701,1531,1409,122
12081001703,1734,1729,5
12081001704,785,785,0
12081001800,4628,4476,152
12081001904,4852,4568,284
12081001907,5390,4785,605
12081001908,6867,6353,514
12081001909,3206,3096,110
12081001910,4627,4146,481
12081001911,7253,6116,1137
12081001912,5080,4704,376
12081001913,3833,3447,386
12081001914,2528,2005,523
12081002003,4856,4467,389
12081002005,5143,4497,646
12081002007,6786,6458,328
12081002008,5177,4797,380
12081002010,3176,2810,366
12081002011,4260,3585,675
12081002012,4371,4170,201
12081002013,12745,11553,1192
12081002014,4321,4229,92
12081002015,6249,5654,595
12081002016,6163,5901,262
12081002017,4144,3601,543
12081990000,0,0,0
12083000100,5260,5052,208
12083000200,6830,6483,347
12083000301,8115,7274,841
12083000302,3280,3013,267
12083000401,2308,2162,146
12083000402,4901,4660,241
12083000501,1563,1466,97
12083000502,1196,1106,90
12083000601,3582,3448,134
12083000602,5665,5609,56
12083000604,3824,3411,413
12083000605,2364,2327,37
12083000701,4941,4542,399
12083000702,7578,7315,263
12083000801,13676,13145,531
12083000802,10121,9783,338
12083000901,5531,4288,1243
12083000902,10142,7703,2439
12083001003,1584,1288,296
12083001004,14512,9783,4729
12083001005,6850,5580,1270
12083001006,9928,8728,1200
12083001007,5875,4954,921
12083001008,4673,4404,269
12083001102,2678,2331,347
12083001103,6223,5388,835
12083001104,6150,5338,812
12083001204,7543,5916,1627
12083001205,3770,3537,233
12083001206,2162,1780,382
12083001207,12216,9698,2518
12083001208,3748,3416,332
12083001301,5852,5393,459
12083001302,7233,6405,828
12083001401,5295,4971,324
12083001402,4779,4359,420
12083001500,3785,3609,176
12083001600,3691,2922,769
12083001700,5694,4387,1307
12083001800,1798,1785,13
12083001900,2289,2029,260
12083002001,2927,2581,346
12083002002,3484,3321,163
12083002100,4875,4449,426
12083002201,3388,3102,286
12083002202,3553,3327,226
12083002203,6950,6528,422
12083002301,5764,5281,483
12083002302,6273,5878,395
12083002401,5041,4455,586
12083002402,5380,4927,453
12083002502,11742,10144,1598
12083002503,6059,4906,1153
12083002504,5135,4643,492
12083002601,6927,5561,1366
12083002602,7523,5298,2225
12083002604,3615,3285,330
12083002605,3395,3156,239
12083002606,6269,6133,136
12083002701,5937,5286,651
12083002702,6899,6713,186
12083980000,0,0,0
12083980100,0,0,0
12085000100,2588,2488,100
12085000200,3244,3134,110
12085000300,6281,5995,286
12085000400,7868,7517,351
12085000501,4069,4027,42
12085000502,2146,2024,122
12085000603,5510,5130,380
12085000604,5917,5533,384
12085000606,5288,4923,365
12085000607,3050,2900,150
12085000610,3903,3832,71
12085000700,3163,3065,98
12085000800,2020,1827,193
12085000901,2179,2162,17
12085000902,4661,3992,669
12085001000,6126,4545,1581
12085001102,6752,6521,231
12085001103,2257,2056,201
12085001104,8925,7532,1393
12085001200,2253,1402,851
12085001301,6609,3543,3066
12085001302,4531,4473,58
12085001404,6187,5675,512
12085001406,3774,3530,244
12085001407,2167,2140,27
12085001408,3902,3089,813
12085001409,3722,3475,247
12085001410,5326,4773,553
12085001500,3568,3342,226
12085001601,4477,4348,129
12085001602,1207,1078,129
12085001700,9706,9089,617
12085001801,6818,2387,4431
12085001802,3398,2268,1130
12085990000,0,0,0
12085990100,0,0,0
12086000107,2574,1540,1034
12086000109,3998,1602,2396
12086000113,7874,5274,2600
12086000115,2636,1499,1137
12086000118,1182,831,351
12086000119,4354,2854,1500
12086000120,4425,2388,2037
12086000121,1260,1009,251
12086000122,4138,3284,854
12086000123,4089,2898,1191
12086000124,2944,1871,1073
12086000125,3902,2138,1764
12086000126,1923,1274,649
12086000127,2856,1677,1179
12086000128,2556,1178,1378
12086000129,1971,1314,657
12086000130,2535,1861,674
12086000131,2758,1694,1064
12086000132,5068,3328,1740
12086000133,6735,4614,2121
12086000134,3357,1509,1848
12086000140,3731,1495,2236
12086000202,7335,4285,3050
12086000204,4980,4017,963
12086000206,6195,4658,1537
12086000209,7131,5988,1143
12086000211,2978,1647,1331
12086000212,4798,2907,1891
12086000213,5725,4690,1035
12086000214,5725,3523,2202
12086000215,4149,3285,864
12086000216,4863,3658,1205
12086000217,6709,5624,1085
12086000218,3640,3134,506
12086000219,4858,3554,1304
12086000220,5704,4213,1491
12086000301,7052,5575,1477
12086000302,2721,2059,662
12086000305,8364,7182,1182
12086000306,5413,4553,860
12086000307,4979,3236,1743
12086000308,5903,4769,1134
12086000402,4010,3712,298
12086000403,5913,4938,975
12086000404,7034,4644,2390
12086000405,5014,3867,1147
12086000408,4270,3072,1198
12086000409,4480,3703,777
12086000410,4572,2910,1662
12086000411,5803,4604,1199
12086000412,6809,3968,2841
12086000413,4858,3950,908
12086000414,5148,4523,625
12086000501,7978,4892,3086
12086000503,7387,3915,3472
12086000504,4902,2061,2841
12086000505,6030,315,5715
12086000601,5270,351,4919
12086000602,5595,402,5193
12086000603,5286,241,5045
12086000604,6719,159,6560
12086000605,4070,159,3911
12086000607,5355,121,5234
12086000608,7269,352,6917
12086000705,4897,64,4833
12086000706,8381,97,8284
12086000707,7427,305,7122
12086000708,7339,205,7134
12086000709,6564,50,6514
12086000710,5156,152,5004
12086000711,5668,347,5321
12086000712,2583,27,2556
12086000804,5022,118,4904
12086000805,6434,221,6213
12086000806,4890,126,4764
12086000807,3838,226,3612
12086000808,4012,189,3823
12086000901,7562,1130,6432
12086000902,5624,1476,4148
12086000903,2744,1196,1548
12086001002,6314,4557,1757
12086001003,4994,3767,1227
12086001004,6742,5630,1112
12086001005,2143,1745,398
12086001006,4866,3373,1493
12086001101,5519,4232,1287
12086001102,5609,3939,1670
12086001103,3777,2924,853
12086001104,4829,3214,1615
12086001203,7934,5223,2711
12086001204,5759,3419,2340
12086001205,3169,2101,1068
12086001206,4887,3215,1672
12086001301,4409,2397,2012
12086001302,5433,3435,1998
12086001401,5145,4662,483
12086001402,6418,5704,714
12086001501,4572,4064,508
12086001502,4012,3269,743
12086001602,6821,465,6356
12086001603,3485,150,3335
12086001605,4063,141,3922
12086001606,4945,109,4836
12086001701,4602,3117,1485
12086001702,2763,1869,894
12086001703,4689,263,4426
12086001801,4028,3378,650
12086001802,3743,2407,1336
12086001803,3295,2399,896
12086001901,3776,3127,649
12086001903,3221,2786,435
12086001904,4560,3902,658
12086002001,3704,3113,591
12086002003,3863,3132,731
12086002004,3449,2609,840
12086002100,2752,1745,1007
12086002201,3901,2330,1571
12086002202,6362,4362,2000
12086002300,4820,3887,933
12086002402,5730,642,5088
12086002403,4241,365,3876
12086002404,4790,523,4267
12086002501,5364,1195,4169
12086002502,5049,2028,3021
12086002600,6931,1755,5176
12086002702,3505,1108,2397
12086002703,5994,3179,2815
12086002705,3099,1226,1873
12086002706,4507,1858,2649
12086002800,1386,942,444
12086002900,6871,1147,5724
12086003001,2023,993,1030
12086003003,6416,643,5773
12086003004,5168,1309,3859
12086003100,4450,3369,1081
12086003400,1763,1453,310
12086003601,3973,1750,2223
12086003602,7438,618,6820
12086003702,4403,2246,2157
12086003703,1503,1030,473
12086003704,1263,732,531
12086003705,1179,485,694
12086003706,1356,490,866
12086003707,1252,676,576
12086003801,5939,3367,2572
12086003803,2917,1756,1161
12086003804,5810,3628,2182
12086003906,3288,2412,876
12086003909,1495,586,909
12086003911,5099,1126,3973
12086003912,4754,1303,3451
12086003913,5052,1187,3865
12086003914,4303,1419,2884
12086003915,5398,1628,3770
12086003916,4212,1496,2716
12086003917,5042,1761,3281
12086003918,2819,1543,1276
12086003919,2326,1078,1248
12086003921,2870,1179,1691
12086003922,2853,1557,1296
12086004000,5505,4178,1327
12086004102,3488,2495,993
12086004103,2310,837,1473
12086004105,2343,1231,1112
12086004106,4049,2620,1429
12086004203,4280,2633,1647
12086004204,2008,1025,983
12086004205,2534,1429,1105
12086004206,1528,437,1091
12086004301,2028,1177,851
12086004303,2437,1155,1282
12086004304,2377,1246,1131
12086004403,3116,1180,1936
12086004404,1872,761,1111
12086004405,3524,1211,2313
12086004406,2671,1482,1189
12086004500,4235,2277,1958
12086004602,4269,1543,2726
12086004605,3699,1143,2556
12086004607,3178,1126,2052
12086004608,1789,618,1171
12086004701,5660,1875,3785
12086004702,6182,1294,4888
12086004703,5323,840,4483
12086004901,3740,318,3422
12086004902,7484,133,7351
12086005001,7762,325,7437
12086005002,5532,136,5396
12086005102,4456,691,3765
12086005103,2910,22,2888
12086005104,4455,276,4179
12086005201,5999,493,5506
12086005202,6043,370,5673
12086005302,6991,207,6784
12086005303,4062,104,3958
12086005304,5299,168,5131
12086005403,1640,66,1574
12086005405,3734,217,3517
12086005406,4171,49,4122
12086005407,2594,109,2485
12086005409,4138,130,4008
12086005410,3909,61,3848
12086005501,6706,689,6017
12086005502,6763,139,6624
12086005600,5584,379,5205
12086005701,6238,126,6112
12086005703,7483,457,7026
12086005704,9373,227,9146
12086005801,8160,244,7916
12086005802,11139,746,10393
12086005901,4552,388,4164
12086005902,4005,378,3627
12086005903,5695,313,5382
12086005904,4861,610,4251
12086006001,6043,1045,4998
12086006002,5479,982,4497
12086006101,5794,1720,4074
12086006102,5840,2345,3495
12086006201,3236,412,2824
12086006203,1932,754,1178
12086006205,4134,859,3275
12086006206,2950,986,1964
12086006301,7258,567,6691
12086006302,4680,479,4201
12086006401,4031,122,3909
12086006402,3830,187,3643
12086006403,3519,365,3154
12086006501,3926,314,3612
12086006503,2489,283,2206
12086006504,2710,339,2371
12086006601,7062,1153,5909
12086006602,5358,884,4474
12086006702,8519,4596,3923
12086006705,3101,1499,1602
12086006706,2060,841,1219
12086006707,3954,1596,2358
12086006709,1163,743,420
12086006711,2662,1096,1566
12086006713,2431,892,1539
12086006714,1782,652,1130
12086006801,3031,1917,1114
12086006802,3567,1890,1677
12086006900,6441,1074,5367
12086007001,10249,1062,9187
12086007002,7763,794,6969
12086007101,2611,1812,799
12086007103,1640,965,675
12086007104,3295,1854,1441
12086007200,3049,2555,494
12086007300,4014,2346,1668
12086007400,7568,3080,4488
12086007501,2997,1096,1901
12086007503,927,529,398
12086007601,3016,878,2138
12086007603,3743,2308,1435
12086007604,5819,2419,3400
12086007605,4156,1535,2621
12086007606,5714,2478,3236
12086007701,6490,783,5707
12086007702,6224,1317,4907
12086007704,4843,1552,3291
12086007705,4628,1047,3581
12086007801,1062,448,614
12086007804,6672,2352,4320
12086007805,4705,2068,2637
12086007806,4396,2283,2113
12086007807,4531,2291,2240
12086007901,3431,1609,1822
12086007902,3165,1751,1414
12086008000,6680,3222,3458
12086008101,3735,2304,1431
12086008102,5376,3403,1973
12086008202,4042,2529,1513
12086008205,4065,2502,1563
12086008206,4043,2224,1819
12086008207,4340,2368,1972
12086008208,4762,2219,2543
12086008209,4846,2808,2038
12086008304,8869,6966,1903
12086008305,5338,2680,2658
12086008306,8690,4137,4553
12086008307,7181,3706,3475
12086008308,5584,2737,2847
12086008309,4851,4113,738
12086008405,5804,2360,3444
12086008407,6847,1822,5025
12086008409,5492,2558,2934
12086008410,6137,2612,3525
12086008412,5772,1224,4548
12086008414,7371,3140,4231
12086008415,5119,2277,2842
12086008416,3382,802,2580
12086008417,5083,1055,4028
12086008418,2808,532,2276
12086008419,4658,1360,3298
12086008501,7514,859,6655
12086008502,4991,797,4194
12086008601,4836,576,4260
12086008602,6755,818,5937
12086008701,6171,812,5359
12086008702,5948,871,5077
12086008803,6710,418,6292
12086008804,6837,505,6332
12086008805,5643,326,5317
12086008806,4172,176,3996
12086008901,7419,381,7038
12086008902,6334,362,5972
12086008904,2402,1715,687
12086008906,5451,418,5033
12086008907,4750,756,3994
12086009006,10404,910,9494
12086009010,4961,816,4145
12086009014,4229,453,3776
12086009015,5689,296,5393
12086009017,6297,339,5958
12086009019,4783,195,4588
12086009020,2859,57,2802
12086009021,5160,170,4990
12086009022,2103,156,1947
12086009023,7172,247,6925
12086009024,5135,616,4519
12086009026,2286,147,2139
12086009027,3997,332,3665
12086009028,4989,455,4534
12086009029,4002,297,3705
12086009030,5293,256,5037
12086009031,3677,206,3471
12086009034,8216,2167,6049
12086009035,5068,1118,3950
12086009036,8619,1443,7176
12086009038,8816,1521,7295
12086009039,5371,1020,4351
12086009040,663,67,596
12086009043,4963,640,4323
12086009044,2359,175,2184
12086009046,1293,146,1147
12086009047,3235,495,2740
12086009100,8851,1819,7032
12086009200,3323,207,3116
12086009305,4883,1118,3765
12086009306,6477,402,6075
12086009307,6407,419,5988
12086009308,8144,498,7646
12086009309,7624,236,7388
12086009311,6562,252,6310
12086009312,5428,947,4481
12086009313,5360,1118,4242
12086009314,4766,196,4570
12086009315,2864,240,2624
12086009400,6364,4174,2190
12086009501,5773,5128,645
12086009503,4513,3959,554
12086009504,5278,4582,696
12086009600,7608,6810,798
12086009703,3386,2172,1214
12086009704,5544,3800,1744
12086009705,4823,2074,2749
12086009706,3986,1699,2287
12086009803,5072,3475,1597
12086009804,3341,2345,996
12086009806,2777,1864,913
12086009807,7662,6413,1249
12086009808,4897,3050,1847
12086009901,9502,8048,1454
12086009903,4754,4434,320
12086009904,2919,2347,572
12086009905,6116,5664,452
12086009906,5646,4903,743
12086010001,6650,4997,1653
12086010005,7242,1847,5395
12086010006,8778,3993,4785
12086010009,8145,3627,4518
12086010010,5103,2544,2559
12086010011,6684,5106,1578
12086010012,5689,5147,542
12086010013,4562,1367,3195
12086010015,4107,529,3578
12086010016,5369,1204,4165
12086010193,3234,805,2429
12086010198,3683,1241,2442
12086010201,4604,1395,3209
12086010204,7446,2041,5405
12086010205,5499,1563,3936
12086010207,3847,1613,2234
12086010208,5110,1880,3230
12086010209,5515,1654,3861
12086010210,6863,2317,4546
12086010300,10074,4010,6064
12086010400,4012,1582,2430
12086010500,10803,4996,5807
12086010604,5309,3131,2178
12086010606,7144,3082,4062
12086010608,5488,2095,3393
12086010609,5849,2630,3219
12086010610,4431,2349,2082
12086010612,10201,4407,5794
12086010613,5362,2173,3189
12086010614,8946,3941,5005
12086010617,7016,2435,4581
12086010703,13393,4830,8563
12086010704,11587,4409,7178
12086010801,7662,2053,5609
12086010802,8471,3754,4717
12086010900,6415,1221,5194
12086011001,10011,3099,6912
12086011003,4726,1089,3637
12086011005,6845,1544,5301
12086011007,6946,3014,3932
12086011008,4291,1013,3278
12086011009,5929,2623,3306
12086011101,9434,2042,7392
12086011102,6737,2941,3796
12086011201,7187,2959,4228
12086011202,7407,1997,5410
12086011300,9391,5174,4217
12086011401,18578,9818,8760
12086011403,7318,3183,4135
12086011404,9187,4200,4987
12086011500,6852,2299,4553
12086011600,6129,1615,4514
12086011700,7587,1070,6517
12086011800,3391,1254,2137
12086011900,5503,1052,4451
12086012000,8990,1122,7868
12086012100,16414,2590,13824
12086012200,5671,903,4768
12086012300,7473,993,6480
12086012400,9760,1439,8321
12086012500,6711,281,6430
12086012600,7481,204,7277
12086012700,7816,771,7045
12086012800,9202,1111,8091
12086012900,4537,41,4496
12086013000,5130,224,4906
12086013100,5711,186,5525
12086013200,6293,279,6014
12086013300,5829,187,5642
12086013400,6431,292,6139
12086013500,5580,159,5421
12086013600,5870,36,5834
12086013700,5828,156,5672
12086013800,7443,112,7331
12086013900,4983,130,4853
12086014000,134,18,116
12086014100,3103,1707,1396
12086014200,5858,327,5531
12086014300,3669,227,3442
12086014400,4631,254,4377
12086014500,4724,312,4412
12086014600,8076,276,7800
12086014700,6703,654,6049
12086014800,6261,390,5871
12086014900,5726,275,5451
12086015000,9158,573,8585
12086015100,13643,2366,11277
12086015200,7551,617,6934
12086015300,6135,455,5680
12086015400,5566,254,5312
12086015500,6582,762,5820
12086015600,4324,857,3467
12086015700,2578,491,2087
12086015800,4911,493,4418
12086015900,4016,443,3573
12086016000,5263,382,4881
12086016100,5333,319,5014
12086016200,3609,338,3271
12086016300,5404,819,4585
12086016400,6395,593,5802
12086016500,9065,1520,7545
12086016600,3754,603,3151
12086016700,5905,545,5360
12086016800,4222,594,3628
12086016900,4917,181,4736
12086017000,5929,418,5511
12086017100,6921,640,6281
12086017200,4155,536,3619
12086017300,4785,651,4134
12086017400,6187,810,5377
12086017500,4371,233,4138
12086017600,6999,854,6145
12086017700,4487,449,4038
12086017800,6322,286,6036
12086017900,8645,2027,6618
12086018000,8707,1668,7039
12086018100,5141,1174,3967
12086018200,2717,489,2228
12086018300,5863,1359,4504
12086018400,3752,711,3041
12086018500,4601,1482,3119
12086018600,9172,1916,7256
12086018700,5445,1086,4359
12086018800,7595,1951,5644
12086018900,6829,3032,3797
12086019000,6354,1605,4749
12086019100,4821,1429,3392
12086019200,5677,2383,3294
12086019300,8446,3810,4636
12086019400,8033,2278,5755
12086019500,7019,2161,4858
12086019600,6571,2202,4369
12086019700,4150,1812,2338
12086019800,8880,2204,6676
12086019900,11401,2438,8963
12086020000,6528,1464,5064
12086020100,5174,1082,4092
12086020200,5267,1259,4008
12086020300,3691,884,2807
12086490100,1893,44,1849
12086980100,0,0,0
12086980200,0,0,0
12086980300,4584,3911,673
12086980400,0,0,0
12086980500,0,0,0
12086980600,0,0,0
12086980700,1256,701,555
12086980800,0,0,0
12086980900,0,0,0
12086981000,64,44,20
12086990000,0,0,0
12087970200,1110,1023,87
12087970300,2276,1619,657
12087970400,3713,2652,1061
12087970500,2383,1959,424
12087970600,1652,1424,228
12087970700,2634,1851,783
12087970800,4430,4011,419
12087970900,1599,1410,189
12087971001,1271,1148,123
12087971002,1747,1357,390
12087971100,3425,2412,1013
12087971200,2317,1394,923
12087971300,1545,769,776
12087971401,3220,2915,305
12087971402,1757,1464,293
12087971501,1812,1602,210
12087971502,3246,2831,415
12087971600,2318,2134,184
12087971700,3422,2164,1258
12087971800,5223,3234,1989
12087971900,6753,4653,2100
12087972000,3429,2702,727
12087972100,4882,3921,961
12087972200,3618,3066,552
12087972300,2462,1857,605
12087972400,3064,2669,395
12087972500,1158,1035,123
12087972600,673,501,172
12087980000,7,7,0
12087980100,4,2,2
12087990000,0,0,0
12089050101,6655,6337,318
12089050102,3234,3008,226
12089050201,1690,1678,12
12089050202,6330,6244,86
12089050203,3664,3576,88
12089050301,8501,7781,720
12089050302,7286,7143,143
12089050303,13011,12157,854
12089050400,8710,8586,124
12089050502,7415,7348,67
12089050503,6564,6405,159
12089050504,4127,4002,125
12089990000,0,0,0
12091020100,7833,7681,152
12091020200,1943,1837,106
12091020301,7472,6500,972
12091020302,6556,6329,227
12091020400,7015,6914,101
12091020500,7829,7190,639
12091020600,10491,9834,657
12091020700,10353,9693,660
12091020800,5466,5095,371
12091020900,6323,6112,211
12091021001,6159,5681,478
12091021002,4788,4498,290
12091021101,3106,3033,73
12091021102,8130,7758,372
12091021200,6394,5776,618
12091021400,1738,1373,365
12091021501,3813,3541,272
12091021502,4283,3850,433
12091021600,2236,2132,104
12091021700,3014,2822,192
12091021801,5134,4714,420
12091021802,4949,4350,599
12091021900,8191,7206,985
12091022001,3962,2966,996
12091022002,3826,3424,402
12091022100,3345,2541,804
12091022300,2631,2350,281
12091022400,3719,3288,431
12091022500,3805,3477,328
12091022600,3396,3068,328
12091022700,3731,3343,388
12091022800,2431,2159,272
12091022900,4583,4232,351
12091023100,7900,6974,926
12091023200,2032,1783,249
12091023303,1406,1356,50
12091023304,4043,3693,350
12091023305,4099,3740,359
12091023306,3056,2836,220
12091023307,1717,1467,250
12091023308,2900,2835,65
12091990100,0,0,0
12091990200,0,0,0
12093910101,6438,4791,1647
12093910102,2545,2414,131
12093910201,4239,2064,2175
12093910202,4582,1924,2658
12093910300,2020,1547,473
12093910401,3295,3083,212
12093910402,2701,1665,1036
12093910403,3075,2888,187
12093910500,4084,3180,904
12093910601,4516,4220,296
12093910602,1925,1754,171
12093990000,0,0,0
12095010200,4940,4100,840
12095010300,2645,2230,415
12095010400,1237,1046,191
12095010500,1303,1281,22
12095010802,2681,2504,177
12095011000,2962,2390,572
12095011100,3126,2454,672
12095011200,3263,2858,405
12095011300,4817,4567,250
12095011600,4725,4062,663
12095011701,4520,4280,240
12095011702,3393,3349,44
12095012000,7732,6710,1022
12095012100,6884,5496,1388
12095012201,5170,4481,689
12095012202,5043,4344,699
12095012303,8012,7612,400
12095012304,7217,6227,990
12095012305,7785,6786,999
12095012306,3457,2895,562
12095012307,6641,5686,955
12095012401,8020,6994,1026
12095012402,5851,4595,1256
12095012403,4613,4053,560
12095012500,2059,1823,236
12095012600,5179,4777,402
12095012701,4933,4466,467
12095012800,3581,3355,226
12095012900,2631,2449,182
12095013201,4373,1816,2557
12095013202,6036,2171,3865
12095013300,6584,3581,3003
12095013402,3639,1453,2186
12095013403,3459,1376,2083
12095013405,1994,861,1133
12095013406,3601,1329,2272
12095013503,2294,789,1505
12095013505,4405,1672,2733
12095013507,7012,3124,3888
12095013508,2952,766,2186
12095013509,1285,766,519
12095013510,1996,826,1170
12095013511,5185,2137,3048
12095013512,5206,1960,3246
12095013603,5251,2965,2286
12095013604,6186,4059,2127
12095013605,3888,2193,1695
12095013606,3651,1325,2326
12095013607,5285,3655,1630
12095013701,5061,2845,2216
12095013702,5767,3924,1843
12095013801,2556,2096,460
12095013802,2674,2314,360
12095013803,2651,2343,308
12095013900,3912,3366,546
12095014000,6022,5295,727
12095014100,6576,5701,875
12095014200,10048,4493,5555
12095014301,5698,3875,1823
12095014302,5422,2514,2908
12095014400,3514,2879,635
12095014502,5072,4160,912
12095014503,4927,3905,1022
12095014504,5300,3613,1687
12095014601,7633,6182,1451
12095014605,4693,4318,375
12095014606,7304,4570,2734
12095014607,5751,3753,1998
12095014608,4520,4045,475
12095014609,6058,4637,1421
12095014701,5060,3631,1429
12095014702,5460,4667,793
12095014703,2210,1485,725
12095014704,12548,9454,3094
12095014804,6626,5403,1223
12095014805,5650,4341,1309
12095014806,4652,4127,525
12095014807,6353,4842,1511
12095014808,11751,10641,1110
12095014809,2793,2724,69
12095014810,5654,5036,618
12095014811,5489,4743,746
12095014812,5843,4483,1360
12095014813,3998,3095,903
12095014904,6448,5690,758
12095014906,6824,5647,1177
12095014908,7006,6206,800
12095014909,3079,2686,393
12095015001,1679,844,835
12095015002,5656,3343,2313
12095015003,6417,4613,1804
12095015004,9016,7218,1798
12095015103,6395,5074,1321
12095015104,5372,4143,1229
12095015105,4024,3137,887
12095015106,8301,7095,1206
12095015201,8353,6254,2099
12095015202,6522,4911,1611
12095015300,3312,2957,355
12095015402,1977,1662,315
12095015501,4800,4503,297
12095015601,2272,2063,209
12095015602,2485,2182,303
12095015701,2030,1871,159
12095015702,1748,1627,121
12095015801,1707,1550,157
12095015802,2597,2373,224
12095015901,2245,1905,340
12095015902,1514,1321,193
12095016001,2174,1968,206
12095016002,2601,2378,223
12095016100,4151,4011,140
12095016200,6785,5768,1017
12095016301,6051,5126,925
12095016302,4252,2389,1863
12095016402,2519,1441,1078
12095016406,2043,1352,691
12095016407,5327,4002,1325
12095016408,2394,1898,496
12095016409,3651,3201,450
12095016410,8635,4971,3664
12095016411,3063,1881,1182
12095016412,4877,3333,1544
12095016503,5773,4162,1611
12095016504,5305,3331,1974
12095016505,2887,2334,553
12095016507,17867,14089,3778
12095016508,9058,5399,3659
12095016509,4245,3283,962
12095016510,4125,3571,554
12095016511,4966,3690,1276
12095016601,11347,8334,3013
12095016602,9537,8082,1455
12095016704,21717,12123,9594
12095016709,7456,2287,5169
12095016710,5190,2820,2370
12095016712,8667,3861,4806
12095016713,8036,3184,4852
12095016714,3642,1773,1869
12095016715,6348,2622,3726
12095016716,5325,4175,1150
12095016717,3273,1602,1671
12095016723,4883,2797,2086
12095016724,6375,2437,3938
12095016727,12567,7273,5294
12095016728,4803,3862,941
12095016729,17764,10142,7622
12095016730,30538,20869,9669
12095016731,6744,5006,1738
12095016732,16289,10108,6181
12095016733,6214,2810,3404
12095016734,12370,6292,6078
12095016802,8965,5655,3310
12095016803,2613,1402,1211
12095016804,4199,2304,1895
12095016806,14202,5307,8895
12095016807,20591,7153,13438
12095016902,5318,2392,2926
12095016903,15315,8406,6909
12095016904,4327,2729,1598
12095016906,4207,2607,1600
12095016907,6915,3845,3070
12095017001,3908,3345,563
12095017004,4757,3555,1202
12095017006,3914,2447,1467
12095017008,10257,4931,5326
12095017011,5316,2726,2590
12095017012,2989,2245,744
12095017013,7484,4477,3007
12095017014,12626,6514,6112
12095017015,7468,4543,2925
12095017016,10161,6814,3347
12095017017,5555,4003,1552
12095017103,18432,15013,3419
12095017104,27195,22434,4761
12095017105,17211,14426,2785
12095017107,7190,6174,1016
12095017108,9057,7857,1200
12095017109,6280,5832,448
12095017200,4104,3314,790
12095017300,11056,6478,4578
12095017400,10681,8270,2411
12095017501,11062,9153,1909
12095017503,6504,3045,3459
12095017504,9039,6620,2419
12095017600,4378,3628,750
12095017701,5884,4222,1662
12095017702,2202,1818,384
12095017703,4834,2855,1979
12095017802,15417,12585,2832
12095017804,9591,7383,2208
12095017805,2867,2239,628
12095017806,5031,4390,641
12095017807,3694,2027,1667
12095017808,3776,3141,635
12095017901,3120,2356,764
12095017902,6438,5626,812
12095018000,2796,2466,330
12095018100,3188,2877,311
12095018200,10434,8529,1905
12095018300,2496,1890,606
12095018400,2512,1668,844
12095018500,4049,3777,272
12095018700,5340,4868,472
12095018800,3599,3207,392
12095018900,7950,6878,1072
12095990000,0,0,0
12097040801,852,649,203
12097040802,7330,5385,1945
12097040803,8971,7920,1051
12097040804,5789,3008,2781
12097040901,4688,2520,2168
12097040902,8103,3293,4810
12097041001,9743,5273,4470
12097041002,10783,4207,6576
12097041100,19834,8644,11190
12097041300,15815,6295,9520
12097041500,13352,6434,6918
12097041600,3978,2238,1740
12097041700,6051,2938,3113
12097041800,2803,1441,1362
12097041900,6357,2060,4297
12097042000,7736,2675,5061
12097042100,10779,3352,7427
12097042200,9122,3602,5520
12097042300,7037,3352,3685
12097042400,8153,3204,4949
12097042500,7600,2422,5178
12097042601,3704,1097,2607
12097042602,12825,3088,9737
12097042701,8694,2214,6480
12097042702,7459,1537,5922
12097042800,11317,4598,6719
12097042900,19187,8382,10805
12097043100,3624,3004,620
12097043201,120,102,18
12097043202,426,347,79
12097043203,4707,2678,2029
12097043204,17710,10780,6930
12097043205,1612,1445,167
12097043206,284,273,11
12097043301,1579,1434,145
12097043302,13034,9213,3821
12097043400,5392,4049,1343
12097043500,5145,4148,997
12097043600,6645,5026,1619
12097043700,6279,4642,1637
12097043800,7343,6263,1080
12099000101,7400,6985,415
12099000102,3217,3084,133
12099000202,6422,4672,1750
12099000204,4321,3529,792
12099000205,6066,4219,1847
12099000206,7676,6240,1436
12099000208,4359,3967,392
12099000209,7113,5984,1129
12099000210,5435,4618,817
12099000211,3976,3729,247
12099000213,3154,2569,585
12099000214,7174,6225,949
12099000215,8804,8186,618
12099000301,3964,3830,134
12099000303,4438,4303,135
12099000304,6073,5089,984
12099000405,3108,2990,118
12099000406,2766,2681,85
12099000407,1932,1913,19
12099000408,3762,3509,253
12099000410,3628,3472,156
12099000505,2501,2464,37
12099000507,777,777,0
12099000509,1645,1550,95
12099000511,2441,2383,58
12099000600,1438,1220,218
12099000702,2952,2774,178
12099000703,3965,3483,482
12099000802,2937,2340,597
12099000803,3391,3192,199
12099000804,3015,2815,200
12099000902,2941,2692,249
12099000903,5759,5050,709
12099000904,3939,3204,735
12099000905,4678,4106,572
12099001002,6512,5758,754
12099001003,4957,4261,696
12099001004,5093,3673,1420
12099001101,6420,6126,294
12099001102,2448,2333,115
12099001200,4601,4239,362
12099001301,5700,5043,657
12099001302,4424,4394,30
12099001402,2562,2344,218
12099001403,2941,2941,0
12099001404,3770,3752,18
12099001500,2903,2767,136
12099001600,3534,2551,983
12099001700,4926,3457,1469
12099001801,5315,4680,635
12099001802,4350,3802,548
12099001904,3297,2972,325
12099001907,2898,2660,238
12099001908,6664,5218,1446
12099001909,2686,1449,1237
12099001910,1619,1307,312
12099001911,1047,947,100
12099001912,1652,1493,159
12099001913,1723,1612,111
12099001914,2195,1837,358
12099001915,6260,5239,1021
12099001916,3266,2944,322
12099001917,4237,3601,636
12099002005,4523,3974,549
12099002006,3760,3112,648
12099002100,4065,3996,69
12099002200,2107,1959,148
12099002300,2546,2081,465
12099002400,1772,1571,201
12099002600,1222,1107,115
12099002700,5105,4576,529
12099002800,4046,2650,1396
12099002900,5682,2739,2943
12099003000,6190,3032,3158
12099003101,7762,4452,3310
12099003102,6393,4893,1500
12099003201,5182,2671,2511
12099003202,6053,4073,1980
12099003300,4831,1456,3375
12099003400,3845,2479,1366
12099003504,863,832,31
12099003507,2368,2250,118
12099003509,2465,2418,47
12099003511,1772,1745,27
12099003600,6323,3646,2677
12099003700,6083,1947,4136
12099003800,8069,4002,4067
12099003901,4458,2812,1646
12099003902,6217,3559,2658
12099004005,3517,2437,1080
12099004007,5498,1802,3696
12099004008,6790,3497,3293
12099004009,4339,916,3423
12099004010,3187,1363,1824
12099004011,6234,2343,3891
12099004012,3928,2720,1208
12099004013,3343,1832,1511
12099004101,5528,2532,2996
12099004102,3108,1113,1995
12099004201,8359,3504,4855
12099004202,4428,2145,2283
12099004203,2848,1744,1104
12099004300,6229,4028,2201
12099004401,4318,2447,1871
12099004402,4385,2088,2297
12099004500,5983,3094,2889
12099004601,3871,1699,2172
12099004602,4839,1469,3370
12099004702,6801,3284,3517
12099004704,6717,2541,4176
12099004705,5091,1921,3170
12099004706,2413,1539,874
12099004809,1448,1186,262
12099004810,4735,3679,1056
12099004811,3507,3158,349
12099004812,8840,6969,1871
12099004813,5977,4662,1315
12099004815,6996,5214,1782
12099004816,3465,2851,614
12099004817,3869,2867,1002
12099004818,2418,2019,399
12099004819,4492,2559,1933
12099004902,2207,2026,181
12099004903,4975,2387,2588
12099004904,5832,2610,3222
12099005000,5891,3360,2531
12099005101,2826,967,1859
12099005102,5954,3703,2251
12099005202,3905,2410,1495
12099005203,2185,1709,476
12099005204,3663,1994,1669
12099005300,4098,3630,468
12099005405,887,881,6
12099005407,1752,1697,55
12099005409,865,834,31
12099005411,3400,3252,148
12099005501,3531,2974,557
12099005502,6500,5180,1320
12099005601,5911,4156,1755
12099005602,2950,2686,264
12099005701,4071,3736,335
12099005702,6559,5973,586
12099005807,4302,3308,994
12099005808,5609,4763,846
12099005810,1700,1631,69
12099005811,3426,3010,416
12099005812,4054,2632,1422
12099005813,5938,4291,1647
12099005814,4979,2082,2897
12099005815,4700,3819,881
12099005816,5769,4054,1715
12099005817,6450,5256,1194
12099005903,8325,6414,1911
12099005915,5201,4463,738
12099005916,7349,5527,1822
12099005917,4485,3594,891
12099005918,3129,2367,762
12099005921,7686,6951,735
12099005922,5540,4891,649
12099005923,3498,3206,292
12099005926,4102,4005,97
12099005930,3734,3427,307
12099005931,3005,2910,95
12099005933,2834,2661,173
12099005934,2407,2273,134
12099005935,2068,1992,76
12099005936,3428,3204,224
12099005937,1678,1639,39
12099005938,3454,3092,362
12099005939,1205,1105,100
12099005940,1826,1608,218
12099005942,2106,2082,24
12099005943,2182,2048,134
12099005944,2179,2087,92
12099005945,5058,4772,286
12099005946,8625,7548,1077
12099005947,4635,4607,28
12099005949,3276,3111,165
12099005950,5094,4528,566
12099005951,4786,3999,787
12099005952,1296,1286,10
12099005953,5029,4290,739
12099005954,4149,3698,451
12099005955,4242,3962,280
12099005956,794,749,45
12099006005,3980,3592,388
12099006006,2388,2296,92
12099006007,4076,3584,492
12099006008,2559,2475,84
12099006009,1871,1761,110
12099006010,3834,3042,792
12099006011,3018,2526,492
12099006012,4491,3620,871
12099006100,4096,3917,179
12099006201,4389,3820,569
12099006202,2286,2021,265
12099006203,2188,1974,214
12099006300,6091,4873,1218
12099006401,1769,1669,100
12099006402,3923,3707,216
12099006501,1815,1480,335
12099006502,3726,3604,122
12099006602,3176,2967,209
12099006603,4775,4568,207
12099006604,5500,5116,384
12099006605,4926,4360,566
12099006700,2462,2324,138
12099006801,6104,5040,1064
12099006802,3887,3637,250
12099006906,4498,3891,607
12099006907,3636,3283,353
12099006908,4798,4205,593
12099006909,2438,2109,329
12099006910,2151,1842,309
12099006911,2933,2499,434
12099006912,3887,3716,171
12099007002,4020,3675,345
12099007005,3693,3476,217
12099007006,4294,3787,507
12099007007,3973,3587,386
12099007008,4640,4042,598
12099007009,3346,3069,277
12099007010,1577,1553,24
12099007011,2712,2522,190
12099007100,2299,1903,396
12099007201,6830,5607,1223
12099007202,4271,3603,668
12099007203,5904,4842,1062
12099007301,4091,3609,482
12099007302,4981,4139,842
12099007407,1708,1654,54
12099007410,1530,1423,107
12099007412,1330,1269,61
12099007414,1981,1873,108
12099007416,2857,2641,216
12099007418,936,898,38
12099007420,3181,3054,127
12099007501,3400,3002,398
12099007504,2920,2523,397
12099007505,2425,2370,55
12099007602,4791,3366,1425
12099007603,2396,2151,245
12099007604,7610,6765,845
12099007605,4627,4264,363
12099007607,5805,4969,836
12099007610,5111,4398,713
12099007612,5068,3615,1453
12099007613,3621,2512,1109
12099007614,4354,3779,575
12099007615,3807,3274,533
12099007616,3118,2849,269
12099007617,1702,1684,18
12099007618,4620,4211,409
12099007705,4844,3805,1039
12099007710,4520,3797,723
12099007713,16189,13242,2947
12099007716,5129,4187,942
12099007721,4923,4297,626
12099007723,2765,2281,484
12099007724,6015,4708,1307
12099007725,6050,4969,1081
12099007730,6348,5217,1131
12099007731,4855,4253,602
12099007732,5640,4459,1181
12099007733,3215,2438,777
12099007734,2258,1991,267
12099007735,5523,4800,723
12099007736,3822,2858,964
12099007738,4178,3007,1171
12099007739,2889,2060,829
12099007740,5333,3950,1383
12099007741,4131,3311,820
12099007742,5234,4642,592
12099007743,5016,4360,656
12099007744,3002,2464,538
12099007746,1082,888,194
12099007747,2903,2838,65
12099007748,4715,4172,543
12099007749,5383,4704,679
12099007750,4450,2773,1677
12099007751,3586,2706,880
12099007752,7147,6143,1004
12099007753,8217,6327,1890
12099007754,4685,4368,317
12099007756,5367,4841,526
12099007757,4447,4010,437
12099007758,5809,3885,1924
12099007759,1607,1396,211
12099007760,4084,3144,940
12099007762,1822,1682,140
12099007763,7308,5946,1362
12099007764,1869,1613,256
12099007765,9325,6990,2335
12099007766,3432,2784,648
12099007767,3860,3017,843
12099007805,5781,5242,539
12099007808,5306,3919,1387
12099007809,3420,2959,461
12099007812,5757,4439,1318
12099007813,6343,4883,1460
12099007814,1988,1950,38
12099007817,8172,6509,1663
12099007818,2156,1788,368
12099007820,2913,2471,442
12099007821,2978,2233,745
12099007822,6270,5579,691
12099007823,4089,3739,350
12099007828,1517,1255,262
12099007830,3481,3136,345
12099007831,3520,3088,432
12099007832,2554,1892,662
12099007833,4606,3885,721
12099007834,1631,1572,59
12099007835,4046,3790,256
12099007836,7451,5984,1467
12099007837,6241,5449,792
12099007838,8177,6534,1643
12099007839,6703,5750,953
12099007908,8353,6828,1525
12099007909,3756,3677,79
12099007910,7624,6090,1534
12099007912,8848,7192,1656
12099008001,3442,2155,1287
12099008002,4582,3684,898
12099008101,7420,3592,3828
12099008102,112,65,47
12099008201,3864,3427,437
12099008202,2886,2868,18
12099008203,5569,3860,1709
12099008301,1532,950,582
12099008302,5828,4268,1560
12099980000,0,0,0
12099980100,0,0,0
12099980200,0,0,0
12099980400,0,0,0
12099980500,0,0,0
12099990000,0,0,0
12099990100,0,0,0
12101030101,2422,2196,226
12101030102,2663,2424,239
12101030202,2879,2689,190
12101030203,1472,1434,38
12101030204,1184,1113,71
12101030205,2186,2068,118
12101030301,2185,1870,315
12101030302,2189,1930,259
12101030303,3558,3226,332
12101030404,2854,2534,320
12101030405,1997,1790,207
12101030406,2271,2082,189
12101030407,2703,2553,150
12101030408,1954,1879,75
12101030409,2516,2145,371
12101030410,2103,1954,149
12101030411,2853,2411,442
12101030412,2645,1849,796
12101030501,1514,1284,230
12101030502,4392,3871,521
12101030601,2132,1964,168
12101030602,2510,1924,586
12101030700,4062,3304,758
12101030800,2977,2611,366
12101030901,3852,3542,310
12101030903,2422,2275,147
12101030904,2740,2445,295
12101030905,3438,2991,447
12101031003,5987,5097,890
12101031005,4032,3411,621
12101031006,1951,1590,361
12101031007,4953,4147,806
12101031008,2355,2170,185
12101031009,3126,2836,290
12101031010,4833,3986,847
12101031011,2530,2198,332
12101031012,4760,3984,776
12101031013,3365,2908,457
12101031014,3159,2741,418
12101031101,4400,3935,465
12101031102,4645,4484,161
12101031203,2425,2291,134
12101031204,2797,2688,109
12101031205,3916,3654,262
12101031206,2989,2618,371
12101031207,2339,2240,99
12101031208,3355,2994,361
12101031301,3699,3495,204
12101031302,6613,6229,384
12101031401,3753,3183,570
12101031404,4030,3618,412
12101031405,1981,1565,416
12101031406,2893,2707,186
12101031407,2728,2545,183
12101031408,2566,2335,231
12101031409,7076,5637,1439
12101031503,2873,2560,313
12101031504,1818,1763,55
12101031505,5982,5299,683
12101031506,4188,3733,455
12101031507,5673,5206,467
12101031508,3853,3586,267
12101031601,4581,4262,319
12101031602,6594,5934,660
12101031603,9043,6734,2309
12101031604,6215,5548,667
12101031605,3154,2996,158
12101031701,2284,1966,318
12101031703,4736,4608,128
12101031704,5126,4825,301
12101031705,4335,3974,361
12101031706,3023,2881,142
12101031707,3615,3367,248
12101031708,5758,5203,555
12101031804,3677,3532,145
12101031805,3818,3556,262
12101031806,4974,4516,458
12101031807,3239,2990,249
12101031808,2833,2592,241
12101031809,2724,2601,123
12101031901,2182,1926,256
12101031902,8110,6966,1144
12101031903,5914,4355,1559
12101032001,5845,5239,606
12101032005,3628,3300,328
12101032006,8139,6570,1569
12101032007,2816,2241,575
12101032008,5165,4406,759
12101032009,7883,6314,1569
12101032010,3269,2604,665
12101032011,4755,3881,874
12101032012,3808,2961,847
12101032013,5668,4877,791
12101032014,6875,5337,1538
12101032103,6662,5232,1430
12101032104,4725,3602,1123
12101032105,5862,4692,1170
12101032106,7925,5948,1977
12101032107,5448,4191,1257
12101032108,4131,3527,604
12101032109,3654,3001,653
12101032110,3165,2789,376
12101032111,3505,2977,528
12101032112,4190,3263,927
12101032113,4071,3202,869
12101032200,4945,4636,309
12101032300,2493,2104,389
12101032401,2865,2288,577
12101032402,3525,2209,1316
12101032500,4783,3110,1673
12101032601,3741,2232,1509
12101032602,3203,2514,689
12101032700,2944,2361,583
12101032801,1660,1471,189
12101032802,3326,3093,233
12101032803,1747,1645,102
12101032804,2647,2408,239
12101032901,4995,4290,705
12101032902,1856,1746,110
12101032903,3145,2922,223
12101032904,2457,2201,256
12101033005,3728,3358,370
12101033006,2202,2005,197
12101033007,1738,1712,26
12101033008,2298,2125,173
12101033009,2705,2629,76
12101033010,3784,3403,381
12101033011,1757,1659,98
12101033012,2157,2057,100
12101033013,2966,2574,392
12101033014,3094,2891,203
12101033101,2735,2620,115
12101033102,1374,1201,173
12101990000,0,0,0
12103020101,5198,4897,301
12103020105,5073,4665,408
12103020106,3469,3307,162
12103020107,1488,1468,20
12103020108,2151,2082,69
12103020201,5235,4829,406
12103020202,3522,3426,96
12103020206,4145,3975,170
12103020207,2533,2315,218
12103020208,2450,2388,62
12103020209,4391,4237,154
12103020301,3352,3310,42
12103020302,3901,3525,376
12103020400,2448,2256,192
12103020500,3855,3521,334
12103020600,4319,4254,65
12103020700,3569,3542,27
12103020800,5313,5178,135
12103021200,3439,3424,15
12103021500,3074,2956,118
12103021600,2219,2000,219
12103021800,2905,2327,578
12103021900,2823,2580,243
12103022000,2880,2850,30
12103022100,5239,4957,282
12103022200,4058,3747,311
12103022301,2835,2504,331
12103022302,3626,3503,123
12103022401,3760,3416,344
12103022402,5450,5078,372
12103022501,5025,4572,453
12103022502,4064,3183,881
12103022503,5765,5046,719
12103022601,3355,3037,318
12103022602,4496,4058,438
12103022700,4254,4105,149
12103022801,4731,3766,965
12103022802,3750,3307,443
12103022901,2804,2667,137
12103022902,2544,2235,309
12103023000,2390,2349,41
12103023100,2393,2209,184
12103023200,2923,2688,235
12103023300,2310,2206,104
12103023400,1599,1392,207
12103023500,3309,2950,359
12103023600,3125,2865,260
12103023700,2701,2529,172
12103023800,2452,2348,104
12103023900,2048,1838,210
12103024001,3268,3107,161
12103024002,5465,5045,420
12103024004,5114,4891,223
12103024005,3208,2940,268
12103024100,4479,4057,422
12103024200,4850,4618,232
12103024301,4103,3803,300
12103024302,4523,4246,277
12103024403,3886,3512,374
12103024406,5600,4988,612
12103024408,4245,3681,564
12103024409,2852,2661,191
12103024410,3539,3023,516
12103024411,4249,3920,329
12103024412,4002,3302,700
12103024413,4749,4501,248
12103024505,7643,6873,770
12103024507,3581,3282,299
12103024508,6145,4709,1436
12103024509,3472,3164,308
12103024510,4522,3234,1288
12103024511,8512,7955,557
12103024512,3304,2990,314
12103024513,4016,3826,190
12103024514,4629,3634,995
12103024601,3624,3292,332
12103024602,6189,5828,361
12103024701,3206,2990,216
12103024702,1974,1589,385
12103024703,2929,2426,503
12103024801,4393,3980,413
12103024803,2665,2452,213
12103024804,2417,1939,478
12103024805,2587,2066,521
12103024901,6083,5695,388
12103024902,5973,5192,781
12103024904,3464,2918,546
12103024905,6573,5906,667
12103024906,3640,3181,459
12103025004,6231,5586,645
12103025007,4185,3961,224
12103025009,3836,3470,366
12103025010,4593,4206,387
12103025011,5356,5027,329
12103025012,5113,4868,245
12103025013,3895,3707,188
12103025014,4978,4624,354
12103025015,2798,2709,89
12103025016,1858,1768,90
12103025017,2811,2538,273
12103025018,2900,2594,306
12103025019,2229,2187,42
12103025106,2618,2495,123
12103025107,4236,4079,157
12103025108,2196,2095,101
12103025109,4022,3744,278
12103025110,5218,4953,265
12103025111,2465,2435,30
12103025112,3339,3106,233
12103025113,2548,2459,89
12103025114,3167,3092,75
12103025115,3319,3133,186
12103025116,2239,1973,266
12103025119,5346,5112,234
12103025120,3556,3472,84
12103025121,4735,4616,119
12103025122,5443,4988,455
12103025123,1776,1720,56
12103025203,5571,5421,150
12103025204,3412,3335,77
12103025205,3754,3628,126
12103025207,6965,6549,416
12103025208,1671,1582,89
12103025209,4781,4210,571
12103025303,4922,4490,432
12103025304,2859,2790,69
12103025305,2778,2256,522
12103025306,1273,1198,75
12103025307,4599,4261,338
12103025308,2131,1955,176
12103025401,4681,4356,325
12103025405,3871,3646,225
12103025407,5307,4998,309
12103025408,6416,5182,1234
12103025411,2328,1655,673
12103025412,4686,4266,420
12103025413,3264,2789,475
12103025414,2506,2328,178
12103025415,4097,3488,609
12103025416,3383,2962,421
12103025417,2358,2331,27
12103025501,4161,3853,308
12103025503,4475,4271,204
12103025505,2829,2118,711
12103025506,6026,5270,756
12103025602,3091,2518,573
12103025603,2565,2336,229
12103025604,1282,1139,143
12103025700,3958,3744,214
12103025800,4248,3667,581
12103025900,5205,4393,812
12103026001,2874,2800,74
12103026002,2745,2580,165
12103026101,2490,2252,238
12103026102,1334,1290,44
12103026200,2007,1852,155
12103026300,7469,5728,1741
12103026400,6663,3924,2739
12103026500,7248,6255,993
12103026601,2792,2544,248
12103026602,2578,1994,584
12103026701,4437,3955,482
12103026702,6891,6141,750
12103026703,6828,5381,1447
12103026804,5388,4744,644
12103026809,2907,2748,159
12103026811,6352,5895,457
12103026812,4818,4376,442
12103026813,3755,2900,855
12103026814,2251,2161,90
12103026815,4725,4509,216
12103026816,5844,5439,405
12103026817,4977,4612,365
12103026818,4466,3225,1241
12103026819,2069,1545,524
12103026820,4533,4112,421
12103026821,3042,2578,464
12103026904,4706,3962,744
12103026907,5817,5597,220
12103026908,4153,4048,105
12103026909,4343,3879,464
12103026910,5337,4693,644
12103026911,3665,3518,147
12103026912,3849,3331,518
12103026913,3070,2825,245
12103027000,5012,4522,490
12103027101,3761,3688,73
12103027105,3400,3253,147
12103027106,4343,3922,421
12103027202,5464,5134,330
12103027204,4587,4473,114
12103027205,6340,5946,394
12103027206,6570,6011,559
12103027207,5208,4940,268
12103027208,6942,6433,509
12103027209,1205,1162,43
12103027210,4591,4180,411
12103027308,3756,3514,242
12103027309,1849,1792,57
12103027310,8906,8343,563
12103027314,3724,3524,200
12103027315,5641,5410,231
12103027316,3794,3708,86
12103027317,5518,5204,314
12103027318,4009,3645,364
12103027319,5193,4829,364
12103027320,4235,3668,567
12103027321,1596,1491,105
12103027322,6285,6064,221
12103027323,3158,2632,526
12103027324,3959,3778,181
12103027325,3548,3328,220
12103027326,3550,3127,423
12103027327,4483,3628,855
12103027401,2762,2708,54
12103027402,6266,5400,866
12103027403,1601,1464,137
12103027501,5777,5543,234
12103027502,7302,6981,321
12103027603,2611,2524,87
12103027604,2446,2343,103
12103027605,1671,1629,42
12103027606,1602,1564,38
12103027701,2905,2724,181
12103027703,1236,1217,19
12103027704,2515,2337,178
12103027801,1542,1435,107
12103027802,2738,2522,216
12103027901,2374,2339,35
12103027903,1404,1310,94
12103027904,3049,2879,170
12103028002,3919,3780,139
12103028003,3495,3358,137
12103028004,1979,1888,91
12103028102,3486,3347,139
12103028103,1799,1744,55
12103028104,3198,3113,85
12103028200,2634,2382,252
12103028300,3348,3063,285
12103028401,1515,1484,31
12103028402,1301,1278,23
12103028500,2038,1891,147
12103028600,3914,3352,562
12103028700,3181,3077,104
12103990000,0,0,0
12103990100,0,0,0
12105010300,4094,3210,884
12105010401,1747,1718,29
12105010402,4781,4320,461
12105010501,1899,1680,219
12105010502,4058,3640,418
12105010601,4014,3777,237
12105010603,3401,3132,269
12105010604,3596,2879,717
12105010701,4015,3654,361
12105010702,3598,3008,590
12105010800,3886,2735,1151
12105010900,4779,3568,1211
12105011000,2947,2235,712
12105011100,3468,2489,979
12105011202,1487,1457,30
12105011203,3739,3440,299
12105011204,1472,1405,67
12105011300,1964,1767,197
12105011400,4868,3642,1226
12105011501,6462,5617,845
12105011502,5662,4734,928
12105011603,2340,1975,365
12105011604,5235,4363,872
12105011605,2906,2577,329
12105011606,1746,1465,281
12105011704,5155,3840,1315
12105011721,2786,2630,156
12105011722,2808,2622,186
12105011731,5361,4416,945
12105011732,3486,2745,741
12105011821,3035,2637,398
12105011822,4059,3904,155
12105011832,4417,3706,711
12105011833,8064,6991,1073
12105011834,6331,5712,619
12105011835,4716,3945,771
12105011836,4030,3609,421
12105011901,4720,3373,1347
12105011902,3405,2740,665
12105011908,3890,3234,656
12105011909,2728,2369,359
12105011910,1665,1447,218
12105011911,3161,2630,531
12105011912,1661,1504,157
12105011913,2527,1904,623
12105012001,5627,5003,624
12105012002,2830,1989,841
12105012003,4896,4211,685
12105012004,2431,2357,74
12105012111,5314,5065,249
12105012113,6237,5974,263
12105012124,6096,5042,1054
12105012125,3246,2769,477
12105012126,3812,2489,1323
12105012127,7361,5932,1429
12105012128,4838,4393,445
12105012129,7228,5566,1662
12105012203,2524,2115,409
12105012204,5446,4713,733
12105012205,1199,1101,98
12105012206,5232,4189,1043
12105012303,3835,3458,377
12105012304,5637,5110,527
12105012305,1676,1411,265
12105012306,2381,1914,467
12105012307,3216,3131,85
12105012309,1223,1190,33
12105012403,12637,8848,3789
12105012404,2376,2106,270
12105012405,5291,3439,1852
12105012406,4467,3050,1417
12105012407,1217,1138,79
12105012408,3338,2911,427
12105012409,2194,1945,249
12105012410,2724,1576,1148
12105012411,6355,3629,2726
12105012502,7277,4601,2676
12105012503,17725,9755,7970
12105012504,6214,4803,1411
12105012506,6489,4846,1643
12105012507,5725,4190,1535
12105012601,4151,3419,732
12105012602,6398,2284,4114
12105012700,6535,3426,3109
12105012802,3222,2902,320
12105012803,3419,3259,160
12105012804,4207,3421,786
12105012900,5638,4824,814
12105013001,3610,2563,1047
12105013002,4014,3066,948
12105013101,4352,3859,493
12105013102,3366,2810,556
12105013103,1009,691,318
12105013200,2346,1926,420
12105013300,2227,2107,120
12105013400,5518,4784,734
12105013500,3499,3158,341
12105013600,5805,5605,200
12105013701,1763,1455,308
12105013702,5599,4834,765
12105013801,2879,2380,499
12105013802,6319,5233,1086
12105013901,2741,2326,415
12105013902,5114,4725,389
12105014001,4875,4192,683
12105014003,3274,3042,232
12105014005,3948,3704,244
12105014006,2721,2408,313
12105014103,10293,5531,4762
12105014104,371,338,33
12105014105,7100,5416,1684
12105014121,2228,1481,747
12105014123,5969,5140,829
12105014124,2072,1761,311
12105014125,5808,4976,832
12105014201,5391,4854,537
12105014202,2737,2360,377
12105014203,2800,2669,131
12105014301,1511,1414,97
12105014302,6102,5181,921
12105014400,7636,6383,1253
12105014501,7693,5236,2457
12105014502,3963,1877,2086
12105014600,4227,2713,1514
12105014701,4456,3967,489
12105014702,9097,8413,684
12105014802,3017,2405,612
12105014803,2445,2165,280
12105014804,8170,7435,735
12105014901,9453,7374,2079
12105014902,7040,3807,3233
12105015000,5476,4472,1004
12105015101,3445,3022,423
12105015102,2141,2056,85
12105015200,5180,4635,545
12105015301,4090,3681,409
12105015302,2072,1942,130
12105015401,3035,2699,336
12105015402,3514,2840,674
12105015404,1170,1152,18
12105015405,2635,2147,488
12105015500,4545,2708,1837
12105015600,2662,2437,225
12105015701,2815,2632,183
12105015702,4670,3881,789
12105015801,2174,1282,892
12105015802,5256,3555,1701
12105015900,2228,1517,711
12105016001,1930,1659,271
12105016002,2012,1380,632
12105016003,2831,1648,1183
12105016100,934,862,72
12105016400,2233,1933,300
12105980000,32,7,25
12107950100,4096,4004,92
12107950201,5849,5537,312
12107950202,2615,2495,120
12107950300,6005,5760,245
12107950400,3198,3062,136
12107950500,6504,5614,890
12107950600,5449,5276,173
12107950700,4415,4045,370
12107950800,3219,3027,192
12107950900,5105,5015,90
12107951000,4268,3988,280
12107951100,4485,4314,171
12107951200,4939,4659,280
12107951300,4060,3324,736
12107951401,3725,2688,1037
12107951402,4372,2595,1777
12107980000,0,0,0
12109020200,2673,2577,96
12109020300,3769,3309,460
12109020400,3077,2815,262
12109020500,3882,3780,102
12109020601,5015,4955,60
12109020602,16154,15650,504
12109020704,3269,3120,149
12109020705,5983,5658,325
12109020706,3240,3120,120
12109020707,5701,5376,325
12109020708,3583,3418,165
12109020710,2270,2161,109
12109020711,4847,4705,142
12109020801,8536,7785,751
12109020802,4047,3703,344
12109020803,4504,4208,296
12109020804,3758,3556,202
12109020805,13806,12788,1018
12109020806,8869,8125,744
12109020807,1732,1681,51
12109020901,8797,8164,633
12109020902,27909,25564,2345
12109021002,4593,4080,513
12109021003,6038,5829,209
12109021004,2768,2741,27
12109021101,5733,5217,516
12109021102,5099,4742,357
12109021103,1911,1790,121
12109021203,7931,7487,444
12109021204,1012,929,83
12109021205,1227,1181,46
12109021206,6566,6284,282
12109021301,7073,6914,159
12109021302,5417,4956,461
12109021403,1927,1910,17
12109021404,3311,3181,130
12109021405,5542,5055,487
12109021406,5292,5033,259
12109021407,1501,1431,70
12109990100,0,0,0
12109990200,0,0,0
12111380100,1069,965,104
12111380200,2774,2528,246
12111380300,5959,5708,251
12111380400,6428,3614,2814
12111380500,6039,4080,1959
12111380600,4296,2413,1883
12111380700,8195,6494,1701
12111380800,3501,3169,332
12111380901,2458,2167,291
12111380902,5856,5452,404
12111381000,1171,1107,64
12111381101,7051,6826,225
12111381102,4804,4378,426
12111381204,3396,3296,100
12111381300,3843,3682,161
12111381401,4530,3956,574
12111381402,6405,5071,1334
12111381502,12539,11098,1441
12111381503,10021,8532,1489
12111381601,5881,5717,164
12111381602,3496,3070,426
12111381603,6012,5560,452
12111381701,3134,3084,50
12111381702,2075,1964,111
12111381802,4197,3230,967
12111381803,5648,4755,893
12111381804,4937,4202,735
12111381900,6849,5659,1190
12111382002,9138,7500,1638
12111382003,10377,8704,1673
12111382006,7818,6914,904
12111382007,5093,3797,1296
12111382008,7194,5218,1976
12111382009,4326,3534,792
12111382010,2305,2188,117
12111382106,23115,16515,6600
12111382108,19950,17622,2328
12111382109,10813,9273,1540
12111382110,7143,5417,1726
12111382111,15256,10921,4335
12111382112,8037,6420,1617
12111382113,13360,10041,3319
12111382200,6647,5532,1115
12111980000,0,0,0
12111990000,0,0,0
12113010100,3301,3272,29
12113010200,3547,3520,27
12113010300,12322,11704,618
12113010400,2560,2468,92
12113010502,8411,8178,233
12113010503,6091,5927,164
12113010504,4702,4433,269
12113010600,5931,5462,469
12113010702,7307,6879,428
12113010704,5690,5387,303
12113010705,3417,3297,120
12113010706,9042,8573,469
12113010707,4448,4244,204
12113010708,5719,5516,203
12113010802,4858,4485,373
12113010808,9469,8662,807
12113010809,5160,5160,0
12113010811,14810,14060,750
12113010812,4889,4671,218
12113010813,4846,4722,124
12113010814,5758,5441,317
12113010815,8867,8407,460
12113010817,5184,4727,457
12113010819,11369,10264,1105
12113010900,6205,6065,140
12113990000,0,0,0
12115000101,4024,3928,96
12115000102,4700,3496,1204
12115000200,5158,4403,755
12115000300,4020,3611,409
12115000401,4372,3166,1206
12115000404,1358,1326,32
12115000405,3853,2590,1263
12115000406,3240,2148,1092
12115000407,3601,2330,1271
12115000501,1779,1681,98
12115000502,3640,2871,769
12115000503,3486,3126,360
12115000601,2392,2247,145
12115000602,3554,3527,27
12115000700,2917,2803,114
12115000801,1898,1898,0
12115000802,2741,2619,122
12115000900,2254,2147,107
12115001000,3434,2706,728
12115001101,4832,4346,486
12115001102,5655,4170,1485
12115001201,7451,6602,849
12115001202,4314,2762,1552
12115001203,4100,3921,179
12115001204,4123,3716,407
12115001301,2933,2391,542
12115001302,4048,3576,472
12115001303,3218,3052,166
12115001304,1988,1822,166
12115001401,8356,7678,678
12115001402,4559,4203,356
12115001403,6417,6221,196
12115001503,3501,2709,792
12115001504,3332,2761,571
12115001505,5002,4023,979
12115001506,6309,5740,569
12115001507,6038,5399,639
12115001601,3617,3227,390
12115001602,3809,3315,494
12115001702,5939,5561,378
12115001703,3331,2940,391
12115001704,3010,2734,276
12115001801,3389,3213,176
12115001803,2783,2242,541
12115001804,2547,2239,308
12115001805,1812,1666,146
12115001903,1447,1399,48
12115001904,3045,2911,134
12115001905,1265,1250,15
12115001907,918,918,0
12115001908,891,875,16
12115002003,4153,3328,825
12115002004,3821,3462,359
12115002005,4523,4329,194
12115002007,2453,2361,92
12115002008,2576,2482,94
12115002009,7404,7057,347
12115002010,5982,5568,414
12115002100,6652,6127,525
12115002201,3122,3075,47
12115002202,4339,4151,188
12115002203,4240,4117,123
12115002302,4012,3812,200
12115002303,4933,4907,26
12115002304,2562,2456,106
12115002305,1324,1297,27
12115002401,2775,2750,25
12115002402,3670,3594,76
12115002504,3092,2762,330
12115002505,2358,2240,118
12115002507,5446,5303,143
12115002508,3394,3352,42
12115002509,4458,3948,510
12115002510,3702,3630,72
12115002511,2823,2757,66
12115002601,2080,1993,87
12115002602,2626,2576,50
12115002603,1728,1700,28
12115002604,2587,2481,106
12115002605,2149,2002,147
12115002710,2683,2548,135
12115002711,9158,8672,486
12115002712,35518,33285,2233
12115002713,8390,8178,212
12115002714,5022,4964,58
12115002715,7247,7214,33
12115002716,7475,7403,72
12115002718,6435,6216,219
12115002719,3827,3753,74
12115002720,3000,2904,96
12115002721,4928,4705,223
12115002722,8218,7552,666
12115002723,2401,2264,137
12115002724,2325,2297,28
12115990000,0,0,0
12117020101,1371,1263,108
12117020102,1166,1063,103
12117020201,2101,1770,331
12117020202,4933,4469,464
12117020301,2428,2188,240
12117020302,2141,1507,634
12117020401,2070,1856,214
12117020402,3179,3040,139
12117020500,2305,2092,213
12117020600,12982,9781,3201
12117020701,14716,13497,1219
12117020703,6897,6491,406
12117020704,6429,5380,1049
12117020705,2901,2478,423
12117020803,7021,5940,1081
12117020805,8227,7291,936
12117020806,6305,4908,1397
12117020807,7235,5159,2076
12117020808,4329,3666,663
12117020810,3281,3033,248
12117020811,5493,4403,1090
12117020812,4085,2695,1390
12117020901,3893,2072,1821
12117020902,1841,1342,499
12117020903,10024,7187,2837
12117021000,4690,3998,692
12117021100,3290,2923,367
12117021201,5978,5552,426
12117021203,6570,5385,1185
12117021204,10129,8601,1528
12117021306,8325,7163,1162
12117021307,7927,6559,1368
12117021311,4583,3940,643
12117021312,3649,2888,761
12117021313,6315,5082,1233
12117021314,4112,3344,768
12117021315,8747,7240,1507
12117021316,4334,3648,686
12117021317,9169,8040,1129
12117021318,8690,6463,2227
12117021319,1824,1534,290
12117021320,7184,5942,1242
12117021321,3166,2173,993
12117021401,7276,5811,1465
12117021403,8165,6779,1386
12117021404,7719,6204,1515
12117021502,5263,4096,1167
12117021503,1795,1618,177
12117021504,3232,3011,221
12117021505,4167,3691,476
12117021506,3216,2826,390
12117021604,4446,3850,596
12117021606,6546,4118,2428
12117021608,6546,4541,2005
12117021609,2937,2759,178
12117021611,5586,4861,725
12117021612,4548,3962,586
12117021613,3119,2024,1095
12117021614,5771,3901,1870
12117021615,2829,2512,317
12117021616,3801,3533,268
12117021704,4546,3622,924
12117021705,4644,2564,2080
12117021706,3025,2021,1004
12117021707,5680,4640,1040
12117021708,7093,5285,1808
12117021802,5007,3995,1012
12117021803,2844,2314,530
12117021805,1715,1615,100
12117021806,4595,3779,816
12117021901,4976,3979,997
12117021902,4370,3713,657
12117022001,2672,2263,409
12117022002,3950,3103,847
12117022004,2792,2298,494
12117022005,7447,6101,1346
12117022101,6382,4439,1943
12117022104,6685,5178,1507
12117022105,3715,3087,628
12117022106,8466,6780,1686
12117022201,5393,3662,1731
12117022205,3259,2660,599
12117022206,5771,4362,1409
12117022207,6580,4584,1996
12117022208,4572,3352,1220
12117022209,3729,3074,655
12119910100,2754,2509,245
12119910300,1606,1562,44
12119910401,2786,2656,130
12119910402,3008,2625,383
12119910500,4812,4319,493
12119910601,4572,4331,241
12119910602,2952,2620,332
12119910700,6035,5251,784
12119910800,4200,4161,39
12119910900,6838,4760,2078
12119911000,1792,1525,267
12119911200,39003,38282,721
12119911301,2998,2952,46
12119911302,914,909,5
12119911400,10929,10601,328
12119911500,2035,1966,69
12119911701,10953,10826,127
12119911702,5390,5365,25
12119980000,12,12,0
12121970100,6384,5740,644
12121970200,4281,3446,835
12121970301,1802,1696,106
12121970302,6312,6099,213
12121970400,7468,6563,905
12121970500,9910,9350,560
12121970600,7496,6941,555
12123950100,3440,3402,38
12123950200,5236,5105,131
12123950300,5693,5672,21
12123950400,8213,7626,587
12123990000,0,0,0
12125960100,3569,3415,154
12125960200,7496,7049,447
12125960300,4094,3874,220
12127080100,8337,8281,56
12127080201,2818,2696,122
12127080202,3040,2969,71
12127080300,3207,3126,81
12127080400,3449,3110,339
12127080500,2301,2160,141
12127080600,3367,3284,83
12127080700,4161,4078,83
12127080803,5009,4760,249
12127080804,6887,6535,352
12127080805,5729,5256,473
12127080806,2821,2817,4
12127080807,5327,4442,885
12127080901,3960,3857,103
12127080902,3768,3558,210
12127081000,3893,3526,367
12127081101,2314,2240,74
12127081102,1994,1773,221
12127081200,3823,3554,269
12127081300,2007,1919,88
12127081500,2091,1885,206
12127081600,2511,2161,350
12127081700,7336,6939,397
12127081800,3091,3063,28
12127081900,2512,2344,168
12127082000,2551,2473,78
12127082100,4268,4119,149
12127082201,3315,3122,193
12127082202,1756,1643,113
12127082301,7077,6066,1011
12127082401,3762,3387,375
12127082404,2375,2219,156
12127082405,3600,3564,36
12127082406,2876,2679,197
12127082410,6527,6145,382
12127082411,3885,3659,226
12127082412,2737,2615,122
12127082413,3629,3202,427
12127082414,3493,3347,146
12127082415,3100,2714,386
12127082503,6240,5934,306
12127082506,4144,4034,110
12127082507,7352,6822,530
12127082508,4647,4448,199
12127082509,4094,4015,79
12127082510,3696,3404,292
12127082511,2475,2202,273
12127082604,2653,2638,15
12127082605,3306,3277,29
12127082606,3118,2919,199
12127082607,2293,2239,54
12127082701,1971,1888,83
12127082703,2928,2806,122
12127082704,2350,2338,12
12127082705,2573,2543,30
12127082801,2526,2478,48
12127082802,3866,3674,192
12127082902,5647,5477,170
12127082903,4688,4266,422
12127082904,4963,4773,190
12127083003,5897,5821,76
12127083005,3700,3552,148
12127083006,6252,6051,201
12127083007,5146,5060,86
12127083008,2949,2816,133
12127083009,3611,3452,159
12127083203,7485,7021,464
12127083205,3367,2958,409
12127083206,2900,2794,106
12127083207,6737,6582,155
12127083208,12037,11497,540
12127083209,5659,5566,93
12127090101,3624,3014,610
12127090102,3737,2151,1586
12127090202,6517,5896,621
12127090203,5288,3669,1619
12127090204,7537,6549,988
12127090303,3147,2697,450
12127090304,4608,3898,710
12127090305,3676,3535,141
12127090306,4934,4761,173
12127090307,5704,4827,877
12127090400,5627,5062,565
12127090500,1898,1756,142
12127090600,6233,4654,1579
12127090701,5617,4893,724
12127090702,5160,4583,577
12127090803,4824,4251,573
12127090804,7852,6612,1240
12127090805,5955,5322,633
12127090806,4459,2982,1477
12127090902,10277,8535,1742
12127090903,4237,3799,438
12127090904,5278,4922,356
12127091001,5544,4882,662
12127091005,2233,2116,117
12127091013,7679,5651,2028
12127091015,4598,2844,1754
12127091016,6078,3973,2105
12127091017,3955,2390,1565
12127091018,7608,5197,2411
12127091019,4806,3342,1464
12127091020,6189,4679,1510
12127091021,2513,1896,617
12127091022,8284,5051,3233
12127091023,3011,1924,1087
12127091024,7555,4922,2633
12127091025,4729,3229,1500
12127091026,6747,4586,2161
12127091027,7275,5043,2232
12127091028,4609,3227,1382
12127091029,4787,3936,851
12127092500,4443,3924,519
12127990000,0,0,0
12129010100,4921,4845,76
12129010201,9174,8938,236
12129010202,8436,7947,489
12129010203,8783,8432,351
12129990000,0,0,0
12131950101,6726,6386,340
12131950102,3101,2972,129
12131950200,6000,5530,470
12131950301,5849,5550,299
12131950302,5282,4949,333
12131950400,3034,2963,71
12131950501,4257,4089,168
12131950502,4587,3938,649
12131950601,10548,9804,744
12131950602,2970,2899,71
12131950603,9174,8825,349
12131990000,0,0,0
12133970102,1724,1711,13
12133970103,3302,3280,22
12133970104,2718,2650,68
12133970200,3476,3341,135
12133970301,2565,2404,161
12133970302,6814,6430,384
12133970303,4028,3964,64
13001950100,3144,3115,29
13001950200,4622,4140,482
13001950300,4983,4460,523
13001950400,1617,1557,60
13001950500,4044,3416,628
13003960100,2176,1494,682
13003960200,4666,3528,1138
13003960300,1426,1200,226
13005970100,2891,2573,318
13005970201,4227,3947,280
13005970202,4133,3805,328
13007960100,2172,2058,114
13007960200,1078,977,101
13009970100,5202,5025,177
13009970200,6277,6156,121
13009970300,6399,6121,278
13009970400,4929,4822,107
13009970500,6409,6218,191
13009970600,3589,3581,8
13009970701,2837,2818,19
13009970702,2398,2363,35
13009970800,7768,7709,59
13011970100,5271,4770,501
13011970200,4799,4734,65
13011970300,4299,4121,178
13011970400,3967,3547,420
13013180103,4697,4409,288
13013180104,2032,1875,157
13013180105,2907,2603,304
13013180106,2773,2510,263
13013180107,3904,3513,391
13013180108,2825,2696,129
13013180203,3743,2688,1055
13013180204,3020,2525,495
13013180205,4397,3918,479
13013180206,2864,2679,185
13013180301,2268,2093,175
13013180302,5434,5060,374
13013180303,4871,4348,523
13013180401,5724,5499,225
13013180402,6546,6039,507
13013180501,5548,4953,595
13013180502,4827,4325,502
13013180503,4960,4564,396
13015960101,1573,1541,32
13015960102,10073,9402,671
13015960200,11342,10950,392
13015960300,6714,5998,716
13015960401,10043,8742,1301
13015960402,8758,8378,380
13015960500,8056,7236,820
13015960600,9131,8332,799
13015960700,7657,6261,1396
13015960801,3327,3119,208
13015960802,2998,2574,424
13015960803,5417,5147,270
13015960901,3206,3051,155
13015960902,6351,6049,302
13015961000,7296,7009,287
13017960100,2574,2538,36
13017960200,1555,1514,41
13017960300,3563,3425,138
13017960400,3812,3103,709
13017960500,5901,5771,130
13019970100,1871,1817,54
13019970200,3905,3433,472
13019970300,3181,2963,218
13019970400,2886,2828,58
13019970500,3484,3419,65
13019970600,3659,3604,55
13021010100,1499,1485,14
13021010200,2017,1950,67
13021010300,786,786,0
13021010400,2180,2180,0
13021010500,3598,3564,34
13021010800,1475,1411,64
13021011000,4369,4214,155
13021011100,1986,1986,0
13021011500,1312,1296,16
13021011701,2556,2479,77
13021011702,4197,4197,0
13021011800,3507,3419,88
13021011900,1804,1793,11
13021012000,4459,4310,149
13021012101,2166,2162,4
13021012102,5098,4908,190
13021012200,2461,2432,29
13021012300,2659,2644,15
13021012400,4658,4658,0
13021012500,2925,2864,61
13021012600,4483,4461,22
13021012700,2168,2149,19
13021012800,3637,3542,95
13021012900,1716,1655,61
13021013101,5180,4709,471
13021013102,4162,4162,0
13021013201,6135,5876,259
13021013202,3091,2728,363
13021013302,4267,4260,7
13021013407,5651,5389,262
13021013408,4268,4218,50
13021013409,4178,3866,312
13021013410,5477,5475,2
13021013411,3996,3775,221
13021013502,1592,1364,228
13021013503,2489,1977,512
13021013504,8396,8348,48
13021013603,4505,4231,274
13021013604,5096,4936,160
13021013605,4906,4717,189
13021013606,6227,6227,0
13021013700,2934,2901,33
13021013800,2054,1987,67
13021013900,1874,1707,167
13023790100,4642,4610,32
13023790200,2664,2415,249
13023790300,5529,5477,52
13025960100,6938,6884,54
13025960200,6120,5865,255
13025960300,5345,5262,83
13027960200,1512,1229,283
13027960300,5590,5473,117
13027960400,3373,3096,277
13027960500,2840,2823,17
13027960600,2330,2146,184
13029920101,5270,5138,132
13029920102,4929,4794,135
13029920301,2012,1825,187
13029920303,6335,5470,865
13029920305,4448,4238,210
13029920306,11110,10441,669
13029980000,0,0,0
13031110100,3701,3684,17
13031110200,8061,7708,353
13031110300,7838,7543,295
13031110401,3328,3268,60
13031110403,7386,7053,333
13031110404,7540,7088,452
13031110500,4573,4324,249
13031110601,7001,6941,60
13031110602,4092,3791,301
13031110700,10147,9799,348
13031110800,2493,2480,13
13031110900,6981,6804,177
13033950100,5331,5065,266
13033950200,2519,2462,57
13033950400,4837,4837,0
13033950500,5565,5388,177
13033950700,2887,2887,0
13033950900,1699,1519,180
13035150100,7943,7809,134
13035150200,7876,7487,389
13035150300,7660,7459,201
13037950100,3381,3183,198
13037950200,3062,2964,98
13039010100,2636,2600,36
13039010200,5265,5039,226
13039010301,8271,8018,253
13039010302,4529,4270,259
13039010401,11853,10544,1309
13039010402,5439,5293,146
13039010403,3916,3814,102
13039010500,3181,2522,659
13039010601,5877,5835,42
13039010602,1125,972,153
13039990000,0,0,0
13043950100,4747,4421,326
13043950200,3843,3404,439
13043950300,2372,1925,447
13045910101,6224,5986,238
13045910103,4824,4605,219
13045910104,10068,9304,764
13045910200,11669,11358,311
13045910300,5978,5677,301
13045910400,3326,3302,24
13045910501,8615,7492,1123
13045910502,3339,2223,1116
13045910600,6391,5854,537
13045910701,9360,8360,1000
13045910702,8052,7752,300
13045910703,8743,8461,282
13045910800,4188,3953,235
13045910900,4064,3935,129
13045911000,6083,5329,754
13045911100,7217,7099,118
13045911200,5615,5601,14
13047030100,6114,5936,178
13047030201,4858,4786,72
13047030202,6756,6571,185
13047030301,7560,7103,457
13047030303,3300,3268,32
13047030304,3609,3580,29
13047030401,6827,6655,172
13047030402,6647,6257,390
13047030500,5850,5838,12
13047030600,5898,5657,241
13047030700,8226,8226,0
13049010100,9740,8638,1102
13049010200,3228,3190,38
13051000100,1902,1750,152
13051000300,1582,1463,119
13051000601,4668,4482,186
13051000900,1128,1039,89
13051001100,1900,1848,52
13051001200,2137,2124,13
13051001500,1252,1213,39
13051002000,1403,1363,40
13051002100,2272,2268,4
13051002200,4031,3953,78
13051002300,2020,2020,0
13051002600,1717,1679,38
13051002700,2870,2708,162
13051002800,2624,2552,72
13051002900,3198,3104,94
13051003000,2113,1962,151
13051003301,2071,2061,10
13051003302,1705,1705,0
13051003400,4176,4087,89
13051003501,2774,2654,120
13051003502,3829,3796,33
13051003601,3243,3100,143
13051003602,4632,4394,238
13051003700,1906,1862,44
13051003800,2893,2838,55
13051003900,4064,4026,38
13051004001,4150,3979,171
13051004002,3775,3530,245
13051004100,1932,1796,136
13051004207,3521,3456,65
13051004208,5110,4608,502
13051004209,3248,2952,296
13051004210,5443,5013,430
13051004211,5077,4919,158
13051004212,5947,5559,388
13051004300,2987,2352,635
13051004400,2182,2154,28
13051004500,4506,4428,78
13051010101,876,867,9
13051010102,4448,4233,215
13051010200,4619,4517,102
13051010501,6175,4544,1631
13051010502,3827,3814,13
13051010601,4008,3713,295
13051010603,1801,1790,11
13051010605,0,0,0
13051010700,22500,20988,1512
13051010801,2826,2694,132
13051010802,8798,8037,761
13051010803,11595,11018,577
13051010806,6214,5796,418
13051010807,5712,5087,625
13051010808,10723,9192,1531
13051010809,11838,11180,658
13051010901,4402,3542,860
13051011003,6455,5967,488
13051011004,3507,3474,33
13051011005,4403,4303,100
13051011006,3600,3480,120
13051011103,3438,3428,10
13051011104,5164,4717,447
13051011106,5504,5283,221
13051011107,3268,3155,113
13051011108,3131,2931,200
13051011109,6710,6498,212
13051011200,1621,1476,145
13051011300,2609,2518,91
13051011400,1993,1898,95
13051011500,2498,2445,53
13051011600,2362,2136,226
13051980000,0,0,0
13051990000,0,0,0
13053020100,2684,2651,33
13053020201,3722,3027,695
13053020203,2166,1731,435
13053020205,2693,2217,476
13053020206,617,495,122
13055010100,1991,1979,12
13055010200,6197,5312,885
13055010300,2898,2888,10
13055010400,5372,5372,0
13055010500,6025,5853,172
13055010600,2563,2485,78
13057090100,8965,8561,404
13057090200,8360,8213,147
13057090300,12604,12151,453
13057090400,10088,7628,2460
13057090501,6588,6560,28
13057090502,13645,12450,1195
13057090601,7260,5162,2098
13057090602,7952,6511,1441
13057090701,20202,18659,1543
13057090702,7836,6863,973
13057090802,6907,6426,481
13057090803,10946,10142,804
13057090804,9406,8626,780
13057090901,7930,7455,475
13057090902,15011,13641,1370
13057090904,8788,7509,1279
13057090905,3886,3509,377
13057091001,4799,4330,469
13057091003,7417,6001,1416
13057091005,7512,6480,1032
13057091006,4951,4685,266
13057091007,6985,6653,332
13057091008,8358,7980,378
13057091101,5849,5687,162
13057091102,8999,7302,1697
13057091103,9385,8636,749
13059000100,1667,1612,55
13059000401,1391,1323,68
13059000402,7971,7590,381
13059000600,2921,2709,212
13059000900,3341,3073,268
13059001200,3170,3016,154
13059001700,2148,1993,155
13059001800,2491,2409,82
13059001900,3864,3723,141
13059002000,2021,1963,58
13059002100,4295,4194,101
13059002200,2267,2123,144
13059030100,5453,5424,29
13059030200,4538,4251,287
13059130300,6105,3339,2766
13059130400,5434,5046,388
13059130500,2594,2505,89
13059130600,6550,5412,1138
13059130700,5701,5080,621
13059140300,5629,4467,1162
13059140400,3383,1740,1643
13059140500,2155,1827,328
13059140600,4748,4197,551
13059150300,3342,3029,313
13059150400,4585,4465,120
13059150500,4525,4237,288
13059150600,3072,2636,436
13059150700,6077,5828,249
13059150800,6209,5816,393
13059150900,4390,4172,218
13061960300,3068,2913,155
13063040202,2648,2482,166
13063040203,3457,3386,71
13063040204,3639,3488,151
13063040302,5444,3980,1464
13063040303,6396,5038,1358
13063040306,4202,2479,1723
13063040307,4556,3651,905
13063040308,4302,2915,1387
13063040407,3691,3100,591
13063040408,8617,7949,668
13063040409,5696,4904,792
13063040410,6939,4982,1957
13063040411,12910,11986,924
13063040412,7989,7237,752
13063040413,6979,6094,885
13063040414,1983,1291,692
13063040415,6151,4748,1403
13063040416,3935,2386,1549
13063040417,4946,4445,501
13063040509,4802,4606,196
13063040510,3389,3220,169
13063040512,5671,5457,214
13063040513,4970,4900,70
13063040514,7490,6417,1073
13063040515,7674,6396,1278
13063040516,6206,5459,747
13063040518,4877,4326,551
13063040519,4047,3827,220
13063040520,3511,3296,215
13063040521,3291,3023,268
13063040522,4614,4181,433
13063040523,3137,2744,393
13063040524,7824,6761,1063
13063040525,3379,3158,221
13063040526,6483,5737,746
13063040606,3631,2793,838
13063040608,10777,10226,551
13063040609,6079,5605,474
13063040611,6683,4992,1691
13063040612,6906,6000,906
13063040613,8336,7662,674
13063040614,4323,4060,263
13063040615,2115,1911,204
13063040616,8496,7796,700
13063040617,1474,560,914
13063040619,3182,2905,277
13063040620,3688,3499,189
13063040621,10262,9236,1026
13063040622,8472,7469,1003
13063980000,0,0,0
13065970100,5387,5102,285
13065970200,1427,1406,21
13067030101,7855,7259,596
13067030103,9250,8722,528
13067030104,3569,3068,501
13067030106,7536,6783,753
13067030107,4822,4375,447
13067030209,7122,6677,445
13067030214,7617,6963,654
13067030215,9711,8700,1011
13067030218,5490,5133,357
13067030219,9548,9159,389
13067030220,1757,1609,148
13067030222,5678,5423,255
13067030223,5834,5006,828
13067030224,6354,5721,633
13067030226,10002,9058,944
13067030227,7798,6546,1252
13067030228,7291,6351,940
13067030229,5979,5667,312
13067030230,14286,12458,1828
13067030231,7301,7190,111
13067030232,5983,5355,628
13067030233,4236,3949,287
13067030234,6447,6147,300
13067030235,4848,4590,258
13067030236,4576,4448,128
13067030238,6985,6601,384
13067030239,8074,7485,589
13067030310,8204,7417,787
13067030311,5969,5687,282
13067030312,6044,5587,457
13067030313,8969,8442,527
13067030314,8172,7549,623
13067030318,8077,7883,194
13067030319,4161,4063,98
13067030320,7792,7319,473
13067030322,3351,3249,102
13067030324,3730,3565,165
13067030326,4712,4103,609
13067030327,4547,4459,88
13067030328,6557,5840,717
13067030329,4471,4265,206
13067030330,5959,5788,171
13067030331,5929,5684,245
13067030332,3447,3353,94
13067030333,5865,5645,220
13067030334,3445,3363,82
13067030335,4699,4525,174
13067030336,7221,6856,365
13067030337,4259,4113,146
13067030339,5819,5064,755
13067030340,3855,3462,393
13067030341,4437,4108,329
13067030342,4657,4581,76
13067030343,4319,4238,81
13067030344,3780,3292,488
13067030345,4820,3725,1095
13067030405,6020,5903,117
13067030407,5027,4713,314
13067030408,2986,2710,276
13067030409,3481,3474,7
13067030410,4735,3751,984
13067030411,3586,2696,890
13067030412,4937,4254,683
13067030413,6215,5256,959
13067030414,3303,2835,468
13067030502,6778,6206,572
13067030504,6678,5985,693
13067030505,7285,5855,1430
13067030506,4017,3622,395
13067030507,5156,4764,392
13067030601,9324,8405,919
13067030602,6872,6523,349
13067030700,4369,3361,1008
13067030800,5605,3516,2089
13067030901,7748,7098,650
13067030902,6341,4073,2268
13067030904,6707,4487,2220
13067030905,8448,6078,2370
13067031001,5394,2445,2949
13067031002,10032,5304,4728
13067031004,7449,5142,2307
13067031005,5155,3487,1668
13067031101,5255,3331,1924
13067031106,8535,7121,1414
13067031108,4913,4330,583
13067031110,3547,2766,781
13067031111,3541,3391,150
13067031112,5276,4896,380
13067031113,1195,977,218
13067031114,8025,5506,2519
13067031115,4979,3213,1766
13067031116,3969,2877,1092
13067031117,5520,4782,738
13067031118,5611,5331,280
13067031205,6304,5630,674
13067031206,10302,9819,483
13067031207,3960,3841,119
13067031208,6283,5889,394
13067031209,4585,4253,332
13067031211,4149,3626,523
13067031212,2475,2409,66
13067031306,3955,3585,370
13067031307,5487,4872,615
13067031308,5622,3526,2096
13067031309,8085,6493,1592
13067031310,7646,5095,2551
13067031311,9611,7992,1619
13067031312,9604,8069,1535
13067031313,10059,9203,856
13067031404,5646,5149,497
13067031405,8511,6561,1950
13067031406,7902,7092,810
13067031408,5255,4915,340
13067031409,5083,4442,641
13067031503,10292,8624,1668
13067031505,6105,5529,576
13067031506,4664,3861,803
13067031507,3747,3312,435
13067031508,5373,4656,717
13067031509,10453,9892,561
13069010100,3270,2901,369
13069010200,3070,2841,229
13069010300,6022,5486,536
13069010400,4170,4047,123
13069010500,3886,3180,706
13069010600,5402,5151,251
13069010700,7236,5570,1666
13069010801,5282,4932,350
13069010802,4704,4181,523
13071970100,5294,4264,1030
13071970200,2845,2751,94
13071970300,5198,4698,500
13071970400,3514,2671,843
13071970500,3396,2917,479
13071970600,6745,5040,1705
13071970701,6528,5735,793
13071970702,2388,1743,645
13071970800,3238,2294,944
13071970900,6856,5354,1502
13073030102,9842,9650,192
13073030103,3285,3153,132
13073030105,5610,5314,296
13073030106,3847,3684,163
13073030201,5872,5694,178
13073030202,3211,2917,294
13073030203,6085,5726,359
13073030302,11394,10720,674
13073030304,8237,7920,317
13073030306,5780,5243,537
13073030307,7187,6880,307
13073030308,9853,9274,579
13073030309,11111,10809,302
13073030401,2601,2551,50
13073030402,9962,9000,962
13073030503,8108,7550,558
13073030504,3565,3394,171
13073030505,7123,6323,800
13073030506,12297,10773,1524
13073030603,4934,4874,60
13075960100,2197,2033,164
13075960200,3721,3420,301
13075960300,6211,5906,305
13075960400,4974,4747,227
13077170100,7428,7200,228
13077170200,7350,7023,327
13077170303,5540,5372,168
13077170304,7089,6803,286
13077170305,10536,8724,1812
13077170306,8973,8292,681
13077170402,9559,8493,1066
13077170403,4703,4533,170
13077170404,5612,5431,181
13077170405,7354,6305,1049
13077170406,3828,3638,190
13077170501,7257,6778,479
13077170502,5995,5783,212
13077170503,5825,5463,362
13077170601,7682,7166,516
13077170602,8548,8145,403
13077170603,5316,4822,494
13077170700,7143,7025,118
13077170801,5353,5153,200
13077170802,4534,4484,50
13079070100,4002,3996,6
13079070201,5159,5079,80
13079070202,3322,3309,13
13081010100,3871,3803,68
13081010201,5257,5143,114
13081010202,2731,2731,0
13081010300,3815,3589,226
13081010400,5914,5573,341
13081010500,1473,1473,0
13083040101,4588,4465,123
13083040102,3584,3462,122
13083040200,3925,3875,50
13083040300,4259,4205,54
13085970100,8043,7880,163
13085970201,7397,6795,602
13085970202,7499,7360,139
13087970100,3515,3477,38
13087970200,2563,2447,116
13087970300,6623,6490,133
13087970400,4777,4711,66
13087970600,4836,4714,122
13087970700,2120,1491,629
13087970800,2803,2374,429
13089020100,2006,1923,83
13089020200,2139,2029,110
13089020300,4056,3940,116
13089020400,2520,2437,83
13089020500,3145,2943,202
13089020600,2190,2097,93
13089020700,2256,2212,44
13089020801,2529,2478,51
13089020802,4365,4102,263
13089020900,5546,5327,219
13089021101,3803,3576,227
13089021102,5641,5399,242
13089021202,7496,7283,213
13089021204,3451,425,3026
13089021208,4179,3847,332
13089021209,6050,5532,518
13089021210,5696,5561,135
13089021211,4786,4719,67
13089021213,3524,3443,81
13089021214,6193,5991,202
13089021215,6134,5614,520
13089021216,8057,7800,257
13089021217,2191,1988,203
13089021218,5604,5319,285
13089021301,3860,2536,1324
13089021303,6141,2549,3592
13089021305,5337,3079,2258
13089021306,5024,2446,2578
13089021307,4371,2548,1823
13089021308,4148,2259,1889
13089021405,4526,3852,674
13089021409,3690,2181,1509
13089021410,5586,2381,3205
13089021411,3455,3300,155
13089021412,3646,3287,359
13089021413,4266,1132,3134
13089021414,4164,2304,1860
13089021415,3940,3288,652
13089021416,2409,1207,1202
13089021417,5895,2363,3532
13089021502,4370,4074,296
13089021503,4260,3130,1130
13089021504,5115,4961,154
13089021602,3776,3681,95
13089021603,4671,4412,259
13089021604,3084,2992,92
13089021605,5550,4734,816
13089021703,4639,4434,205
13089021704,5484,5332,152
13089021705,4755,3810,945
13089021706,5347,5039,308
13089021805,6949,5938,1011
13089021806,6499,4991,1508
13089021808,4911,4266,645
13089021809,7028,6666,362
13089021810,5373,5203,170
13089021812,2275,1587,688
13089021813,2887,1980,907
13089021814,5277,3534,1743
13089021906,5273,5082,191
13089021907,8925,8348,577
13089021908,5978,5881,97
13089021909,6798,6531,267
13089021910,5240,5086,154
13089021911,2301,2251,50
13089021912,3820,3725,95
13089021913,5078,4768,310
13089022001,4361,4110,251
13089022004,5794,5771,23
13089022005,4828,4805,23
13089022007,4043,3916,127
13089022008,8380,8261,119
13089022009,5251,5251,0
13089022010,2333,2214,119
13089022100,3484,3326,158
13089022203,2105,2009,96
13089022204,7557,6222,1335
13089022301,6003,5829,174
13089022302,4397,4083,314
13089022401,3637,3577,60
13089022402,5952,5595,357
13089022403,3806,3720,86
13089022500,5933,5712,221
13089022600,6016,5767,249
13089022700,4732,4495,237
13089022800,4090,3991,99
13089022900,3446,3270,176
13089023000,2040,1999,41
13089023101,4587,4378,209
13089023102,3412,3298,114
13089023107,4697,4322,375
13089023108,4603,4535,68
13089023111,2142,2069,73
13089023112,4368,4053,315
13089023113,3153,2962,191
13089023114,2728,2567,161
13089023115,2415,2253,162
13089023204,6980,6674,306
13089023206,7801,7569,232
13089023208,6950,6607,343
13089023209,6211,5842,369
13089023210,6521,6466,55
13089023211,3524,3484,40
13089023212,3958,3819,139
13089023213,6253,6163,90
13089023214,6235,6084,151
13089023303,6479,6288,191
13089023306,6896,6347,549
13089023309,9343,9183,160
13089023310,9927,9835,92
13089023311,4919,4862,57
13089023312,9369,9072,297
13089023313,5328,5204,124
13089023314,5426,5275,151
13089023315,4969,4930,39
13089023316,8115,7769,346
13089023410,3848,3742,106
13089023411,3922,3865,57
13089023412,6334,6308,26
13089023413,3515,3457,58
13089023414,6266,6245,21
13089023416,7385,7291,94
13089023418,20092,19785,307
13089023419,9792,9698,94
13089023421,8250,8136,114
13089023422,5431,5272,159
13089023423,7719,7366,353
13089023424,5948,5894,54
13089023425,5183,5141,42
13089023426,4601,4543,58
13089023427,2936,2831,105
13089023428,10126,9970,156
13089023501,3804,3776,28
13089023504,3294,3195,99
13089023505,2728,2670,58
13089023506,5902,5876,26
13089023507,3820,3713,107
13089023601,2989,2926,63
13089023602,2392,2380,12
13089023603,3295,3295,0
13089023700,5488,5415,73
13089023801,3822,3654,168
13089023802,4426,4172,254
13089023803,5419,5147,272
13089980000,0,0,0
13091960100,3491,3390,101
13091960200,3526,3437,89
13091960300,6110,5698,412
13091960400,3811,3772,39
13091960500,2036,2000,36
13091960600,2021,1967,54
13093970100,5531,5082,449
13093970200,2102,1893,209
13093970300,6456,6090,366
13095000100,4759,4674,85
13095000200,2988,2936,52
13095000400,6209,6007,202
13095000501,5150,5112,38
13095000502,4827,4570,257
13095000600,2887,2820,67
13095000700,1742,1649,93
13095000800,1548,1496,52
13095000900,2097,2072,25
13095001000,2350,2310,40
13095001100,5851,5827,24
13095001403,2526,2516,10
13095001500,2383,2377,6
13095010302,6339,6273,66
13095010401,7156,7015,141
13095010402,3098,3035,63
13095010403,1631,1556,75
13095010500,2345,2128,217
13095010601,2233,2159,74
13095010602,3863,3863,0
13095010700,6051,5854,197
13095010900,1692,1692,0
13095011000,2350,2263,87
13095011200,4238,4069,169
13095011300,2561,2464,97
13095011400,1435,1402,33
13095011600,2017,1840,177
13097080102,7554,6708,846
13097080103,7007,5879,1128
13097080201,5309,4203,1106
13097080202,11511,9172,2339
13097080301,12471,11681,790
13097080303,3930,3369,561
13097080304,5238,5014,224
13097080402,7915,7865,50
13097080403,4689,4425,264
13097080404,8366,7650,716
13097080505,4753,4461,292
13097080506,5343,4913,430
13097080507,3734,3365,369
13097080508,5162,4854,308
13097080509,5958,5497,461
13097080510,7691,7014,677
13097080511,9227,8438,789
13097080602,5854,5712,142
13097080603,6764,6123,641
13097080604,9807,9495,312
13099090100,1357,1354,3
13099090200,2429,2429,0
13099090300,1361,1247,114
13099090400,3441,3383,58
13099090500,1892,1851,41
13101880100,1625,1143,482
13101880200,2400,1686,714
13103030100,3542,3523,19
13103030202,5926,5790,136
13103030203,8473,8211,262
13103030204,3762,3722,40
13103030301,5082,5017,65
13103030303,2463,2220,243
13103030304,7370,6911,459
13103030305,8086,7638,448
13103030401,4786,4692,94
13103030402,6362,6072,290
13105000100,3678,3492,186
13105000200,2808,2713,95
13105000300,3756,3461,295
13105000400,4176,3714,462
13105000500,4976,4962,14
13107970100,5844,5591,253
13107970200,1801,1801,0
13107970300,4190,4044,146
13107970400,4599,4508,91
13107970500,1295,1295,0
13107970600,4994,4469,525
13109970100,2873,2407,466
13109970200,3980,3879,101
13109970300,3880,3197,683
13111050100,3956,3897,59
13111050200,6508,6337,171
13111050300,2406,2406,0
13111050400,6752,6571,181
13111050500,4395,4323,72
13113140101,7472,6770,702
13113140102,5312,5135,177
13113140203,5400,4968,432
13113140204,5439,4309,1130
13113140206,4543,4271,272
13113140207,5652,5380,272
13113140208,7538,6704,834
13113140303,4828,4617,211
13113140304,5927,5321,606
13113140305,5108,4451,657
13113140306,7752,7009,743
13113140307,5048,4860,188
13113140403,5245,4940,305
13113140404,5745,5484,261
13113140405,3829,3735,94
13113140406,3703,3413,290
13113140407,8111,7926,185
13113140408,3096,2995,101
13113140501,6098,5976,122
13113140502,3649,3578,71
13115000100,4583,4440,143
13115000201,6168,5506,662
13115000202,3872,3849,23
13115000300,3076,2849,227
13115000400,7843,6383,1460
13115000500,4659,2931,1728
13115000600,5220,5005,215
13115000700,4710,4600,110
13115000800,4411,4365,46
13115000900,2356,2356,0
13115001100,3016,2176,840
13115001200,4428,3102,1326
13115001300,5734,4879,855
13115001400,6732,6439,293
13115001600,3244,2802,442
13115001701,6440,6310,130
13115001702,6428,6085,343
13115001800,4839,4451,388
13115002000,4154,4148,6
13115002100,4286,3613,673
13117130101,4214,3975,239
13117130102,2586,2578,8
13117130103,4038,3753,285
13117130104,4066,3954,112
13117130105,2648,2155,493
13117130201,5104,4875,229
13117130202,4217,3986,231
13117130203,5325,4707,618
13117130204,5112,4737,375
13117130205,3182,2583,599
13117130301,5402,5095,307
13117130302,5446,5214,232
13117130303,4116,3427,689
13117130304,4181,3797,384
13117130305,6155,5534,621
13117130306,4704,4495,209
13117130307,4721,4434,287
13117130403,6071,5460,611
13117130404,4530,4220,310
13117130405,4053,3702,351
13117130406,6108,4831,1277
13117130408,3479,2815,664
13117130409,2846,2192,654
13117130410,4522,3512,1010
13117130503,2588,2578,10
13117130504,3816,3400,416
13117130505,2790,2697,93
13117130506,3605,3292,313
13117130507,2381,2250,131
13117130508,5298,5066,232
13117130509,3731,3170,561
13117130510,6424,5911,513
13117130601,4954,4247,707
13117130602,5815,3535,2280
13117130603,5458,4707,751
13117130604,5005,4671,334
13117130605,4304,4148,156
13117130606,4677,4228,449
13117130607,5559,5470,89
13117130608,6090,5861,229
13117130609,5837,5425,412
13117130610,4706,4512,194
13117130611,4169,4033,136
13117130612,6427,6275,152
13117130613,3381,3213,168
13119890101,4049,3578,471
13119890102,3670,3524,146
13119890200,5883,5639,244
13119890300,3214,3204,10
13119890400,5372,5287,85
13121000100,4781,4637,144
13121000200,6275,6046,229
13121000400,1757,1730,27
13121000500,5541,5177,364
13121000600,6234,5885,349
13121000700,2969,2838,131
13121001001,2648,2532,116
13121001002,7130,6619,511
13121001100,4287,4158,129
13121001201,3736,3555,181
13121001202,4119,3899,220
13121001300,4240,3917,323
13121001400,2219,2139,80
13121001500,4308,4030,278
13121001600,2264,2181,83
13121001700,4278,4086,192
13121001800,4456,4349,107
13121001900,5234,4895,339
13121002100,2587,2546,41
13121002300,1400,1400,0
13121002400,2337,2321,16
13121002500,2282,2223,59
13121002600,1560,1425,135
13121002800,4921,4521,400
13121002900,2411,2332,79
13121003000,3133,3015,118
13121003100,2013,1952,61
13121003200,2144,2047,97
13121003500,2212,2128,84
13121003600,1281,1256,25
13121003700,95,95,0
13121003800,3937,3719,218
13121003900,2176,2154,22
13121004000,2396,2371,25
13121004100,2295,2275,20
13121004200,2527,2503,24
13121004300,2996,2870,126
13121004400,2817,2768,49
13121004800,1141,1076,65
13121004900,2940,2736,204
13121005000,2004,1910,94
13121005200,5534,5151,383
13121005300,3606,3462,144
13121005501,2296,2105,191
13121005502,2157,2131,26
13121005700,1707,1686,21
13121005800,2048,2033,15
13121006000,3401,3193,208
13121006100,3876,3869,7
13121006200,1480,1460,20
13121006300,1705,1705,0
13121006400,1159,770,389
13121006500,4611,4459,152
13121006601,2107,2064,43
13121006602,1388,1368,20
13121006700,3868,3830,38
13121006801,2509,2110,399
13121006802,2048,2048,0
13121006900,3984,3268,716
13121007001,4859,4595,264
13121007002,2216,2102,114
13121007100,2002,1984,18
13121007200,2090,2074,16
13121007300,7995,7958,37
13121007400,3018,2515,503
13121007500,3005,2933,72
13121007602,2676,2641,35
13121007603,4601,4551,50
13121007604,2438,2202,236
13121007703,4420,4420,0
13121007704,5446,5100,346
13121007705,4800,4744,56
13121007706,9561,9403,158
13121007802,9897,9783,114
13121007805,3166,3144,22
13121007806,7253,6904,349
13121007807,3543,3256,287
13121007808,4716,4406,310
13121007900,5552,5552,0
13121008000,5824,5772,52
13121008101,1219,1219,0
13121008102,7329,6544,785
13121008201,6242,6054,188
13121008202,2111,2087,24
13121008301,2262,2259,3
13121008302,1705,1696,9
13121008400,2817,2749,68
13121008500,2322,2322,0
13121008601,4095,4061,34
13121008602,1070,1062,8
13121008700,4235,4224,11
13121008800,4859,4470,389
13121008902,6839,6413,426
13121008903,1667,1048,619
13121008904,4688,4546,142
13121009000,5146,4916,230
13121009101,4547,4464,83
13121009102,3169,2969,200
13121009200,6727,5324,1403
13121009300,4760,4568,192
13121009402,4829,3911,918
13121009403,4580,3705,875
13121009404,4443,4072,371
13121009501,3730,3718,12
13121009502,3354,3258,96
13121009601,2446,2338,108
13121009602,5018,4917,101
13121009603,4557,4211,346
13121009700,3825,3722,103
13121009801,4811,4716,95
13121009802,4494,4373,121
13121009900,4735,4634,101
13121010001,4750,4664,86
13121010002,7709,7268,441
13121010106,4346,4141,205
13121010107,2006,1970,36
13121010108,3451,3327,124
13121010110,6511,5704,807
13121010113,6062,3636,2426
13121010114,6361,4859,1502
13121010115,2572,2518,54
13121010117,3568,3119,449
13121010118,5875,4669,1206
13121010119,4835,4149,686
13121010120,2305,2098,207
13121010121,2327,2287,40
13121010122,6633,6404,229
13121010123,5086,3998,1088
13121010204,4901,4829,72
13121010205,5347,5117,230
13121010206,5524,5216,308
13121010208,4486,4237,249
13121010209,5748,5105,643
13121010210,6306,6040,266
13121010211,3053,2734,319
13121010212,5438,3040,2398
13121010301,17147,16841,306
13121010303,10275,10095,180
13121010304,14888,14473,415
13121010400,8557,7461,1096
13121010507,7743,7462,281
13121010508,3488,3276,212
13121010510,15912,13891,2021
13121010511,7926,7913,13
13121010512,6473,6447,26
13121010513,13553,11912,1641
13121010514,12382,11870,512
13121010515,5294,5108,186
13121010516,9040,8719,321
13121010601,3516,3264,252
13121010603,4079,4034,45
13121010604,2884,2476,408
13121010800,6658,5420,1238
13121011000,2992,2586,406
13121011100,2399,2284,115
13121011201,4359,4299,60
13121011202,4367,3575,792
13121011301,4574,3912,662
13121011303,9368,8134,1234
13121011305,5431,5401,30
13121011306,2420,2245,175
13121011405,7920,5899,2021
13121011410,6678,6430,248
13121011411,8626,7293,1333
13121011412,9173,8181,992
13121011414,7512,6973,539
13121011416,5523,5224,299
13121011417,4866,4515,351
13121011418,6197,6026,171
13121011419,5602,5372,230
13121011420,7692,3203,4489
13121011421,4016,2675,1341
13121011422,3859,3644,215
13121011423,4991,4847,144
13121011424,5532,5234,298
13121011425,7198,6785,413
13121011426,2468,1945,523
13121011427,7769,7142,627
13121011503,10670,10245,425
13121011504,12716,12196,520
13121011505,4541,4373,168
13121011506,6076,6001,75
13121011610,5879,5498,381
13121011611,7437,5476,1961
13121011612,3249,3148,101
13121011613,7026,6189,837
13121011614,14618,12414,2204
13121011615,10253,9703,550
13121011616,5345,4762,583
13121011617,7279,6956,323
13121011618,4695,4487,208
13121011619,8753,7886,867
13121011620,11072,10171,901
13121011621,7539,7134,405
13121011622,10449,9987,462
13121011623,11993,11565,428
13121011624,4270,4177,93
13121011625,7796,7382,414
13121011626,10016,9109,907
13121011800,2521,2343,178
13121011900,3245,3030,215
13121012000,2882,2859,23
13121012300,2616,2461,155
13121980000,0,0,0
13123080100,4072,3857,215
13123080200,5552,5262,290
13123080300,6250,5144,1106
13123080400,9149,7667,1482
13123080500,3933,3857,76
13125010100,3053,3006,47
13127000101,1363,1363,0
13127000102,3256,3139,117
13127000200,5013,4821,192
13127000300,6624,6542,82
13127000401,8028,7349,679
13127000403,3178,3028,150
13127000404,11973,11058,915
13127000501,4063,3754,309
13127000503,4196,3883,313
13127000504,3365,3031,334
13127000600,5387,5219,168
13127000700,7975,7356,619
13127000800,4239,4088,151
13127000900,4232,3516,716
13127001000,9731,9049,682
13127990000,0,0,0
13129970100,6072,5644,428
13129970200,7151,6976,175
13129970300,8933,6751,2182
13129970400,5092,4044,1048
13129970500,4703,3132,1571
13129970600,6325,3746,2579
13129970700,4677,4486,191
13129970800,5953,5794,159
13129970900,7173,7097,76
13131950100,1929,1924,5
13131950200,2925,2920,5
13131950300,4360,4057,303
13131950400,6691,5343,1348
13131950500,7056,6194,862
13131950600,2184,2029,155
13133950100,2347,2330,17
13133950200,2197,2144,53
13133950301,2396,2336,60
13133950302,2567,2544,23
13133950303,4291,3446,845
13133950400,1179,1179,0
13133950500,1558,1536,22
13135050103,10603,8607,1996
13135050105,3720,2067,1653
13135050106,12038,7719,4319
13135050107,7448,6473,975
13135050108,9690,8746,944
13135050109,7930,6745,1185
13135050205,4326,4027,299
13135050208,6582,4920,1662
13135050209,9679,7668,2011
13135050210,6982,5670,1312
13135050211,5491,3424,2067
13135050212,13365,12678,687
13135050213,13126,12062,1064
13135050214,8781,8211,570
13135050215,3420,3256,164
13135050216,8986,8395,591
13135050217,10552,9822,730
13135050218,4046,2665,1381
13135050219,3859,3558,301
13135050220,6031,5156,875
13135050304,5237,2882,2355
13135050306,4448,1272,3176
13135050308,3955,3901,54
13135050309,8496,7906,590
13135050310,5890,5611,279
13135050311,2722,2534,188
13135050313,8538,5998,2540
13135050314,10004,6203,3801
13135050315,5662,4354,1308
13135050317,3819,2274,1545
13135050318,2866,2038,828
13135050319,6719,2417,4302
13135050320,5812,2596,3216
13135050321,4712,4546,166
13135050322,4868,4868,0
13135050410,6002,3737,2265
13135050415,3763,3603,160
13135050416,3453,2895,558
13135050417,6030,2034,3996
13135050418,7013,2578,4435
13135050419,7619,4221,3398
13135050421,7734,4860,2874
13135050422,8314,3504,4810
13135050423,7306,4887,2419
13135050424,7727,3696,4031
13135050425,5432,5133,299
13135050426,6804,6494,310
13135050427,6452,5783,669
13135050428,6445,5908,537
13135050429,7329,6459,870
13135050430,5422,4847,575
13135050431,8398,6466,1932
13135050432,6166,4329,1837
13135050433,2453,1389,1064
13135050434,8175,3005,5170
13135050435,3449,2104,1345
13135050436,7520,5277,2243
13135050511,11712,7610,4102
13135050520,4907,3542,1365
13135050521,5798,4097,1701
13135050522,5269,3859,1410
13135050523,7603,6065,1538
13135050524,6155,3104,3051
13135050525,8606,7271,1335
13135050526,4672,2899,1773
13135050527,6391,5600,791
13135050528,5100,4574,526
13135050529,4144,3338,806
13135050530,6126,5564,562
13135050531,9053,5680,3373
13135050532,7939,6578,1361
13135050533,8220,5444,2776
13135050534,8522,5628,2894
13135050535,7561,5402,2159
13135050536,5007,3634,1373
13135050537,5083,3752,1331
13135050538,7920,6385,1535
13135050539,5515,3191,2324
13135050540,6735,5870,865
13135050541,5758,2777,2981
13135050542,5540,3875,1665
13135050543,6754,5796,958
13135050544,12379,10412,1967
13135050545,12596,9460,3136
13135050546,16249,13050,3199
13135050547,7993,7280,713
13135050548,11031,9618,1413
13135050549,5256,4307,949
13135050605,15160,12097,3063
13135050606,25316,23612,1704
13135050607,18016,15949,2067
13135050608,17889,13865,4024
13135050609,12137,10698,1439
13135050610,17820,15938,1882
13135050709,12864,11224,1640
13135050712,7012,6123,889
13135050713,7430,6941,489
13135050714,5471,4979,492
13135050715,5890,4803,1087
13135050718,8383,7791,592
13135050719,5396,4577,819
13135050720,7518,6709,809
13135050721,8608,7650,958
13135050722,3353,2571,782
13135050723,7988,7621,367
13135050724,15785,15085,700
13135050725,6005,5260,745
13135050726,9440,8828,612
13135050727,10872,10195,677
13135050728,14273,13627,646
13135050729,3168,2747,421
13135050730,7531,6489,1042
13135050731,9914,9089,825
13137000100,3630,3580,50
13137000201,4158,3914,244
13137000202,5440,5414,26
13137000300,3938,3305,633
13137000400,5294,4615,679
13137000500,6657,6041,616
13137000601,6106,5411,695
13137000602,8501,5431,3070
13139000101,4785,4468,317
13139000102,3328,2883,445
13139000201,5649,4421,1228
13139000203,4263,4223,40
13139000204,4185,3982,203
13139000302,7229,6430,799
13139000303,2600,2345,255
13139000304,3588,3489,99
13139000305,4945,4120,825
13139000400,6332,5716,616
13139000500,7362,5943,1419
13139000600,5676,5104,572
13139000701,6892,3837,3055
13139000702,5511,1862,3649
13139000800,3555,2322,1233
13139000900,5466,4089,1377
13139001002,7738,3797,3941
13139001003,6813,1931,4882
13139001004,3075,2619,456
13139001101,5257,624,4633
13139001102,4428,1008,3420
13139001201,7790,4070,3720
13139001202,6342,2754,3588
13139001301,6170,4363,1807
13139001302,5230,4737,493
13139001402,5485,4546,939
13139001403,3782,2041,1741
13139001404,5301,3863,1438
13139001501,4940,4473,467
13139001502,4598,3872,726
13139001603,5481,4567,914
13139001604,6825,5854,971
13139001605,5401,4838,563
13139001606,3681,3151,530
13139001607,4903,4301,602
13139001608,5876,5685,191
13141480300,2096,2096,0
13141480400,6651,6482,169
13143010100,3689,3689,0
13143010200,6158,6158,0
13143010301,3447,3402,45
13143010302,7698,7581,117
13143010400,7675,7417,258
13145120198,5185,4984,201
13145120200,3886,3666,220
13145120300,9102,8856,246
13145120401,6383,6093,290
13145120402,8436,8357,79
13147960100,5484,5337,147
13147960200,3568,3552,16
13147960300,3404,3323,81
13147960400,5117,4684,433
13147960500,7945,7703,242
13149970100,4279,4219,60
13149970200,4237,4226,11
13149970300,3055,3055,0
13151070104,12540,12077,463
13151070106,6562,6138,424
13151070107,7198,6973,225
13151070108,4984,4733,251
13151070109,3522,3402,120
13151070110,7805,7479,326
13151070111,9447,8137,1310
13151070113,3967,3390,577
13151070114,5717,5668,49
13151070202,11264,10497,767
13151070203,14969,14392,577
13151070204,4720,4633,87
13151070205,10596,9396,1200
13151070304,11658,11259,399
13151070305,8936,8626,310
13151070306,9849,9328,521
13151070307,4203,3846,357
13151070309,7471,6949,522
13151070310,4354,4127,227
13151070311,11676,10435,1241
13151070402,12289,12006,283
13151070403,10299,9526,773
13151070404,7869,7387,482
13151070501,7623,6597,1026
13151070502,14653,13678,975
13153020105,6847,6110,737
13153020106,2917,2793,124
13153020108,5936,5545,391
13153020109,9299,8862,437
13153020200,5464,5233,231
13153020300,6517,6152,365
13153020400,2811,2467,344
13153020600,1341,1251,90
13153020700,3494,3393,101
13153020800,2591,2341,250
13153020900,4264,4252,12
13153021000,6364,6070,294
13153021103,11571,10925,646
13153021104,7892,6619,1273
13153021105,6643,6178,465
13153021107,8503,7701,802
13153021108,6578,6068,510
13153021113,18098,16916,1182
13153021201,8568,8094,474
13153021202,5996,5828,168
13153021300,4493,4402,91
13153021400,8747,8195,552
13153021500,4203,4129,74
13155950100,2354,2281,73
13155950200,7011,6977,34
13157010101,5948,5402,546
13157010102,6848,6480,368
13157010103,5477,4990,487
13157010200,4884,4738,146
13157010300,4923,4401,522
13157010400,4896,4793,103
13157010500,5056,4491,565
13157010600,8510,7675,835
13157010701,2283,2267,16
13157010702,10157,9630,527
13157010703,3149,2945,204
13159010100,2220,2116,104
13159010200,2719,2692,27
13159010500,8632,8240,392
13161960100,7109,6094,1015
13161960200,6183,5559,624
13161960300,1661,1592,69
13163960100,4887,4685,202
13163960200,2269,2147,122
13163960300,5504,5477,27
13163960400,3541,3334,207
13165960100,6066,5890,176
13165960200,2989,2812,177
13167960100,2769,2554,215
13167960200,5193,5190,3
13167960300,1732,1726,6
13169030101,2647,2494,153
13169030103,2467,2447,20
13169030104,7241,7177,64
13169030200,3663,3663,0
13169030301,6720,6588,132
13169030302,5963,5939,24
13171970100,7101,6809,292
13171970200,7058,6995,63
13171970300,4036,3991,45
13173950100,2156,2068,88
13173950200,8226,7768,458
13175950100,3130,2984,146
13175950201,4646,4614,32
13175950202,4767,4668,99
13175950300,1787,1753,34
13175950400,3922,3913,9
13175950500,3800,3795,5
13175950600,2159,2115,44
13175950700,2572,2562,10
13175950800,4280,4183,97
13175950900,2549,2547,2
13175951000,7073,6716,357
13175951100,4554,4355,199
13175951400,2563,2393,170
13177020100,6288,6166,122
13177020200,1602,1588,14
13177020300,6681,6444,237
13177020402,8259,8164,95
13177020403,6304,5993,311
13179010101,6245,5038,1207
13179010102,2095,1797,298
13179010103,1685,1480,205
13179010202,4187,3607,580
13179010204,3073,2641,432
13179010205,6290,5564,726
13179010206,5094,4347,747
13179010207,5601,4714,887
13179010208,6330,5649,681
13179010300,6609,5765,844
13179010400,6779,5900,879
13179010501,3257,3247,10
13179010502,4962,4780,182
13179010600,1742,1714,28
13179990000,0,0,0
13181970100,3853,3841,12
13181970200,3859,3762,97
13183970100,10336,8562,1774
13183970200,6907,6650,257
13183980000,0,0,0
13185010101,3959,3797,162
13185010102,5426,5119,307
13185010103,3459,3195,264
13185010201,3398,3215,183
13185010202,12464,12030,434
13185010301,4950,4761,189
13185010302,2624,2547,77
13185010401,1534,1461,73
13185010402,7215,7085,130
13185010500,4618,4486,132
13185010601,6279,5718,561
13185010604,5502,5012,490
13185010700,3899,3788,111
13185010800,5586,5450,136
13185010900,1733,1733,0
13185011000,3589,3331,258
13185011100,2960,2857,103
13185011200,5114,4617,497
13185011301,5200,4912,288
13185011302,2507,2381,126
13185011401,2496,2407,89
13185011402,2814,2408,406
13185011403,8462,7777,685
13185011500,4245,4119,126
13185011600,3865,3637,228
13187960101,7158,6763,395
13187960102,6270,6170,100
13187960201,10222,9936,286
13187960202,7444,6795,649
13189950100,2549,2549,0
13189950200,5223,4955,268
13189950300,3247,3164,83
13189950400,5253,5166,87
13189950500,5286,5123,163
13191110100,4417,4399,18
13191110200,4578,4548,30
13191110300,4946,4799,147
13191980000,0,0,0
13191990000,0,0,0
13193000100,2035,2000,35
13193000200,1813,1805,8
13193000300,4658,4495,163
13193000400,5340,4990,350
13195020100,4710,4479,231
13195020200,5009,4967,42
13195020300,4652,4622,30
13195020400,5575,4886,689
13195020500,6211,5891,320
13195020600,2205,2202,3
13197920100,3891,3891,0
13197920200,4755,4614,141
13199970500,5447,5447,0
13199970600,3641,3583,58
13199970700,7016,6941,75
13199970800,5091,5035,56
13201950100,1716,1716,0
13201950200,1883,1877,6
13201950300,2312,2312,0
13205090100,3295,3295,0
13205090200,3332,3089,243
13205090300,2534,2243,291
13205090400,7651,7222,429
13205090500,5966,5931,35
13207050101,5773,5576,197
13207050102,4330,4215,115
13207050200,5760,5646,114
13207050301,4582,4535,47
13207050302,6599,6444,155
13209950100,2083,2032,51
13209950200,4865,4471,394
13209950300,2057,1928,129
13211010100,2714,2521,193
13211010200,3867,3865,2
13211010300,6939,6844,95
13211010400,2988,2809,179
13211010500,1435,1348,87
13213010100,3320,3171,149
13213010201,1877,1801,76
13213010202,8872,6935,1937
13213010300,4039,3860,179
13213010400,6286,5772,514
13213010500,5155,3657,1498
13213010600,3910,3711,199
13213010700,5899,4955,944
13215000200,2793,2561,232
13215000300,1516,1140,376
13215000400,2725,2691,34
13215000800,2293,2058,235
13215000900,2639,2411,228
13215001000,4821,4425,396
13215001100,2618,2556,62
13215001200,3497,3297,200
13215001400,1692,1650,42
13215001600,2659,2543,116
13215001800,1378,1216,162
13215002000,3360,3318,42
13215002100,2560,2369,191
13215002200,3170,3137,33
13215002300,1581,1466,115
13215002400,1513,1513,0
13215002500,1363,1292,71
13215002700,1965,1965,0
13215002800,1929,1902,27
13215002901,2648,2630,18
13215002902,2426,2340,86
13215003000,2665,2466,199
13215003200,1876,1675,201
13215003301,1467,1415,52
13215003302,2451,2328,123
13215003400,2318,2024,294
13215010104,6726,5947,779
13215010106,5483,4996,487
13215010107,8026,7119,907
13215010201,6764,6477,287
13215010203,9363,8607,756
13215010204,6594,6088,506
13215010205,3564,3334,230
13215010301,2458,2374,84
13215010302,6785,6426,359
13215010401,6760,6027,733
13215010402,4212,3633,579
13215010501,6078,5924,154
13215010502,1495,1324,171
13215010602,5092,4816,276
13215010605,4405,4180,225
13215010606,2282,2174,108
13215010607,6284,6182,102
13215010608,4794,4757,37
13215010701,6074,5734,340
13215010702,4672,4516,156
13215010703,6061,5970,91
13215010801,1552,1292,260
13215010802,10201,8105,2096
13215011100,2076,2005,71
13215011200,2015,1949,66
13215011400,2386,2120,266
13215011500,6178,5034,1144
13217100100,11016,10825,191
13217100201,6311,6220,91
13217100202,5277,5210,67
13217100300,9328,8597,731
13217100400,3279,3063,216
13217100501,15301,14385,916
13217100502,8636,7621,1015
13217100600,5900,5773,127
13217100700,6345,5988,357
13217100800,9851,9655,196
13217100901,10297,10026,271
13217100902,5797,5358,439
13217100903,6563,6083,480
13219030100,11545,10947,598
13219030200,5927,5347,580
13219030300,5283,5094,189
13219030400,7301,7166,135
13219030500,2165,2142,23
13219030600,2850,2745,105
13221960100,1620,1620,0
13221960201,6252,5740,512
13221960202,4964,4938,26
13221960300,1907,1855,52
13223120101,12963,12596,367
13223120102,12358,11166,1192
13223120103,9888,9399,489
13223120104,2649,2624,25
13223120202,7494,7183,311
13223120203,5240,5129,111
13223120204,7378,7043,335
13223120301,5779,5376,403
13223120302,12408,11658,750
13223120303,1886,1839,47
13223120400,18306,17427,879
13223120501,6867,5962,905
13223120502,8774,8426,348
13223120503,5089,4913,176
13223120601,4787,4228,559
13223120602,9906,9324,582
13223120603,6405,5945,460
13223120604,5630,5297,333
13223120605,6023,5861,162
13225040101,1688,1665,23
13225040102,10347,10164,183
13225040200,4412,3403,1009
13225040301,2635,2135,500
13225040302,1961,1860,101
13225040400,5864,5730,134
13227050100,5207,5071,136
13227050200,6214,5717,497
13227050300,4422,4314,108
13227050400,3672,3672,0
13227050500,4589,4466,123
13227050600,5888,5839,49
13229960100,2759,2620,139
13229960200,1955,1540,415
13229960300,6543,6334,209
13229960400,7773,7566,207
13231010100,7001,6914,87
13231010200,3530,3487,43
13231010300,4107,4011,96
13231010400,3205,3175,30
13233010100,5566,5225,341
13233010200,7448,6279,1169
13233010300,4935,3454,1481
13233010400,6119,4886,1233
13233010500,6063,5115,948
13233010600,5614,5614,0
13233010700,5518,5403,115
13235950100,3037,2778,259
13235950200,7002,6746,256
13235950300,1421,1398,23
13237960101,3097,3033,64
13237960102,5333,4923,410
13237960201,1404,1120,284
13237960202,6874,6277,597
13237960300,4551,4524,27
13239960300,2095,2074,21
13241970100,5534,4980,554
13241970201,3223,2976,247
13241970202,2427,2124,303
13241970301,3287,3206,81
13241970302,1841,1718,123
13243790100,1567,1538,29
13243790200,5657,5646,11
13245000100,3883,3771,112
13245000200,2577,2545,32
13245000300,1170,1119,51
13245000600,2564,2495,69
13245000700,1037,1024,13
13245000900,1345,1343,2
13245001000,2564,2527,37
13245001100,1919,1796,123
13245001200,4893,4780,113
13245001300,1454,1454,0
13245001400,1623,1566,57
13245001500,684,684,0
13245001601,4802,4753,49
13245001602,4094,4020,74
13245010101,3128,2859,269
13245010104,3527,3366,161
13245010105,4499,4286,213
13245010106,4574,4494,80
13245010107,2272,2219,53
13245010201,4242,4194,48
13245010203,4375,4246,129
13245010204,15362,13896,1466
13245010300,4893,4639,254
13245010400,4033,3966,67
13245010504,7278,6733,545
13245010506,5009,4762,247
13245010507,6006,5954,52
13245010508,3859,3722,137
13245010509,4325,4237,88
13245010510,4919,4695,224
13245010511,4843,4745,98
13245010512,4879,4781,98
13245010513,3024,2944,80
13245010600,4548,4412,136
13245010706,5362,5037,325
13245010707,2757,2757,0
13245010708,5944,5429,515
13245010709,6127,5948,179
13245010710,5655,5422,233
13245010711,3067,3039,28
13245010712,8639,8338,301
13245010800,8046,6522,1524
13245010903,5064,4711,353
13245010904,3586,3553,33
13245010905,5032,4974,58
13245010906,6440,5932,508
13245011000,1495,1396,99
13247060101,3205,2983,222
13247060102,5446,5373,73
13247060201,4789,2319,2470
13247060202,10334,9579,755
13247060304,5261,4621,640
13247060305,5348,4230,1118
13247060306,2993,2977,16
13247060307,10714,10142,572
13247060308,8097,7350,747
13247060309,5565,4834,731
13247060403,3612,3497,115
13247060404,6028,5846,182
13247060405,7172,6601,571
13247060406,5470,5119,351
13247060407,3535,3324,211
13249960100,2959,2799,160
13249960200,2130,2047,83
13251970200,1671,1667,4
13251970300,3405,3355,50
13251970400,4231,4072,159
13251970500,2916,2904,12
13251970600,1891,1870,21
13253200100,2574,2488,86
13253200200,3775,3615,160
13253200300,2347,2336,11
13255160100,5705,5451,254
13255160200,6319,6040,279
13255160300,3433,3266,167
13255160400,6075,5724,351
13255160500,6234,5889,345
13255160600,3918,3850,68
13255160700,7308,7240,68
13255160800,5165,4311,854
13255160900,2597,2530,67
13255161000,5045,5033,12
13255161100,3510,3403,107
13255161200,8697,8480,217
13257970100,7283,7138,145
13257970200,5586,5400,186
13257970301,3024,2708,316
13257970302,2757,2708,49
13257970400,6934,6876,58
13259950100,1905,1898,7
13259950400,3886,2597,1289
13261950100,1103,1067,36
13261950200,5445,5277,168
13261950300,6582,6521,61
13261950400,2633,2588,45
13261950500,3481,3201,280
13261950600,2182,2084,98
13261950700,6787,6071,716
13261950800,2857,2621,236
13263960100,2331,2331,0
13263960200,2376,2303,73
13263960300,1666,1598,68
13265010200,1904,1823,81
13267950100,3126,3053,73
13267950201,4748,4526,222
13267950202,7498,5826,1672
13267950300,5975,5660,315
13267950400,3913,3449,464
13269950100,1532,1532,0
13269950200,2496,2328,168
13269950300,4326,4307,19
13271950100,11646,9531,2115
13271950200,1754,1662,92
13271950500,3005,2834,171
13273120200,1450,1438,12
13273120300,2992,2992,0
13273120400,3111,3111,0
13273120500,1579,1355,224
13275960100,1188,1035,153
13275960200,3908,3884,24
13275960300,2333,2210,123
13275960400,2085,1941,144
13275960500,6843,6635,208
13275960600,5643,5574,69
13275960700,7251,7240,11
13275960800,5352,5122,230
13275960900,3719,3634,85
13275961000,3925,3601,324
13275961100,2730,2555,175
13277960100,2477,2111,366
13277960200,2921,2779,142
13277960300,7797,7454,343
13277960400,5900,5414,486
13277960500,4456,4349,107
13277960600,6419,5513,906
13277960700,4580,3879,701
13277960800,2570,1371,1199
13277960900,3571,3295,276
13279970100,5294,4423,871
13279970200,4958,4813,145
13279970300,6252,5573,679
13279970400,4203,3702,501
13279970500,3658,2974,684
13279970600,2795,2586,209
13281960100,4511,4352,159
13281960200,2704,2704,0
13281960300,3761,3662,99
13283960100,1496,1392,104
13283960200,5215,5203,12
13285960100,6002,5945,57
13285960201,2915,2842,73
13285960202,2296,2235,61
13285960300,4174,3930,244
13285960400,5987,5941,46
13285960501,4676,4373,303
13285960502,7633,7056,577
13285960600,5654,5421,233
13285960700,5996,5611,385
13285960800,3570,3535,35
13285960901,4576,4243,333
13285960902,6825,6751,74
13285961000,6117,6068,49
13285961100,2893,2849,44
13287970200,5163,4856,307
13287970300,2988,2934,54
13289060100,4791,4750,41
13289060200,3572,3572,0
13291000101,2621,2609,12
13291000102,5271,5051,220
13291000201,2359,2318,41
13291000203,2287,2244,43
13291000204,3494,3373,121
13291000205,6001,5802,199
13293010100,3018,3018,0
13293010201,5459,5090,369
13293010202,2413,2413,0
13293010300,3358,3358,0
13293010400,5613,5386,227
13293010500,5235,5222,13
13293010600,1298,1298,0
13295020100,6556,6451,105
13295020200,3856,3826,30
13295020301,4778,4506,272
13295020302,5356,5046,310
13295020400,3066,3037,29
13295020501,8164,8164,0
13295020502,6340,6314,26
13295020601,7044,6618,426
13295020602,4517,4441,76
13295020700,7326,7322,4
13295020800,3074,3057,17
13295020901,6240,6240,0
13295020902,1826,1798,28
13297110100,8976,8507,469
13297110200,4484,4457,27
13297110300,6576,6430,146
13297110400,6446,6388,58
13297110503,3668,3497,171
13297110504,4918,4354,564
13297110505,4541,4389,152
13297110506,5289,5030,259
13297110507,7831,7314,517
13297110508,5320,4967,353
13297110601,4760,4741,19
13297110602,5305,5249,56
13297110603,4645,4499,146
13297110700,7676,7598,78
13297110800,7001,6648,353
13299950100,1568,1552,16
13299950200,8023,7540,483
13299950300,1939,1939,0
13299950400,1651,1636,15
13299950500,5108,5086,22
13299950600,6408,6408,0
13299950700,1213,1195,18
13299950800,5807,5298,509
13299950900,3954,3677,277
13301970400,2841,2841,0
13301970500,2663,2626,37
13303950100,1765,1765,0
13303950300,4450,4431,19
13303950400,5383,5337,46
13303950500,5148,4977,171
13303950700,3934,3716,218
13305970100,4144,3880,264
13305970200,8228,7833,395
13305970300,4745,4364,381
13305970400,3594,3384,210
13305970500,5400,4858,542
13305970600,3895,3868,27
13307960100,1409,1379,30
13307960200,1263,1263,0
13309780100,2673,2656,17
13309780200,5259,5116,143
13311950100,2743,2733,10
13311950201,9188,8830,358
13311950202,3301,3249,52
13311950203,5180,5180,0
13311950300,7728,7313,415
13313000101,4099,3989,110
13313000102,8496,7213,1283
13313000200,4328,3801,527
13313000301,4334,2681,1653
13313000302,9114,6417,2697
13313000400,8036,2839,5197
13313000501,3809,3184,625
13313000502,7187,4054,3133
13313000600,4158,3591,567
13313000700,4435,4208,227
13313000800,7749,6709,1040
13313000900,3832,2845,987
13313001000,4360,1082,3278
13313001100,5126,2677,2449
13313001200,7821,3568,4253
13313001300,4322,1201,3121
13313001400,6285,3682,2603
13313001500,6162,5184,978
13315960100,3992,3924,68
13315960200,1363,1334,29
13315960300,1457,1262,195
13315960400,2072,2002,70
13317010101,1472,1472,0
13317010102,1838,1539,299
13317010301,2104,2079,25
13317010302,4510,4419,91
13319960200,3043,2891,152
13319960300,4557,4522,35
13319960400,1712,1663,49
13321950100,2897,2850,47
13321950200,7092,6816,276
13321950400,4379,4372,7
13321950500,4490,4446,44
13321950600,2130,2070,60
15001020100,4841,4196,645
15001020202,2148,1929,219
15001020300,3847,3276,571
15001020400,4020,3453,567
15001020500,5399,4773,626
15001020600,6439,5786,653
15001020701,4352,4145,207
15001020702,5377,4598,779
15001020801,4910,4581,329
15001020802,6422,5931,491
15001020900,4732,4456,276
15001021003,6823,5238,1585
15001021005,11542,9151,2391
15001021010,7190,5982,1208
15001021011,3934,3359,575
15001021013,5354,4964,390
15001021101,3101,2881,220
15001021106,7573,5842,1731
15001021202,8406,7081,1325
15001021300,7172,6919,253
15001021402,4105,3566,539
15001021502,4644,4153,491
15001021504,5258,4736,522
15001021507,9936,8872,1064
15001021509,5104,4621,483
15001021601,8274,7294,980
15001021604,8446,7075,1371
15001021702,11071,9996,1075
15001021704,7680,7015,665
15001021800,6441,5590,851
15001021902,4228,3715,513
15001022000,3235,3037,198
15001022102,1676,1442,234
15001990000,0,0,0
15001990100,0,0,0
15001990300,0,0,0
15001990400,0,0,0
15001990500,0,0,0
15001990600,0,0,0
15001990700,0,0,0
15001990800,0,0,0
15001990900,0,0,0
15001991000,0,0,0
15001991100,0,0,0
15001991200,0,0,0
15001991300,0,0,0
15001991400,0,0,0
15001991500,0,0,0
15001991600,0,0,0
15001991700,0,0,0
15003000106,7997,7324,673
15003000107,2788,2686,102
15003000108,2997,2810,187
15003000110,4316,4156,160
15003000111,4660,4478,182
15003000112,4996,4881,115
15003000114,1397,1319,78
15003000200,5563,5303,260
15003000301,2978,2790,188
15003000302,3239,3086,153
15003000401,2613,2535,78
15003000402,3694,3572,122
15003000500,3747,3662,85
15003000600,1370,1343,27
15003000700,3016,2760,256
15003000800,3719,3637,82
15003000901,2753,2697,56
15003000902,4022,3582,440
15003000903,2756,2517,239
15003001000,3359,2933,426
15003001100,3764,3569,195
15003001201,3015,2706,309
15003001202,3032,2660,372
15003001300,4562,4320,242
15003001400,2720,2691,29
15003001500,3451,3273,178
15003001600,3817,3610,207
15003001700,1871,1803,68
15003001801,1240,1119,121
15003001803,2908,2639,269
15003001804,1541,1476,65
15003001901,278,247,31
15003001903,3086,2909,177
15003001904,2986,2761,225
15003002003,2444,2325,119
15003002004,1286,1217,69
15003002005,1822,1622,200
15003002006,1774,1714,60
15003002100,3696,3427,269
15003002201,3491,3343,148
15003002202,3332,3147,185
15003002300,5194,4862,332
15003002401,3396,3211,185
15003002402,3242,3177,65
15003002500,4312,3979,333
15003002600,4154,3991,163
15003002701,5278,4970,308
15003002702,5121,4844,277
15003002800,3648,3545,103
15003002900,2380,2310,70
15003003000,4940,4731,209
15003003101,4108,3984,124
15003003102,3438,3432,6
15003003200,816,794,22
15003003300,1233,1170,63
15003003403,5551,5199,352
15003003404,4739,4514,225
15003003405,3343,3152,191
15003003406,6026,5451,575
15003003407,871,847,24
15003003501,2339,2232,107
15003003502,3546,3435,111
15003003601,3706,3376,330
15003003603,3010,2947,63
15003003604,2164,2132,32
15003003700,6357,6174,183
15003003800,4403,4292,111
15003003900,286,275,11
15003004000,1144,1075,69
15003004100,4136,3886,250
15003004200,3453,3345,108
15003004300,5348,5094,254
15003004400,5855,5449,406
15003004500,5214,4890,324
15003004600,3849,3751,98
15003004700,4999,4737,262
15003004800,7125,6422,703
15003004900,3135,2841,294
15003005000,4775,4520,255
15003005100,3287,3190,97
15003005200,2860,2825,35
15003005300,3954,3601,353
15003005400,1669,1529,140
15003005500,2091,1996,95
15003005600,7428,6108,1320
15003005700,2420,2188,232
15003005800,3290,2985,305
15003005900,4124,3739,385
15003006000,6542,6021,521
15003006100,4431,4093,338
15003006201,6433,5951,482
15003006202,1731,1605,126
15003006301,3966,3387,579
15003006302,3017,2831,186
15003006401,2431,2261,170
15003006402,7775,7024,751
15003006500,4472,4219,253
15003006600,603,553,50
15003006701,6369,6280,89
15003006702,2545,2216,329
15003006802,8545,7656,889
15003006804,4967,4156,811
15003006805,6195,5907,288
15003006806,1919,1875,44
15003006808,5127,4944,183
15003006809,5472,4981,491
15003006900,4041,3352,689
15003007000,4313,3331,982
15003007100,3494,2877,617
15003007302,5038,4329,709
15003007303,422,380,42
15003007400,4908,4213,695
15003007502,793,668,125
15003007503,4958,4480,478
15003007504,3400,2756,644
15003007505,5938,5535,403
15003007506,416,400,16
15003007701,4526,4155,371
15003007702,5068,4902,166
15003007804,2255,1983,272
15003007805,4928,4232,696
15003007807,5144,4792,352
15003007808,3611,3023,588
15003007809,3494,3223,271
15003007810,5470,5333,137
15003007811,4723,4483,240
15003008001,2058,1700,358
15003008002,2863,2687,176
15003008003,4832,3810,1022
15003008005,6606,6227,379
15003008006,4801,4713,88
15003008007,6256,6069,187
15003008301,5142,3987,1155
15003008302,7140,6612,528
15003008402,8025,7260,765
15003008405,4162,3577,585
15003008406,6594,5869,725
15003008407,3851,3349,502
15003008408,7289,6470,819
15003008410,4091,3547,544
15003008411,3355,3019,336
15003008412,6100,5154,946
15003008502,2969,2524,445
15003008606,11200,10054,1146
15003008609,1985,1799,186
15003008610,1015,941,74
15003008611,60,48,12
15003008612,6244,5320,924
15003008613,1085,1045,40
15003008614,9408,8409,999
15003008617,10681,8975,1706
15003008622,4439,3995,444
15003008701,8917,8229,688
15003008702,6127,5647,480
15003008703,7324,6394,930
15003008800,9252,8803,449
15003008906,4071,3680,391
15003008907,4186,3399,787
15003008908,6042,5612,430
15003008909,4058,3307,751
15003008912,2696,2456,240
15003008913,4475,4329,146
15003008914,5420,4882,538
15003008915,5169,4665,504
15003008917,4501,4130,371
15003008918,5602,4860,742
15003008920,4524,3984,540
15003008921,2562,2117,445
15003008922,7648,7106,542
15003008923,4572,4131,441
15003008924,7302,6849,453
15003008925,7122,6735,387
15003008926,1492,1419,73
15003008927,5288,4750,538
15003008928,3965,3601,364
15003008929,4323,4096,227
15003008930,2280,2270,10
15003008931,3453,3228,225
15003009000,2598,2030,568
15003009100,5284,4851,433
15003009200,7575,6630,945
15003009300,4794,4269,525
15003009400,5332,4758,574
15003009501,6235,4189,2046
15003009502,4972,3763,1209
15003009503,3952,3284,668
15003009504,1438,1251,187
15003009507,3733,3098,635
15003009603,9319,7983,1336
15003009608,5061,3776,1285
15003009701,6417,5146,1271
15003009703,6657,5803,854
15003009704,3938,3524,414
15003009801,2493,2092,401
15003009802,7232,5462,1770
15003009902,3232,2760,472
15003009904,5874,5053,821
15003010000,3616,3164,452
15003010100,7841,7323,518
15003010201,5038,4436,602
15003010202,7472,6935,537
15003010303,4755,4412,343
15003010305,4631,3784,847
15003010306,6256,5776,480
15003010308,3382,3357,25
15003010503,1807,1690,117
15003010504,4801,4381,420
15003010505,3162,2953,209
15003010507,5970,4905,1065
15003010508,2737,2479,258
15003010601,3554,3400,154
15003010602,5271,4858,413
15003010701,3993,3961,32
15003010702,3550,3440,110
15003010801,3671,2927,744
15003010802,7401,5872,1529
15003010901,2998,2798,200
15003010903,4267,3869,398
15003010904,3290,3107,183
15003010905,2568,2199,369
15003011000,4201,3937,264
15003011103,3792,3664,128
15003011104,4812,4360,452
15003011105,3437,3155,282
15003011106,5794,5360,434
15003011201,4634,4374,260
15003011202,1521,1463,58
15003011300,6296,5632,664
15003011400,3907,3171,736
15003011500,8006,6408,1598
15003940001,4460,4119,341
15003940002,7185,6181,1004
15003980000,0,0,0
15003980200,803,682,121
15003980300,0,0,0
15003980600,0,0,0
15003980700,0,0,0
15003980800,0,0,0
15003981000,0,0,0
15003981100,25,14,11
15003981200,0,0,0
15003981300,0,0,0
15003981400,4,4,0
15003990001,0,0,0
15005031900,91,88,3
15005990000,0,0,0
15007040103,5745,5391,354
15007040104,609,577,32
15007040204,6014,5570,444
15007040205,4016,3583,433
15007040300,8370,7455,915
15007040400,11023,9970,1053
15007040500,7001,6364,637
15007040603,3072,2670,402
15007040604,3179,2809,370
15007040700,9164,7735,1429
15007040800,3984,3377,607
15007040900,5041,4483,558
15007041200,0,0,0
15007940000,3229,2957,272
15007990100,0,0,0
15007990200,0,0,0
15007990300,0,0,0
15009030100,1755,1703,52
15009030201,2035,1830,205
15009030202,7498,6978,520
15009030301,9465,8771,694
15009030303,3825,3647,178
15009030402,8991,8180,811
15009030403,3518,3280,238
15009030404,5196,4517,679
15009030501,2566,2330,236
15009030705,3937,3012,925
15009030706,2513,2252,261
15009030707,9258,7493,1765
15009030708,2922,2552,370
15009030709,3334,3043,291
15009030710,2066,1963,103
15009030800,7582,6596,986
15009030901,2562,2210,352
15009030902,3523,2893,630
15009030903,6577,5894,683
15009031000,9075,8175,900
15009031101,9483,7880,1603
15009031102,6272,5422,850
15009031103,9200,8721,479
15009031402,2944,2691,253
15009031404,3562,2931,631
15009031405,6169,5815,354
15009031501,2317,2218,99
15009031502,4603,3964,639
15009031503,2233,1649,584
15009031601,3455,3048,407
15009031700,4453,4233,220
15009031801,2921,2733,188
15009031900,5735,5316,419
15009032000,911,860,51
15009980000,0,0,0
15009990000,0,0,0
15009990200,0,0,0
15009991200,0,0,0
16001000100,4030,3558,472
16001000201,3300,3237,63
16001000202,5614,5329,285
16001000302,3266,3030,236
16001000303,1919,1723,196
16001000304,6566,6290,276
16001000400,5514,5214,300
16001000500,6218,5897,321
16001000600,5171,4736,435
16001000701,4875,4658,217
16001000702,3121,3026,95
16001000802,5782,5497,285
16001000803,4275,4070,205
16001000804,6604,6354,250
16001000805,3104,3036,68
16001000900,6049,5109,940
16001001000,6692,6112,580
16001001100,4202,3076,1126
16001001201,3163,3034,129
16001001202,6454,5915,539
16001001400,4715,4110,605
16001001500,3758,3460,298
16001001600,4633,4119,514
16001001700,6094,5274,820
16001001800,4532,4355,177
16001001900,4862,4357,505
16001002000,4356,3561,795
16001002100,2002,1956,46
16001002221,8733,8370,363
16001002222,6034,5514,520
16001002223,4438,4327,111
16001002224,6605,6077,528
16001002302,9899,7714,2185
16001002310,10691,9048,1643
16001002312,5530,4707,823
16001002313,4207,3728,479
16001002410,7349,6720,629
16001002411,5380,4979,401
16001002412,3879,3747,132
16001002413,9088,8173,915
16001010100,6493,6377,116
16001010201,10558,9704,854
16001010221,7156,6825,331
16001010223,6482,5948,534
16001010224,4854,4759,95
16001010225,9286,8726,560
16001010313,21859,20755,1104
16001010321,7273,6339,934
16001010322,7247,6153,1094
16001010331,21119,20593,526
16001010332,14735,13586,1149
16001010333,11583,10906,677
16001010334,6686,6067,619
16001010335,24508,23654,854
16001010401,22726,21606,1120
16001010402,12140,11237,903
16001010501,6520,5388,1132
16001010503,4705,4473,232
16001010504,7164,6600,564
16003950100,1536,1428,108
16003950200,2329,2315,14
16005000200,3842,3713,129
16005000300,9219,8233,986
16005000400,5561,5209,352
16005000500,1936,1840,96
16005000600,3895,3757,138
16005000700,4175,3835,340
16005000800,2342,2094,248
16005000900,2742,2550,192
16005001000,3234,2999,235
16005001101,7528,6827,701
16005001102,3536,3055,481
16005001200,3277,3054,223
16005001300,2650,2102,548
16005001400,4060,3633,427
16005001500,5978,5539,439
16005001601,2452,2189,263
16005001602,3594,3378,216
16005001603,3100,2917,183
16005001700,3316,3215,101
16005001900,4773,4632,141
16005940000,2334,2102,232
16005981800,271,264,7
16007950100,3450,3305,145
16007950200,2478,2380,98
16009940000,4519,4284,235
16009950100,4549,4484,65
16011940000,2801,2395,406
16011950100,8211,7343,868
16011950200,3941,3658,283
16011950300,5436,3820,1616
16011950400,6635,5716,919
16011950500,7408,5689,1719
16011950600,5744,4230,1514
16011950700,5085,4373,712
16013960100,4846,3995,851
16013960200,9888,7040,2848
16013960300,3514,3220,294
16013960500,3179,2728,451
16015950200,6891,6631,260
16017950100,2036,2020,16
16017950200,9293,8993,300
16017950300,3322,3183,139
16017950400,7168,6914,254
16017950500,3410,3321,89
16017950600,1949,1902,47
16017950700,4795,4781,14
16017950800,5454,5377,77
16017950900,3962,3755,207
16019970100,5246,5143,103
16019970300,6472,6038,434
16019970401,2534,2392,142
16019970402,4091,3994,97
16019970403,11303,8600,2703
16019970501,8553,7670,883
16019970502,5474,5135,339
16019970503,5325,5009,316
16019970601,2855,2464,391
16019970602,5648,4896,752
16019970603,2084,1969,115
16019970700,5914,4076,1838
16019970800,3842,3676,166
16019970900,4838,4569,269
16019971000,5130,4577,553
16019971100,3363,3035,328
16019971200,4168,3246,922
16019971301,6685,5554,1131
16019971302,4906,3972,934
16019971400,8872,7998,874
16019971500,1686,1459,227
16021970100,5836,5609,227
16021970200,5305,5039,266
16023970100,2592,2491,101
16025970100,968,886,82
16027020100,1078,915,163
16027020200,4203,2085,2118
16027020300,4931,3485,1446
16027020401,8975,6552,2423
16027020402,5611,4465,1146
16027020501,3506,2776,730
16027020503,3221,2823,398
16027020504,5608,4538,1070
16027020601,5828,4551,1277
16027020602,7668,5804,1864
16027020700,3692,3155,537
16027020901,13641,10879,2762
16027020902,15111,13128,1983
16027021001,13550,8465,5085
16027021002,10546,7104,3442
16027021100,16258,13935,2323
16027021200,7167,4160,3007
16027021300,2914,1279,1635
16027021500,5177,4279,898
16027021600,4160,2885,1275
16027021700,12246,6988,5258
16027021800,6362,4943,1419
16027021901,5861,5251,610
16027021903,10290,9719,571
16027021904,3834,2512,1322
16027022100,5412,3969,1443
16027022200,5275,3481,1794
16027022300,5961,4716,1245
16027022400,4696,3999,697
16029960100,4012,3695,317
16029960200,2801,2755,46
16031950100,3331,2969,362
16031950200,3171,2555,616
16031950300,4799,3434,1365
16031950400,4078,2013,2065
16031950500,5347,4351,996
16031950600,2715,1871,844
16033950100,960,506,454
16035940000,5587,5316,271
16035970100,2941,2883,58
16037960200,4185,4053,132
16039960100,2589,2095,494
16039960200,9096,7684,1412
16039960300,3770,3480,290
16039960400,7554,5782,1772
16039960500,3094,2858,236
16041970100,5900,5563,337
16041970200,7113,6579,534
16043970100,1121,1107,14
16043970200,3740,3166,574
16043970300,8035,7034,1001
16045960100,4215,4149,66
16045960200,5390,5020,370
16045960300,7248,6322,926
16047960100,7655,5499,2156
16047960200,7502,5270,2232
16049940000,4572,4427,145
16049960100,2090,2004,86
16049960200,6194,6035,159
16049960300,2215,2103,112
16049960400,1180,1175,5
16051960100,3451,2474,977
16051960200,4239,4060,179
16051960300,7611,7295,316
16051960400,11795,10457,1338
16053970100,3229,2125,1104
16053970200,4312,2592,1720
16053970300,4854,3797,1057
16053970400,3324,1478,1846
16053970500,6975,5080,1895
16055000100,6274,6015,259
16055000200,9154,8921,233
16055000301,5763,5308,455
16055000302,7034,6680,354
16055000401,6249,5768,481
16055000402,7933,7716,217
16055000500,12462,12092,370
16055000601,4317,4075,242
16055000602,5843,5543,300
16055000700,17229,16389,840
16055000800,4644,4559,85
16055000900,5031,4814,217
16055001001,6544,6463,81
16055001002,4417,4292,125
16055001100,2092,2010,82
16055001200,6885,6641,244
16055001300,4799,4348,451
16055001400,2881,2746,135
16055001500,3298,3114,184
16055001600,2820,2751,69
16055001700,4520,4328,192
16055001800,8435,8208,227
16055001900,2830,2722,108
16055002000,3717,3567,150
16055940000,2545,2427,118
16057005100,8249,7784,465
16057005200,6646,6580,66
16057005300,6787,6367,420
16057005400,6469,6077,392
16057005500,3742,3711,31
16057005600,3593,3477,116
16057005700,3107,3038,69
16059970100,2638,2565,73
16059970200,2815,2791,24
16059970300,2290,2156,134
16061940001,1801,1709,92
16061940002,2001,1933,68
16061950300,24,24,0
16063950100,5292,3715,1577
16065950100,6108,5650,458
16065950200,4159,3740,419
16065950301,4144,3947,197
16065950302,12624,11740,884
16065950400,5799,5503,296
16065950500,5280,4895,385
16067970100,3259,2207,1052
16067970200,5601,3972,1629
16067970300,3042,2243,799
16067970400,4048,2775,1273
16067970500,4381,2265,2116
16069940000,4793,4444,349
16069960200,325,325,0
16069960300,4896,4811,85
16069960400,3429,3128,301
16069960500,3512,3443,69
16069960600,4776,4749,27
16069960700,5618,5520,98
16069960800,3697,3487,210
16069960900,3312,3196,116
16069961000,5637,5463,174
16071960100,4269,4107,162
16073950101,4274,2741,1533
16073950102,3409,2578,831
16073950200,3673,3036,637
16075960100,6173,4873,1300
16075960200,3298,2474,824
16075960300,8289,6955,1334
16075960400,5013,4675,338
16077960100,1881,1725,156
16077960200,5815,3484,2331
16079960200,4051,3936,115
16079960300,3762,3643,119
16079960400,4738,4560,178
16081960100,10437,8623,1814
16083000200,6317,5476,841
16083000300,5297,4398,899
16083000400,4224,3049,1175
16083000500,5611,5232,379
16083000600,3060,2846,214
16083000700,12414,10950,1464
16083000800,5953,5253,700
16083000900,5132,4681,451
16083001000,9138,7704,1434
16083001100,3728,3129,599
16083001200,7914,5761,2153
16083001300,8337,7362,975
16083001400,1134,714,420
16083001500,2696,2165,531
16085970100,2614,2592,22
16085970200,2816,2806,10
16085970300,4467,4388,79
16087970100,1634,1602,32
16087970200,3912,3107,805
16087970300,4489,3583,906
17001000100,4569,4359,210
17001000201,1937,1912,25
17001000202,2563,2499,64
17001000400,3403,3395,8
17001000500,2298,2262,36
17001000600,3764,3760,4
17001000700,1259,1234,25
17001000800,2700,2563,137
17001000900,2671,2671,0
17001001001,3577,3555,22
17001001002,3691,3615,76
17001001100,8160,8049,111
17001010100,4323,4254,69
17001010200,3436,3401,35
17001010300,6038,5982,56
17001010400,3508,3484,24
17001010500,3131,3131,0
17001010600,5921,5864,57
17003957600,2363,2347,16
17003957700,1788,1717,71
17003957800,1527,1503,24
17003957900,1373,1357,16
17005951200,2791,2791,0
17005951300,6743,6380,363
17005951400,3080,2973,107
17005951500,4523,4395,128
17007010100,8137,4668,3469
17007010200,5611,3873,1738
17007010300,6535,5472,1063
17007010400,6901,5797,1104
17007010500,10348,9459,889
17007010601,4099,3131,968
17007010602,12025,10236,1789
17009970400,2749,2717,32
17009970500,4087,3870,217
17011964700,2983,2966,17
17011964800,3680,3538,142
17011964900,2523,2380,143
17011965000,3636,2460,1176
17011965100,4083,3526,557
17011965200,3363,3134,229
17011965300,3401,3342,59
17011965400,3576,3260,316
17011965500,3790,3609,181
17011965600,2787,2733,54
17013951200,2683,2638,45
17013951300,2279,2272,7
17015960100,3403,3255,148
17015960200,2130,2130,0
17015960300,3116,2862,254
17015960400,2050,2022,28
17015960500,2716,2666,50
17015960600,1378,1355,23
17017960100,2337,2284,53
17017960200,2408,2289,119
17017960300,3142,2654,488
17017960400,2447,1683,764
17017960500,2734,1747,987
17019000200,1655,1547,108
17019000301,4475,4148,327
17019000302,3081,2904,177
17019000401,4996,4776,220
17019000402,4476,4154,322
17019000500,3618,3510,108
17019000700,3449,2536,913
17019000800,5698,5397,301
17019000901,4597,4090,507
17019000902,7046,6684,362
17019001000,4552,4520,32
17019001100,3834,3551,283
17019001201,6691,6223,468
17019001203,5005,4816,189
17019001204,3889,3815,74
17019001205,6511,6128,383
17019001206,1830,1816,14
17019001301,6060,5865,195
17019001302,3901,3844,57
17019001400,6655,6092,563
17019005300,6248,5996,252
17019005401,3657,3076,581
17019005402,3629,3216,413
17019005500,5131,5043,88
17019005600,6493,6162,331
17019005701,4747,4610,137
17019005702,3118,3090,28
17019005800,4015,3824,191
17019005900,6330,5931,399
17019006000,3531,3287,244
17019010100,4901,4056,845
17019010204,4504,4084,420
17019010300,3910,3601,309
17019010400,4610,4464,146
17019010500,4494,4453,41
17019010601,5937,5627,310
17019010603,7463,7240,223
17019010604,2797,2737,60
17019010700,8107,8022,85
17019010800,4430,4373,57
17019010900,9804,9335,469
17019011000,4269,4080,189
17019011100,2276,2118,158
17021958100,2777,2759,18
17021958200,3792,3670,122
17021958300,4470,4416,54
17021958400,3641,3638,3
17021958500,2529,2529,0
17021958600,2189,2114,75
17021958700,4594,4507,87
17021958800,2808,2780,28
17021958900,2681,2681,0
17021959000,4407,4282,125
17023060100,4800,4743,57
17023060200,3966,3913,53
17023060300,5384,5271,113
17023060400,1939,1935,4
17025971900,2476,2363,113
17025972000,2759,2751,8
17025972100,5254,5252,2
17025972200,2977,2918,59
17027900100,6225,6124,101
17027900200,2029,2024,5
17027900300,7114,7045,69
17027900401,1269,1207,62
17027900402,5183,5045,138
17027900500,6886,6479,407
17027900601,2458,2434,24
17027900602,6694,6346,348
17029000100,2894,2801,93
17029000200,6268,6161,107
17029000300,4357,4314,43
17029000400,2428,2402,26
17029000500,6934,6864,70
17029000600,3711,3685,26
17029000700,6499,6157,342
17029000800,4792,4530,262
17029000900,4364,4280,84
17029001000,3457,3422,35
17029001100,3568,3500,68
17029001200,3530,3462,68
17031010100,4388,3808,580
17031010201,7032,5734,1298
17031010202,2275,1695,580
17031010300,6205,5270,935
17031010400,5603,5197,406
17031010501,3906,3687,219
17031010502,3045,2658,387
17031010503,2112,1865,247
17031010600,6624,4912,1712
17031010701,3921,2508,1413
17031010702,5608,3098,2510
17031020100,4025,3418,607
17031020200,6796,5683,1113
17031020301,5297,4823,474
17031020302,4940,4161,779
17031020400,4624,3760,864
17031020500,5927,4306,1621
17031020601,6380,5713,667
17031020602,4378,3283,1095
17031020701,1692,1428,264
17031020702,7795,6355,1440
17031020801,5084,3771,1313
17031020802,7436,6585,851
17031020901,5203,3571,1632
17031020902,4146,3500,646
17031030101,3547,2883,664
17031030102,2914,2593,321
17031030103,2313,1967,346
17031030104,3484,3078,406
17031030200,5251,4262,989
17031030300,3174,1954,1220
17031030400,2584,1810,774
17031030500,6468,4654,1814
17031030601,4001,3412,589
17031030603,1954,1730,224
17031030604,2973,2875,98
17031030701,1654,1468,186
17031030702,1572,1527,45
17031030703,2727,2322,405
17031030706,3590,3381,209
17031030800,4184,3880,304
17031030900,3040,2553,487
17031031000,3987,3410,577
17031031100,4377,3575,802
17031031200,5756,5141,615
17031031300,7800,7149,651
17031031400,5068,4523,545
17031031501,4118,3786,332
17031031502,4052,3326,726
17031031700,6925,5852,1073
17031031800,1770,1450,320
17031031900,2327,1929,398
17031032100,6685,5711,974
17031040100,3996,3211,785
17031040201,6703,5294,1409
17031040202,7188,5672,1516
17031040300,2939,2627,312
17031040401,3179,2454,725
17031040402,4969,4215,754
17031040600,2560,2139,421
17031040700,3393,2594,799
17031040800,1838,1692,146
17031040900,2153,2059,94
17031050100,2584,2198,386
17031050200,4953,4398,555
17031050300,2633,2041,592
17031050500,6129,5605,524
17031050600,2164,2034,130
17031050700,1610,1564,46
17031050800,1436,1261,175
17031050900,1452,1314,138
17031051000,1708,1332,376
17031051100,1516,1267,249
17031051200,1699,1483,216
17031051300,2691,2513,178
17031051400,1852,1589,263
17031060100,2708,2391,317
17031060200,2255,1770,485
17031060300,3259,2973,286
17031060400,3971,3490,481
17031060500,1264,1042,222
17031060800,5042,4779,263
17031060900,7062,5679,1383
17031061000,1878,1558,320
17031061100,1508,1472,36
17031061200,2061,1953,108
17031061500,1820,1704,116
17031061800,1216,1100,116
17031061901,3810,3431,379
17031061902,4327,4136,191
17031062000,2942,2839,103
17031062100,3671,3430,241
17031062200,2878,2732,146
17031062300,1682,1577,105
17031062400,1486,1415,71
17031062500,1531,1400,131
17031062600,2247,2031,216
17031062700,2880,2713,167
17031062800,3760,3511,249
17031062900,3920,3849,71
17031063000,3302,2971,331
17031063100,2374,2280,94
17031063200,7124,6789,335
17031063301,2596,2453,143
17031063302,4336,4063,273
17031063303,1292,1244,48
17031063400,2060,1907,153
17031070101,3671,3559,112
17031070102,2779,2507,272
17031070103,1562,1462,100
17031070200,3985,3659,326
17031070300,3490,3354,136
17031070400,3400,3143,257
17031070500,3183,3047,136
17031070600,3366,2993,373
17031070700,4342,3731,611
17031071000,4079,3838,241
17031071100,2898,2783,115
17031071200,1993,1752,241
17031071300,3809,3627,182
17031071400,4703,4345,358
17031071500,5977,5639,338
17031071600,1712,1654,58
17031071700,1780,1673,107
17031071800,2841,2728,113
17031080100,6823,6475,348
17031080201,3246,3220,26
17031080202,3661,3508,153
17031080300,4748,4416,332
17031080400,4074,3984,90
17031081000,7380,6876,504
17031081100,3744,3461,283
17031081201,4381,4033,348
17031081202,3009,2888,121
17031081300,5161,4944,217
17031081401,2251,2178,73
17031081402,4742,4611,131
17031081403,7544,7187,357
17031081500,5015,4754,261
17031081600,3816,3627,189
17031081700,3338,3128,210
17031081800,8265,7797,468
17031081900,1007,982,25
17031090100,3293,2933,360
17031090200,6556,6214,342
17031090300,1301,1251,50
17031100100,5095,4523,572
17031100200,6548,5777,771
17031100300,5943,5587,356
17031100400,3061,2651,410
17031100500,5611,5049,562
17031100600,5030,4192,838
17031100700,4714,4021,693
17031110100,5248,4011,1237
17031110200,3057,2570,487
17031110300,5241,4200,1041
17031110400,4442,3277,1165
17031110501,5232,3940,1292
17031110502,3535,2632,903
17031120100,3820,3420,400
17031120200,4613,4143,470
17031120300,6600,5990,610
17031120400,3598,2639,959
17031130100,5510,5179,331
17031130200,1664,1381,283
17031130300,5496,4383,1113
17031140100,3558,1740,1818
17031140200,6138,3588,2550
17031140301,2779,952,1827
17031140302,4152,2451,1701
17031140400,7056,4546,2510
17031140500,4366,2401,1965
17031140601,2757,1152,1605
17031140602,5360,1915,3445
17031140701,2733,1476,1257
17031140702,6090,2185,3905
17031140800,6586,4277,2309
17031150200,7767,5451,2316
17031150300,8095,5326,2769
17031150401,4999,3508,1491
17031150402,3527,2300,1227
17031150501,4243,3031,1212
17031150502,4270,2823,1447
17031150600,4064,2412,1652
17031150700,4357,2313,2044
17031150800,5020,2195,2825
17031151001,2358,1003,1355
17031151002,4438,1200,3238
17031151100,5486,2389,3097
17031151200,3574,2078,1496
17031160100,2556,1883,673
17031160200,3127,2340,787
17031160300,3969,3166,803
17031160400,4819,2796,2023
17031160501,4306,1515,2791
17031160502,4023,1480,2543
17031160601,4263,1807,2456
17031160602,3909,2160,1749
17031160700,6161,3854,2307
17031160800,5275,2608,2667
17031160900,2492,1797,695
17031161000,1932,1254,678
17031161100,1820,1507,313
17031161200,2948,1185,1763
17031161300,3817,1332,2485
17031170100,1894,1660,234
17031170200,4023,2334,1689
17031170300,5203,3368,1835
17031170400,3867,3027,840
17031170500,5316,4233,1083
17031170600,2737,2109,628
17031170700,3043,2410,633
17031170800,3860,2760,1100
17031170900,1711,1145,566
17031171000,7943,5525,2418
17031171100,3847,2314,1533
17031180100,5621,2864,2757
17031190100,2593,378,2215
17031190200,5502,1217,4285
17031190300,5100,1882,3218
17031190401,3917,1607,2310
17031190402,5022,1293,3729
17031190601,4778,756,4022
17031190602,5678,1241,4437
17031190701,2785,647,2138
17031190702,5006,790,4216
17031190800,6948,960,5988
17031190900,1994,330,1664
17031191000,2649,254,2395
17031191100,7705,682,7023
17031191200,3854,243,3611
17031191301,5868,755,5113
17031191302,5197,676,4521
17031200100,4625,1215,3410
17031200200,4866,660,4206
17031200300,2136,181,1955
17031200401,3722,329,3393
17031200402,4186,254,3932
17031210100,3480,1868,1612
17031210400,2682,973,1709
17031210501,3972,1497,2475
17031210502,4686,1292,3394
17031210601,2686,803,1883
17031210602,3997,1623,2374
17031210700,4282,1674,2608
17031210800,1165,490,675
17031210900,3067,1558,1509
17031220300,2306,1572,734
17031220400,2564,1586,978
17031220500,2771,2180,591
17031220601,1917,968,949
17031220602,5163,3077,2086
17031220701,3403,982,2421
17031220702,3948,1177,2771
17031220901,3064,970,2094
17031220902,2954,536,2418
17031221000,3008,908,2100
17031221100,5259,2912,2347
17031221200,3069,1686,1383
17031221300,2573,1682,891
17031221400,2994,1381,1613
17031221500,2816,1797,1019
17031221600,2950,2293,657
17031222200,2095,1883,212
17031222500,1535,631,904
17031222600,1681,953,728
17031222700,2760,1004,1756
17031222800,1107,139,968
17031222900,901,212,689
17031230100,1587,848,739
17031230200,2268,590,1678
17031230300,1092,94,998
17031230400,2430,292,2138
17031230500,3559,502,3057
17031230600,6445,2576,3869
17031230700,5267,820,4447
17031230800,1339,170,1169
17031230900,5435,2100,3335
17031231100,1294,798,496
17031231200,5783,3264,2519
17031231500,6990,6369,621
17031240200,1525,1285,240
17031240300,1312,1230,82
17031240500,2275,2021,254
17031240600,1548,986,562
17031240700,1630,772,858
17031240800,1672,634,1038
17031240900,1152,525,627
17031241000,2093,1087,1006
17031241100,3822,2419,1403
17031241200,1956,1504,452
17031241300,2028,1583,445
17031241400,5122,4712,410
17031241500,3077,2571,506
17031241600,3541,2471,1070
17031242000,4901,3399,1502
17031242100,3622,2805,817
17031242200,3642,2743,899
17031242300,3096,2809,287
17031242400,2767,2579,188
17031242500,3958,2592,1366
17031242600,6182,4345,1837
17031242700,1679,892,787
17031242800,1378,1070,308
17031242900,1673,1240,433
17031243000,2186,1383,803
17031243100,2445,1203,1242
17031243200,2243,1480,763
17031243300,2468,1687,781
17031243400,2677,1856,821
17031243500,3241,2942,299
17031250200,2867,1594,1273
17031250300,4864,3276,1588
17031250400,5051,3816,1235
17031250500,8015,5802,2213
17031250600,4088,3768,320
17031250700,5247,4684,563
17031250800,2444,1814,630
17031251000,1064,959,105
17031251100,4251,3906,345
17031251200,4307,3650,657
17031251300,4686,4209,477
17031251400,4694,4559,135
17031251500,4395,4024,371
17031251600,3863,3714,149
17031251700,1301,929,372
17031251800,5482,5323,159
17031251900,4866,4655,211
17031252000,5702,5647,55
17031252101,1462,1431,31
17031252102,6866,6866,0
17031252201,2851,2817,34
17031252202,5146,5035,111
17031260100,1201,1194,7
17031260200,1148,1114,34
17031260300,1639,1584,55
17031260400,1470,1470,0
17031260500,1679,1642,37
17031260600,1978,1949,29
17031260700,1911,1813,98
17031260800,2524,2512,12
17031260900,1450,1392,58
17031261000,2490,2458,32
17031270500,1890,1771,119
17031271200,1251,1224,27
17031271300,1341,1337,4
17031271400,1179,1177,2
17031271500,1452,1437,15
17031271800,967,967,0
17031280100,6725,6477,248
17031280400,1638,1628,10
17031280800,1002,977,25
17031280900,1007,982,25
17031281900,5358,4883,475
17031282700,2187,1631,556
17031282800,1583,1135,448
17031283100,2988,2860,128
17031283200,1505,1405,100
17031283800,3656,3196,460
17031290900,3904,3904,0
17031291200,2359,2316,43
17031291600,1068,253,815
17031292200,2863,2738,125
17031292400,2204,2160,44
17031292500,4104,3895,209
17031300500,2980,322,2658
17031300600,3347,649,2698
17031300700,4691,50,4641
17031300800,3999,68,3931
17031300900,4107,182,3925
17031301100,2708,174,2534
17031301200,3231,614,2617
17031301600,5114,283,4831
17031301701,4276,94,4182
17031301702,4477,71,4406
17031301801,4057,152,3905
17031301802,3253,67,3186
17031301803,5183,324,4859
17031310200,1521,787,734
17031310300,1800,667,1133
17031310400,1266,443,823
17031310500,1505,218,1287
17031310600,4654,1405,3249
17031310700,1327,365,962
17031310800,4095,553,3542
17031310900,5220,615,4605
17031320100,12695,11774,921
17031320400,3057,2865,192
17031320600,4624,4419,205
17031330100,18726,17602,1124
17031330200,3634,3548,86
17031340300,1824,1768,56
17031340400,2128,2061,67
17031340500,1490,1344,146
17031340600,885,882,3
17031350100,2077,2008,69
17031350400,1721,1716,5
17031351000,3831,3816,15
17031351100,2022,2012,10
17031351400,1785,1750,35
17031351500,456,437,19
17031360200,1609,1609,0
17031380100,1891,1891,0
17031380200,1770,1708,62
17031380500,767,766,1
17031380700,1085,1065,20
17031381200,1891,1857,34
17031381400,1705,1705,0
17031381500,298,282,16
17031381700,0,0,0
17031381800,1142,1136,6
17031381900,1257,1229,28
17031390100,1510,1450,60
17031390200,1674,1653,21
17031390300,2735,2718,17
17031390400,2370,2326,44
17031390500,1551,1464,87
17031390600,1885,1799,86
17031390700,5349,5161,188
17031400300,1312,1220,92
17031400400,1946,1926,20
17031400500,2273,2273,0
17031400800,3024,3024,0
17031410100,1777,1465,312
17031410200,1377,1256,121
17031410500,2567,2423,144
17031410600,2501,2325,176
17031410700,1998,1885,113
17031410800,3189,2820,369
17031410900,3075,2715,360
17031411000,3070,2844,226
17031411100,2292,2205,87
17031411200,1604,1553,51
17031420100,1378,1361,17
17031420200,1720,1683,37
17031420300,2524,2388,136
17031420400,1105,1026,79
17031420500,1968,1854,114
17031420600,2147,2077,70
17031420700,3375,3331,44
17031420800,2120,2015,105
17031421200,1526,1495,31
17031430101,3599,3524,75
17031430102,3037,2939,98
17031430200,4874,4874,0
17031430300,2118,2118,0
17031430400,2946,2920,26
17031430500,3334,3209,125
17031430600,1668,1654,14
17031430700,2526,2488,38
17031430800,1652,1647,5
17031430900,1382,1382,0
17031431200,3059,2991,68
17031431301,3194,3164,30
17031431302,4263,4145,118
17031431400,6361,6224,137
17031440101,3712,3605,107
17031440102,3431,3380,51
17031440201,5213,5130,83
17031440202,3514,3476,38
17031440300,4404,4404,0
17031440600,1881,1873,8
17031440700,1564,1564,0
17031440800,1699,1676,23
17031440900,2494,2493,1
17031450300,3737,3737,0
17031460100,3336,2587,749
17031460200,2551,1556,995
17031460301,2868,2026,842
17031460302,3362,3146,216
17031460400,3302,3285,17
17031460500,4666,4603,63
17031460600,982,857,125
17031460700,2569,1441,1128
17031461000,1703,1091,612
17031470100,2442,2442,0
17031480100,2066,2066,0
17031480200,1130,1130,0
17031480300,1238,1186,52
17031480400,5788,5711,77
17031480500,3084,2748,336
17031490300,2296,2250,46
17031490400,780,780,0
17031490500,2089,2077,12
17031490600,1528,1528,0
17031490700,2661,2640,21
17031490800,4266,4254,12
17031490901,3962,3904,58
17031490902,4936,4927,9
17031491000,4759,4759,0
17031491100,4369,4255,114
17031491200,2168,2152,16
17031491300,2338,2303,35
17031491400,3155,3122,33
17031500100,3073,3051,22
17031500200,2131,2111,20
17031500300,1416,1123,293
17031510100,2918,754,2164
17031510200,2413,1903,510
17031510300,5761,5745,16
17031520100,2181,322,1859
17031520200,3510,632,2878
17031520300,5835,886,4949
17031520400,4000,606,3394
17031520500,4638,1586,3052
17031520600,2849,572,2277
17031530100,2223,885,1338
17031530200,4429,4429,0
17031530300,4168,4127,41
17031530400,2004,1980,24
17031530501,4966,4938,28
17031530502,1510,1510,0
17031530503,5650,5612,38
17031530600,2622,2603,19
17031540101,3943,3770,173
17031540102,3439,3347,92
17031550100,6306,3291,3015
17031550200,2845,1278,1567
17031560100,1477,511,966
17031560200,1524,1078,446
17031560300,3332,1073,2259
17031560400,1697,602,1095
17031560700,3500,1324,2176
17031560800,6039,2995,3044
17031560900,5141,3551,1590
17031561000,5406,3413,1993
17031561100,5639,3088,2551
17031570100,1296,427,869
17031570200,1892,545,1347
17031570300,5995,1237,4758
17031570400,1770,267,1503
17031570500,2306,586,1720
17031580100,2966,964,2002
17031580200,3450,618,2832
17031580300,2352,337,2015
17031580400,4210,1063,3147
17031580501,5090,583,4507
17031580502,5404,866,4538
17031580600,5289,642,4647
17031580700,6124,693,5431
17031580800,1886,122,1764
17031590500,1835,900,935
17031590600,3838,993,2845
17031590700,3284,729,2555
17031600400,4470,3677,793
17031600600,2891,1863,1028
17031600700,2517,1830,687
17031600900,3516,2579,937
17031610300,6052,726,5326
17031610400,2040,81,1959
17031610800,1664,1229,435
17031611000,904,560,344
17031611100,2368,405,1963
17031611200,2512,630,1882
17031611300,2598,375,2223
17031611400,3481,239,3242
17031611500,3254,497,2757
17031611600,1699,1015,684
17031611700,1350,546,804
17031611800,2487,1310,1177
17031611900,2036,1666,370
17031612000,1452,1349,103
17031612100,960,948,12
17031620100,4939,739,4200
17031620200,2451,664,1787
17031620300,7868,1582,6286
17031620400,4674,381,4293
17031630100,935,177,758
17031630200,2237,166,2071
17031630300,5791,318,5473
17031630400,7155,417,6738
17031630500,6351,283,6068
17031630800,7420,479,6941
17031630900,5192,278,4914
17031640100,1473,613,860
17031640300,6809,3585,3224
17031640400,3844,2285,1559
17031640500,3484,2067,1417
17031640600,4357,2309,2048
17031640700,3404,1344,2060
17031640800,1829,470,1359
17031650100,4626,590,4036
17031650200,7788,1381,6407
17031650301,5887,1483,4404
17031650302,4267,623,3644
17031650400,6737,1183,5554
17031650500,4290,1166,3124
17031660301,1801,722,1079
17031660302,5402,1334,4068
17031660400,6458,571,5887
17031660500,5005,919,4086
17031660600,6378,3986,2392
17031660700,2170,2120,50
17031660800,5291,3064,2227
17031660900,4255,4057,198
17031661000,5128,4777,351
17031661100,6241,3073,3168
17031670100,1192,1137,55
17031670200,827,734,93
17031670300,1198,1023,175
17031670400,1809,1561,248
17031670500,1200,955,245
17031670600,1144,1051,93
17031670700,1130,1098,32
17031670800,1527,1506,21
17031670900,1596,1578,18
17031671100,1277,1275,2
17031671200,914,914,0
17031671300,1978,1898,80
17031671400,1720,1657,63
17031671500,2794,2436,358
17031671600,1960,1821,139
17031671800,1265,1198,67
17031671900,1120,1116,4
17031672000,3949,3759,190
17031680500,1378,1334,44
17031680600,1728,1728,0
17031680900,3035,3013,22
17031681000,3107,3024,83
17031681100,3311,3140,171
17031681200,2567,2455,112
17031681300,2187,2054,133
17031681400,2517,2517,0
17031690300,2428,2412,16
17031690400,3527,3459,68
17031690500,786,786,0
17031690900,4556,4486,70
17031691000,2536,2526,10
17031691100,3081,3038,43
17031691200,3252,3252,0
17031691300,2665,2608,57
17031691400,2923,2901,22
17031691500,2010,1971,39
17031700100,3347,2540,807
17031700200,6773,1507,5266
17031700301,6155,2028,4127
17031700302,5417,2632,2785
17031700401,6171,4291,1880
17031700402,4264,3183,1081
17031700501,7645,7425,220
17031700502,3511,3303,208
17031710100,1296,1258,38
17031710200,4939,4766,173
17031710300,1338,1324,14
17031710400,5364,5335,29
17031710500,4104,4015,89
17031710600,1934,1934,0
17031710700,2767,2737,30
17031710800,4606,4516,90
17031710900,2348,2300,48
17031711000,3121,3121,0
17031711100,2373,2373,0
17031711200,5041,5041,0
17031711300,1744,1692,52
17031711400,2331,2331,0
17031711500,2464,2413,51
17031720100,3459,3120,339
17031720200,4059,3806,253
17031720300,4093,3797,296
17031720400,1957,1846,111
17031720500,2194,2094,100
17031720600,1743,1699,44
17031720700,3331,3274,57
17031730100,2514,2484,30
17031730201,6286,6114,172
17031730202,3450,3443,7
17031730300,1135,1132,3
17031730400,3967,3918,49
17031730500,4357,4330,27
17031730600,3022,3022,0
17031730700,2324,2288,36
17031740100,3100,2777,323
17031740200,6679,5816,863
17031740300,4775,4325,450
17031740400,4475,4021,454
17031750100,4219,4084,135
17031750200,3218,3202,16
17031750300,2466,2325,141
17031750400,3224,3127,97
17031750500,6298,5882,416
17031750600,3594,3594,0
17031760801,4125,3860,265
17031760802,2503,2353,150
17031760803,6274,5562,712
17031770201,5732,5068,664
17031770202,4845,4410,435
17031770300,7090,6289,801
17031770400,4952,3760,1192
17031770500,4015,714,3301
17031770601,3324,2654,670
17031770602,5159,2558,2601
17031770700,2638,2289,349
17031770800,5617,4240,1377
17031770901,5531,5127,404
17031770902,3695,3484,211
17031800100,2581,2562,19
17031800200,6289,5887,402
17031800300,3524,3381,143
17031800400,3733,3672,61
17031800500,5148,4970,178
17031800600,2544,2474,70
17031800700,5047,4867,180
17031800800,2164,2110,54
17031800900,4377,4073,304
17031801000,4911,4818,93
17031801100,4675,4505,170
17031801200,3489,3357,132
17031801300,4699,4590,109
17031801400,2986,2713,273
17031801500,6196,6114,82
17031801601,4676,4603,73
17031801603,3999,3643,356
17031801605,5427,5290,137
17031801606,5949,5837,112
17031801607,5478,5290,188
17031801608,6634,6466,168
17031801701,3749,3615,134
17031801702,4770,4662,108
17031801800,5968,5968,0
17031801901,4084,3554,530
17031801902,3571,3402,169
17031802002,5136,4711,425
17031802003,2826,2231,595
17031802004,5118,4392,726
17031802100,3487,3441,46
17031802200,4520,4335,185
17031802300,5257,5120,137
17031802402,5713,3551,2162
17031802403,1439,1410,29
17031802404,7991,4788,3203
17031802503,5631,5170,461
17031802504,6872,4021,2851
17031802505,6680,3228,3452
17031802506,2654,1226,1428
17031802605,7081,6700,381
17031802607,1459,1401,58
17031802608,6564,6503,61
17031802609,6379,3563,2816
17031802610,1718,1640,78
17031802701,6749,5114,1635
17031802702,4561,4191,370
17031802801,4840,4407,433
17031802802,6712,6099,613
17031802900,5852,5761,91
17031803005,2828,2787,41
17031803007,4703,4526,177
17031803008,4484,4171,313
17031803010,4910,4541,369
17031803012,2322,2003,319
17031803013,5466,4871,595
17031803014,3289,2702,587
17031803015,4479,4021,458
17031803016,2597,2427,170
17031803017,6017,5444,573
17031803100,3443,3336,107
17031803200,5565,5097,468
17031803300,5691,5543,148
17031803400,6037,5633,404
17031803500,6093,5934,159
17031803603,6553,6424,129
17031803604,4222,3966,256
17031803605,7187,5766,1421
17031803606,8926,3855,5071
17031803607,5017,4644,373
17031803608,7784,6661,1123
17031803610,7616,6871,745
17031803611,6075,3198,2877
17031803612,3726,1692,2034
17031803701,2780,2680,100
17031803702,6022,5626,396
17031803800,4676,4010,666
17031803901,3339,3085,254
17031803902,3481,3118,363
17031804000,4508,3873,635
17031804102,6722,6524,198
17031804104,4892,4631,261
17031804105,4114,3960,154
17031804106,7211,6675,536
17031804108,4115,3738,377
17031804109,3003,2696,307
17031804201,8214,7654,560
17031804202,7746,7159,587
17031804305,7691,4943,2748
17031804306,5729,3230,2499
17031804308,5140,4376,764
17031804309,3215,1771,1444
17031804310,8813,7090,1723
17031804311,8384,6513,1871
17031804403,7052,3684,3368
17031804404,5400,2141,3259
17031804405,3434,1532,1902
17031804406,6674,3321,3353
17031804505,3457,2921,536
17031804506,5165,4619,546
17031804507,12695,11126,1569
17031804508,2448,1292,1156
17031804509,5882,2646,3236
17031804510,6796,1747,5049
17031804511,2817,1146,1671
17031804603,5538,4299,1239
17031804606,7369,6731,638
17031804607,6861,6338,523
17031804608,3500,3071,429
17031804609,5922,5553,369
17031804610,2359,2284,75
17031804611,4390,4222,168
17031804701,6768,4733,2035
17031804705,4078,3213,865
17031804706,2469,2365,104
17031804709,6083,5003,1080
17031804710,4172,3609,563
17031804711,8197,6219,1978
17031804712,5181,4411,770
17031804713,4848,4323,525
17031804714,3551,3071,480
17031804715,3280,1695,1585
17031804716,5205,4158,1047
17031804803,6147,5546,601
17031804804,6588,5399,1189
17031804805,6850,5773,1077
17031804806,3667,2521,1146
17031804807,4802,4155,647
17031804808,2724,2457,267
17031804809,4276,4247,29
17031804810,7248,6387,861
17031804901,6134,5802,332
17031804902,5671,4824,847
17031805001,4663,4229,434
17031805002,6706,5819,887
17031805105,7255,4074,3181
17031805106,3084,2912,172
17031805107,6851,4726,2125
17031805108,6475,4241,2234
17031805109,4374,4207,167
17031805110,4532,4404,128
17031805111,7573,4864,2709
17031805112,3267,2901,366
17031805201,3613,3225,388
17031805202,4382,4139,243
17031805301,3302,3130,172
17031805302,3731,3644,87
17031805401,3753,3424,329
17031805402,4626,4384,242
17031805501,3882,3704,178
17031805502,4042,3803,239
17031805600,4513,4353,160
17031805701,5037,4752,285
17031805702,1934,1856,78
17031805801,2424,2373,51
17031805802,4790,4293,497
17031805901,4121,3774,347
17031805902,6638,6095,543
17031806001,6315,5705,610
17031806002,7304,6086,1218
17031806003,7577,6555,1022
17031806004,7421,6032,1389
17031806102,4027,3497,530
17031806103,4970,4414,556
17031806104,4575,3856,719
17031806201,4877,3451,1426
17031806202,4325,3876,449
17031806300,4351,3675,676
17031806400,2684,1994,690
17031806501,2590,1941,649
17031806502,4460,2890,1570
17031806600,3450,2631,819
17031806700,4096,3731,365
17031806801,4022,3639,383
17031806802,2943,2734,209
17031806900,4699,4127,572
17031807000,6408,5467,941
17031807100,3401,3204,197
17031807200,5386,4978,408
17031807300,7530,7007,523
17031807400,7110,6126,984
17031807500,3501,3250,251
17031807600,6313,5842,471
17031807700,5827,4655,1172
17031807800,2737,2430,307
17031807900,4194,4049,145
17031808001,3672,3501,171
17031808002,4771,4438,333
17031808100,3413,3127,286
17031808200,5505,5097,408
17031808301,6232,5956,276
17031808302,3555,3159,396
17031808400,4473,4282,191
17031808500,4100,3678,422
17031808600,2277,2207,70
17031808702,5370,4811,559
17031808800,3730,3497,233
17031808900,4235,3950,285
17031809000,4157,4100,57
17031809100,3411,3338,73
17031809200,4998,3717,1281
17031809300,4733,4327,406
17031809400,5339,5047,292
17031809500,3973,3579,394
17031809600,3110,2455,655
17031809700,3950,2841,1109
17031809800,2778,2577,201
17031809900,3087,2799,288
17031810000,4853,4631,222
17031810100,4743,4137,606
17031810200,6065,5365,700
17031810301,3834,3113,721
17031810302,3106,2851,255
17031810400,5349,4861,488
17031810501,4994,4493,501
17031810502,5273,4612,661
17031810600,4352,3635,717
17031810701,5180,3111,2069
17031810702,3889,2673,1216
17031810800,5071,4062,1009
17031810900,6667,4618,2049
17031811000,4038,3453,585
17031811100,6035,4623,1412
17031811200,5620,3924,1696
17031811301,4783,1858,2925
17031811302,3576,1132,2444
17031811401,5032,3003,2029
17031811402,4465,2664,1801
17031811500,6175,3322,2853
17031811600,6196,4135,2061
17031811701,3736,1314,2422
17031811702,4721,2452,2269
17031811800,5432,2203,3229
17031811900,5883,5574,309
17031812000,5334,4942,392
17031812100,4674,4517,157
17031812200,4032,3872,160
17031812301,3925,3373,552
17031812302,2777,2513,264
17031812400,3449,3327,122
17031812500,3415,3145,270
17031812600,3260,2948,312
17031812700,3358,3079,279
17031812801,3006,2856,150
17031812802,2543,2174,369
17031812900,4761,4455,306
17031813000,3662,3318,344
17031813100,4716,4314,402
17031813200,4411,4109,302
17031813301,3409,349,3060
17031813302,3744,238,3506
17031813400,7796,997,6799
17031813500,6722,878,5844
17031813600,4744,310,4434
17031813701,3618,300,3318
17031813702,3776,492,3284
17031813801,3031,229,2802
17031813802,5303,688,4615
17031813900,6897,516,6381
17031814000,5121,801,4320
17031814100,4233,325,3908
17031814200,6635,775,5860
17031814300,4951,280,4671
17031814400,8223,1438,6785
17031814500,5769,801,4968
17031814600,5279,2158,3121
17031814700,6007,2225,3782
17031814800,6328,2735,3593
17031814900,6987,2907,4080
17031815000,3866,1242,2624
17031815100,4309,948,3361
17031815200,6283,2354,3929
17031815300,3572,1521,2051
17031815400,5223,2574,2649
17031815500,8560,2640,5920
17031815600,5156,3568,1588
17031815701,3644,3166,478
17031815702,5179,4310,869
17031815800,1562,1437,125
17031815900,4700,4528,172
17031816000,3319,3069,250
17031816100,6118,5231,887
17031816200,3940,2213,1727
17031816300,5036,1310,3726
17031816401,5401,875,4526
17031816402,4209,853,3356
17031816500,4516,888,3628
17031816600,4686,393,4293
17031816700,2812,753,2059
17031816800,5371,3821,1550
17031816900,5496,4118,1378
17031817000,5447,4155,1292
17031817101,4782,4357,425
17031817102,3421,2804,617
17031817200,4533,3522,1011
17031817300,2514,1921,593
17031817400,4077,1897,2180
17031817500,3654,2872,782
17031817600,4028,3458,570
17031817700,5223,4747,476
17031817900,5594,5344,250
17031818000,4340,3718,622
17031818100,2514,2044,470
17031818200,4559,3408,1151
17031818300,6137,4053,2084
17031818401,3497,2738,759
17031818402,3235,2795,440
17031818500,5304,4322,982
17031818600,4812,4193,619
17031818700,3538,2898,640
17031818800,5626,4902,724
17031818900,4802,4267,535
17031819000,4465,4303,162
17031819100,4856,2653,2203
17031819200,5746,3252,2494
17031819300,2890,2192,698
17031819400,5350,3894,1456
17031819500,3095,2775,320
17031819600,3793,3655,138
17031819700,5960,5842,118
17031819801,5547,5299,248
17031819802,2694,2533,161
17031819900,3474,3378,96
17031820000,2263,1999,264
17031820101,6834,6576,258
17031820103,4324,3014,1310
17031820104,4229,3426,803
17031820201,8091,7491,600
17031820202,3308,2079,1229
17031820300,5298,1901,3397
17031820400,6111,1788,4323
17031820501,6228,5139,1089
17031820502,5083,4261,822
17031820603,5415,4049,1366
17031820604,4105,3381,724
17031820605,4213,3602,611
17031820606,3801,3247,554
17031820700,6778,3072,3706
17031820800,4216,1719,2497
17031820901,5533,3809,1724
17031820902,4869,2857,2012
17031821001,5144,4079,1065
17031821002,5582,4218,1364
17031821101,4533,3429,1104
17031821102,4282,2715,1567
17031821200,6008,3358,2650
17031821300,5778,2945,2833
17031821401,3934,3466,468
17031821402,3221,3211,10
17031821500,1847,1785,62
17031821600,4566,3805,761
17031821700,4867,4813,54
17031821800,5432,4609,823
17031821900,4984,4610,374
17031822000,4343,4045,298
17031822101,4278,3518,760
17031822102,4700,3507,1193
17031822200,4161,3137,1024
17031822301,3907,3306,601
17031822302,4678,3885,793
17031822400,6179,5355,824
17031822500,4528,3678,850
17031822601,4747,3810,937
17031822602,7417,6505,912
17031822701,4338,3285,1053
17031822702,3285,2897,388
17031822801,3012,2392,620
17031822802,3394,2893,501
17031822900,2094,1723,371
17031823001,6431,5521,910
17031823002,5735,5005,730
17031823101,4517,4184,333
17031823102,3558,3246,312
17031823200,4560,3596,964
17031823302,6679,4384,2295
17031823303,4537,3448,1089
17031823304,5900,4291,1609
17031823400,5237,2566,2671
17031823500,4694,2578,2116
17031823602,6139,5997,142
17031823603,2417,1181,1236
17031823604,3563,3502,61
17031823605,4017,3833,184
17031823702,6456,5647,809
17031823703,7648,6666,982
17031823704,4312,3778,534
17031823705,4785,3947,838
17031823801,5295,4875,420
17031823803,6935,6355,580
17031823805,2852,2626,226
17031823806,3744,3424,320
17031823901,3808,3659,149
17031823903,4694,4253,441
17031823904,4283,4044,239
17031824003,6438,5918,520
17031824004,5571,5356,215
17031824005,5609,5271,338
17031824006,4051,3769,282
17031824105,6505,6048,457
17031824106,6943,6512,431
17031824107,6731,5965,766
17031824108,8041,7174,867
17031824113,7054,6411,643
17031824114,5207,5004,203
17031824115,3781,3349,432
17031824116,4863,4140,723
17031824117,9811,9329,482
17031824119,5806,5522,284
17031824120,8969,8530,439
17031824121,3110,2998,112
17031824122,6236,5888,348
17031824123,8049,6997,1052
17031824300,4260,4159,101
17031824400,2397,1905,492
17031824503,7183,6801,382
17031824505,6703,6029,674
17031824506,7574,6972,602
17031824507,4250,3861,389
17031824601,4786,4000,786
17031824602,6505,5783,722
17031824701,4199,3024,1175
17031824702,5920,4394,1526
17031824800,7987,3738,4249
17031824900,3128,2743,385
17031825000,4982,4390,592
17031825200,1964,1639,325
17031825302,6078,5172,906
17031825303,4071,3660,411
17031825304,4316,3766,550
17031825400,5366,4644,722
17031825501,5254,4880,374
17031825503,7095,6900,195
17031825504,3853,3821,32
17031825505,5427,5298,129
17031825600,5592,4927,665
17031825700,4212,3111,1101
17031825801,3397,3303,94
17031825802,5974,5376,598
17031825803,5339,4567,772
17031825900,3780,2894,886
17031826000,2986,2225,761
17031826100,7227,5863,1364
17031826201,3569,3498,71
17031826202,5829,5107,722
17031826301,3998,3503,495
17031826303,4292,4283,9
17031826304,2780,2675,105
17031826401,3811,3596,215
17031826402,5063,4770,293
17031826500,6505,6230,275
17031826600,5881,5788,93
17031826700,5319,5296,23
17031826800,5055,2913,2142
17031826901,1823,1474,349
17031826902,1096,1079,17
17031827000,3690,3213,477
17031827100,2791,2666,125
17031827200,4375,3363,1012
17031827300,2796,2422,374
17031827400,4292,3714,578
17031827500,5702,3318,2384
17031827600,3317,3293,24
17031827700,2894,2524,370
17031827801,5401,4936,465
17031827802,3551,3410,141
17031827804,3202,3002,200
17031827805,2683,2631,52
17031827901,2557,2433,124
17031827902,4833,3845,988
17031828000,5454,4672,782
17031828100,4557,3893,664
17031828201,4057,3599,458
17031828202,4461,3920,541
17031828300,3361,3017,344
17031828401,3661,3173,488
17031828402,3888,3238,650
17031828503,4632,4079,553
17031828504,6018,5597,421
17031828505,6335,5937,398
17031828506,9181,8426,755
17031828601,3925,3647,278
17031828602,4787,4575,212
17031828701,3753,3508,245
17031828702,5175,4685,490
17031828801,5750,4917,833
17031828802,3424,2802,622
17031828900,3140,1810,1330
17031829000,1313,1286,27
17031829100,3627,1187,2440
17031829200,5614,3135,2479
17031829301,4175,3323,852
17031829302,4444,3021,1423
17031829401,1210,1131,79
17031829402,3343,3160,183
17031829500,4141,2134,2007
17031829600,2918,2525,393
17031829700,4275,4098,177
17031829800,6616,6263,353
17031829901,8947,8043,904
17031829902,6434,6328,106
17031830001,2363,2138,225
17031830003,7579,7381,198
17031830004,7441,7182,259
17031830005,4182,4147,35
17031830006,2242,2097,145
17031830007,4969,4758,211
17031830008,4592,4471,121
17031830100,3045,2765,280
17031830201,5513,5413,100
17031830202,3628,3367,261
17031830300,4808,4668,140
17031830400,4676,4294,382
17031830500,4829,40,4789
17031830600,4781,2685,2096
17031830700,3431,2976,455
17031830800,2565,2242,323
17031830900,2948,1825,1123
17031831000,2191,2013,178
17031831100,8174,3045,5129
17031831200,4915,490,4425
17031831300,1082,483,599
17031831400,3017,2380,637
17031831500,3559,1476,2083
17031831600,7371,2543,4828
17031831700,2325,918,1407
17031831800,6073,4708,1365
17031831900,2633,2477,156
17031832000,1824,1699,125
17031832100,3157,2919,238
17031832200,3538,2866,672
17031832300,2007,1586,421
17031832400,3084,1919,1165
17031832500,3838,3505,333
17031832600,3852,3586,266
17031832900,2616,2320,296
17031833000,3206,3047,159
17031833100,7709,7059,650
17031833300,2636,2339,297
17031833900,2262,1199,1063
17031834000,3020,2980,40
17031834200,4539,4428,111
17031834300,6103,6035,68
17031834400,4454,4412,42
17031834500,1449,1446,3
17031834600,2889,2844,45
17031834700,1783,1642,141
17031834800,1518,1513,5
17031834900,2198,2191,7
17031835000,6136,3533,2603
17031835100,5845,904,4941
17031835200,1787,637,1150
17031835500,1433,1309,124
17031835600,944,944,0
17031835700,578,578,0
17031835800,1720,1674,46
17031835900,3109,3081,28
17031836000,2743,2722,21
17031836100,1864,1763,101
17031836200,1660,1569,91
17031836300,1463,1412,51
17031836400,3262,3073,189
17031836500,1603,1552,51
17031836600,2746,1364,1382
17031836700,2291,1788,503
17031836800,2218,2152,66
17031836900,1438,1358,80
17031837000,1919,1869,50
17031837100,1857,1671,186
17031837300,2419,2271,148
17031837400,2303,2288,15
17031837800,3333,3062,271
17031838000,2785,2503,282
17031838100,1853,1694,159
17031838200,2094,1702,392
17031838300,1527,1437,90
17031838600,1506,1435,71
17031838700,4808,4535,273
17031838800,3543,2094,1449
17031839000,8421,8122,299
17031839100,6213,5715,498
17031839200,2488,2357,131
17031839500,1360,1295,65
17031839600,1727,1699,28
17031839700,4464,2625,1839
17031839800,2895,2249,646
17031839900,4065,3194,871
17031840000,2804,2231,573
17031840100,2776,2360,416
17031840200,2455,2070,385
17031840300,3764,1628,2136
17031840400,3343,1719,1624
17031840700,3695,459,3236
17031840800,2974,60,2914
17031841000,830,797,33
17031841100,7308,7172,136
17031841200,5252,904,4348
17031841300,4176,906,3270
17031841400,1228,1090,138
17031841500,2838,2643,195
17031841600,676,676,0
17031841700,1698,1142,556
17031841800,2578,2517,61
17031841900,6388,5568,820
17031842000,3092,2820,272
17031842100,7722,3826,3896
17031842200,2611,2210,401
17031842300,3547,3156,391
17031842400,3034,3034,0
17031842500,2119,2118,1
17031842600,4622,3057,1565
17031842800,7460,875,6585
17031842900,2291,1987,304
17031843000,2637,2584,53
17031843100,1872,1843,29
17031843200,2182,436,1746
17031843300,2090,1349,741
17031843400,1266,1105,161
17031843500,9364,7106,2258
17031843600,2678,2567,111
17031843700,2515,1965,550
17031843800,1699,1267,432
17031843900,3707,3607,100
17031980000,0,0,0
17031980100,0,0,0
17031990000,0,0,0
17033880100,2823,2819,4
17033880200,3515,3484,31
17033880300,3322,3278,44
17033880400,3037,3012,25
17033880500,3641,3336,305
17033880600,3103,3097,6
17035972400,2975,2975,0
17035972500,3275,3243,32
17035972600,4640,4517,123
17037000100,6537,5915,622
17037000200,4983,4657,326
17037000300,2574,2411,163
17037000400,8822,8346,476
17037000500,4320,3759,561
17037000600,5545,4972,573
17037000700,4070,3858,212
17037000800,6772,5499,1273
17037000900,5874,5353,521
17037001001,6278,5653,625
17037001002,5997,5188,809
17037001300,5529,4899,630
17037001400,6597,6319,278
17037001500,3892,2982,910
17037001600,4360,3681,679
17037001700,3451,3308,143
17037001800,4137,3948,189
17037001900,2456,2308,148
17037002000,4915,4316,599
17037002100,2530,1887,643
17037002200,4819,4033,786
17039971400,2462,2458,4
17039971500,2891,2884,7
17039971600,3932,3849,83
17039971700,3569,3307,262
17039971800,3468,3431,37
17041952000,2366,2333,33
17041952100,4005,3914,91
17041952200,4504,4318,186
17041952300,5479,5374,105
17041952400,3416,2432,984
17043840000,2835,1108,1727
17043840101,5999,3607,2392
17043840102,4546,3570,976
17043840103,6124,5311,813
17043840104,5992,2751,3241
17043840201,5541,4955,586
17043840202,5700,4963,737
17043840303,3872,2302,1570
17043840304,4020,3525,495
17043840600,4909,4396,513
17043840703,4224,2726,1498
17043840704,3036,1768,1268
17043840705,3696,3006,690
17043840706,3608,3091,517
17043840801,2491,1102,1389
17043840802,5862,3084,2778
17043840901,3553,3158,395
17043840904,4452,2906,1546
17043840906,3236,2424,812
17043840907,4725,3661,1064
17043840908,4202,2922,1280
17043840910,5302,3259,2043
17043840911,2967,2066,901
17043841002,2890,2806,84
17043841003,3348,3063,285
17043841004,3447,2954,493
17043841102,6217,5253,964
17043841103,3901,3256,645
17043841104,4481,4166,315
17043841108,4614,2876,1738
17043841109,4306,3304,1002
17043841110,3709,3237,472
17043841111,3450,3312,138
17043841112,2960,2612,348
17043841113,3954,3359,595
17043841114,4390,3946,444
17043841204,5863,4629,1234
17043841205,4726,3971,755
17043841206,5718,4708,1010
17043841207,3090,1934,1156
17043841208,5420,3937,1483
17043841209,3887,3566,321
17043841210,4013,3070,943
17043841307,6208,5634,574
17043841308,4608,4090,518
17043841310,3684,3528,156
17043841312,3935,2119,1816
17043841313,2936,2667,269
17043841314,6015,5415,600
17043841315,3432,2651,781
17043841316,3553,3343,210
17043841318,3003,2427,576
17043841320,2746,1999,747
17043841321,2619,2505,114
17043841322,4614,4007,607
17043841323,3051,2715,336
17043841324,2962,2622,340
17043841325,5993,5251,742
17043841326,3280,3001,279
17043841327,4675,4429,246
17043841401,5965,3564,2401
17043841403,3859,3699,160
17043841404,3301,3156,145
17043841501,6548,2339,4209
17043841503,3906,778,3128
17043841504,3356,1319,2037
17043841603,4378,2806,1572
17043841604,4113,2888,1225
17043841605,3884,2425,1459
17043841606,2332,2307,25
17043841607,5250,4049,1201
17043841703,7335,6231,1104
17043841704,4545,4299,246
17043841705,6163,5148,1015
17043841706,4187,2996,1191
17043841801,5295,5071,224
17043841802,5253,5146,107
17043841901,2615,2524,91
17043841902,4139,3957,182
17043842000,4359,4191,168
17043842100,5857,5542,315
17043842200,4620,4298,322
17043842300,3397,3310,87
17043842400,5317,4947,370
17043842500,3310,3232,78
17043842601,4221,4177,44
17043842602,4394,4228,166
17043842603,3646,3465,181
17043842604,4240,4043,197
17043842605,4240,4137,103
17043842702,4646,4370,276
17043842703,4118,3713,405
17043842704,5357,4904,453
17043842706,4440,4114,326
17043842708,2524,2394,130
17043842709,3678,3141,537
17043842710,3724,3508,216
17043842711,2808,2754,54
17043842800,4769,4556,213
17043842900,5778,5395,383
17043843000,4411,4057,354
17043843100,3844,2997,847
17043843200,5017,3619,1398
17043843301,4307,3047,1260
17043843302,3039,2606,433
17043843400,3479,3116,363
17043843500,5636,5052,584
17043843601,3583,3132,451
17043843602,3114,3003,111
17043843700,4335,3972,363
17043843800,3164,2772,392
17043843900,4027,3756,271
17043844001,4058,3762,296
17043844002,4639,4532,107
17043844100,3889,3619,270
17043844201,5948,5387,561
17043844202,2822,2561,261
17043844301,6090,5836,254
17043844304,4095,3944,151
17043844305,3848,3627,221
17043844306,4274,3366,908
17043844307,3728,2966,762
17043844401,3257,3080,177
17043844402,4517,3971,546
17043844501,4075,3502,573
17043844502,3271,3163,108
17043844601,3961,3831,130
17043844602,4470,4240,230
17043844701,4270,3994,276
17043844702,5785,5609,176
17043844801,4307,4161,146
17043844802,3020,2965,55
17043844901,3683,3446,237
17043844902,4298,4064,234
17043845000,5391,5067,324
17043845100,6636,6068,568
17043845200,4948,4711,237
17043845300,3340,3264,76
17043845401,3651,3421,230
17043845402,3035,2819,216
17043845502,5424,4772,652
17043845505,4449,3738,711
17043845506,3884,3323,561
17043845507,3347,3272,75
17043845508,3724,3618,106
17043845509,3405,3222,183
17043845510,3193,3060,133
17043845601,4581,3982,599
17043845602,4905,4618,287
17043845701,3865,3722,143
17043845702,4616,4493,123
17043845703,4676,4263,413
17043845704,4500,4123,377
17043845802,3765,3662,103
17043845803,5363,4646,717
17043845805,3515,3173,342
17043845807,6279,5882,397
17043845808,4082,3956,126
17043845809,4108,3969,139
17043845810,4110,3804,306
17043845811,3774,3333,441
17043845901,3249,3068,181
17043845902,3624,3543,81
17043846002,4439,4196,243
17043846003,4188,3961,227
17043846004,3648,3258,390
17043846102,4347,3804,543
17043846103,5607,5110,497
17043846104,4909,4207,702
17043846105,3519,3056,463
17043846106,3687,3663,24
17043846201,6160,5922,238
17043846202,6196,5878,318
17043846203,4443,4245,198
17043846205,3937,3542,395
17043846206,4380,4250,130
17043846207,5669,5408,261
17043846208,3298,3218,80
17043846209,3944,3734,210
17043846304,6548,6240,308
17043846305,5415,5043,372
17043846307,4662,4198,464
17043846308,3203,2468,735
17043846310,4691,4013,678
17043846311,5658,4793,865
17043846312,4430,4082,348
17043846313,4535,4435,100
17043846314,3348,3205,143
17043846315,4320,4122,198
17043846404,6092,5494,598
17043846405,3759,3658,101
17043846408,4041,3844,197
17043846409,4673,4242,431
17043846410,5138,4514,624
17043846411,4015,3427,588
17043846412,4721,4471,250
17043846413,3790,3611,179
17043846504,6561,5286,1275
17043846507,2500,2324,176
17043846509,5192,4488,704
17043846510,2838,2415,423
17043846511,6827,5240,1587
17043846513,2778,2685,93
17043846514,4254,4135,119
17043846515,5439,4532,907
17043846517,6228,5316,912
17043846518,3638,3617,21
17043846519,2952,2563,389
17043846521,5213,4931,282
17043846522,3801,3595,206
17043846523,2720,2671,49
17043846524,4881,4639,242
17043846603,4264,1006,3258
17043846604,3590,2147,1443
17043846701,4695,2536,2159
17043846702,4576,2621,1955
17045070100,2595,2585,10
17045070200,2014,1945,69
17045070300,4010,3955,55
17045070400,5381,5323,58
17045070500,3828,3822,6
17047956900,2177,2166,11
17047957000,2134,2109,25
17047957100,2301,2276,25
17049950100,3802,3759,43
17049950200,4811,4670,141
17049950300,4079,4047,32
17049950400,3980,3978,2
17049950500,4444,4426,18
17049950600,5489,5332,157
17049950700,3666,3557,109
17049950800,4085,3939,146
17051950500,2787,2776,11
17051950600,2166,2166,0
17051950700,4870,4870,0
17051950800,4771,4565,206
17051950900,2090,1915,175
17051951000,2166,2097,69
17051951100,3175,3175,0
17053961600,1900,1792,108
17053961700,2160,2084,76
17053961800,4326,4168,158
17053961900,1807,1755,52
17053962000,3565,3565,0
17055040100,2934,2846,88
17055040200,3033,2995,38
17055040300,3329,3319,10
17055040400,3961,3914,47
17055040500,2864,2864,0
17055040600,3124,2854,270
17055040700,4308,4262,46
17055040800,3597,3595,2
17055040900,2465,2404,61
17055041000,2692,2659,33
17055041100,3531,3523,8
17055041200,3665,3665,0
17057952800,2701,2678,23
17057952900,2930,2871,59
17057953000,2283,2243,40
17057953100,2412,2407,5
17057953200,2792,2769,23
17057953300,3409,3406,3
17057953400,2010,1993,17
17057953500,5095,4504,591
17057953600,4296,4194,102
17057953700,2662,2641,21
17057953800,2725,2649,76
17057953900,2732,2710,22
17059972700,2447,2447,0
17059972800,2878,2843,35
17061973600,3530,3494,36
17061973700,1870,1804,66
17061973800,2063,2052,11
17061973900,2546,2510,36
17061974000,3381,3381,0
17063000102,7773,6685,1088
17063000103,6330,5358,972
17063000200,6807,6082,725
17063000300,3395,3067,328
17063000400,5271,5028,243
17063000500,2988,2894,94
17063000600,3010,2704,306
17063000700,5638,5396,242
17063000800,5322,4975,347
17063000900,3804,3565,239
17065973100,3050,3049,1
17065973200,2234,2234,0
17065973300,2967,2946,21
17067953700,2289,2289,0
17067953800,2654,2590,64
17067953900,2155,2145,10
17067954000,2696,2638,58
17067954100,3216,3201,15
17067954200,2293,2195,98
17067954300,3330,3322,8
17069970900,2046,2046,0
17069971000,2127,2056,71
17071973300,2475,2442,33
17071973400,1680,1660,20
17071973500,2811,2763,48
17073030100,5547,5219,328
17073030201,4922,4873,49
17073030202,3888,3801,87
17073030203,4239,4048,191
17073030300,7089,6948,141
17073030400,2401,2387,14
17073030500,2405,2361,44
17073030600,2705,2172,533
17073030800,3905,3335,570
17073030900,3436,2949,487
17073031000,3566,3409,157
17073031100,2636,2590,46
17073031200,2942,2883,59
17075950100,2695,2650,45
17075950200,3860,3718,142
17075950300,3396,3332,64
17075950400,3655,3262,393
17075950500,4232,4155,77
17075950600,3476,2642,834
17075950700,2809,2745,64
17075950800,2259,2189,70
17075950900,2432,2294,138
17077010100,3325,3293,32
17077010200,4384,4094,290
17077010300,2652,2646,6
17077010400,4479,4471,8
17077010600,6003,5884,119
17077010700,3232,3187,45
17077010800,3734,3475,259
17077010900,2482,2272,210
17077011000,6398,6264,134
17077011100,3047,2794,253
17077011200,4965,4728,237
17077011400,3827,3571,256
17077011600,3923,3851,72
17077011700,6737,6198,539
17079977300,2975,2947,28
17079977400,2762,2725,37
17079977500,3855,3797,58
17081050100,4025,3925,100
17081050200,3061,3053,8
17081050300,4662,4627,35
17081050400,5400,5144,256
17081050500,3594,3582,12
17081050600,3134,3075,59
17081050700,3949,3902,47
17081050800,3972,3961,11
17081050900,2528,2458,70
17081051000,1810,1677,133
17081051100,2388,2221,167
17083010100,4714,4678,36
17083010200,3438,3420,18
17083010300,3933,3925,8
17083010401,6671,6506,165
17083010402,2134,2132,2
17083010500,1551,1495,56
17085020100,4560,4434,126
17085020200,4869,4818,51
17085020300,4603,4272,331
17085020401,2212,2180,32
17085020402,2761,2690,71
17085020500,3181,3140,41
17087977600,4346,4324,22
17087977700,2923,2847,76
17087977800,3599,3530,69
17087980000,1998,1729,269
17089850101,7231,4233,2998
17089850103,6167,5420,747
17089850105,7113,6361,752
17089850106,8167,6693,1474
17089850201,4311,1481,2830
17089850202,6775,1325,5450
17089850301,7709,3134,4575
17089850302,4693,2470,2223
17089850400,2352,2016,336
17089850500,3752,3401,351
17089850600,7203,6593,610
17089850701,20932,18227,2705
17089850702,14295,13671,624
17089850703,2115,2011,104
17089850800,6605,2749,3856
17089851000,7120,4751,2369
17089851101,4345,2745,1600
17089851102,3276,1673,1603
17089851301,4260,1120,3140
17089851302,3367,973,2394
17089851400,7075,2206,4869
17089851500,1196,465,731
17089851600,6779,3129,3650
17089851801,7512,6310,1202
17089851904,7616,4849,2767
17089851905,13127,11449,1678
17089851907,7403,5500,1903
17089851908,4988,3103,1885
17089851909,4370,3145,1225
17089851910,4724,2924,1800
17089852001,4466,3778,688
17089852002,6918,6184,734
17089852003,7774,7627,147
17089852101,7377,7099,278
17089852102,9223,8600,623
17089852201,4641,4427,214
17089852202,9192,7421,1771
17089852300,1948,1837,111
17089852401,8528,8350,178
17089852402,8708,8304,404
17089852403,5383,5276,107
17089852500,6703,6292,411
17089852601,7907,7492,415
17089852606,4392,4249,143
17089852700,7370,6411,959
17089852803,4802,4399,403
17089852805,5471,4773,698
17089852806,6996,6699,297
17089852807,3334,3111,223
17089852808,7780,7135,645
17089852903,6567,4557,2010
17089852904,2706,732,1974
17089852905,4584,2367,2217
17089852906,5375,3309,2066
17089852907,6299,1928,4371
17089853001,2738,1783,955
17089853004,2953,2561,392
17089853005,5685,3532,2153
17089853006,3308,2099,1209
17089853007,5565,2636,2929
17089853008,4818,2511,2307
17089853100,3144,1324,1820
17089853200,6206,3150,3056
17089853300,5433,978,4455
17089853400,10124,769,9355
17089853500,7065,961,6104
17089853600,8793,2072,6721
17089853900,6280,5244,1036
17089854001,4645,3851,794
17089854002,5056,3132,1924
17089854100,5028,919,4109
17089854200,6075,1578,4497
17089854301,7869,1143,6726
17089854302,5085,1330,3755
17089854400,14424,7777,6647
17089854501,15539,14509,1030
17089854503,12237,9279,2958
17089854504,7842,7434,408
17089854600,3740,1485,2255
17089854700,2290,1156,1134
17089854800,7858,7543,315
17089854900,5793,4261,1532
17091010100,2437,2327,110
17091010201,1964,1834,130
17091010202,9799,9242,557
17091010300,3774,3672,102
17091010400,4889,4857,32
17091010500,6213,5925,288
17091010601,6017,5782,235
17091010602,5831,5383,448
17091010701,4663,4184,479
17091010702,6943,6422,521
17091010800,3728,3404,324
17091010900,4555,3879,676
17091011000,2212,2046,166
17091011100,2094,1638,456
17091011200,2215,2161,54
17091011300,2139,1959,180
17091011400,1867,1595,272
17091011500,2320,1944,376
17091011600,1526,1307,219
17091011700,3573,3067,506
17091011800,2670,2402,268
17091011900,1344,1183,161
17091012000,5539,5021,518
17091012100,3433,3051,382
17091012200,3429,2816,613
17091012300,4762,3330,1432
17091012400,4511,3454,1057
17091012500,2455,2222,233
17091012600,4591,4411,180
17093890101,20429,16893,3536
17093890102,13575,12344,1231
17093890201,4561,3359,1202
17093890202,3201,2204,997
17093890301,6438,5210,1228
17093890302,6062,5275,787
17093890400,27764,22837,4927
17093890500,13527,9825,3702
17093890600,9783,9067,716
17093890700,16112,13830,2282
17095000100,3101,3026,75
17095000200,2734,2667,67
17095000300,4356,4152,204
17095000400,4573,4380,193
17095000500,5185,4777,408
17095000600,3505,3283,222
17095000700,2150,1988,162
17095000800,2859,2627,232
17095000900,2329,2018,311
17095001000,4252,3652,600
17095001100,2446,2372,74
17095001200,1621,1591,30
17095001300,3773,3733,40
17095001400,1629,1605,24
17095001500,3954,3851,103
17095001600,3285,3252,33
17097860101,9064,6989,2075
17097860103,3386,3098,288
17097860104,3677,3478,199
17097860200,3223,2508,715
17097860301,3425,2070,1355
17097860302,3083,2023,1060
17097860400,5712,4309,1403
17097860500,4654,3033,1621
17097860600,6990,4754,2236
17097860805,1682,1573,109
17097860806,5261,4652,609
17097860807,3268,3070,198
17097860808,2615,2486,129
17097860809,3352,3205,147
17097860810,7105,6659,446
17097860811,4176,3836,340
17097860903,5835,5613,222
17097860904,5644,5007,637
17097860905,6306,5478,828
17097860906,9133,7112,2021
17097861007,4184,3979,205
17097861008,5340,4806,534
17097861009,4994,4586,408
17097861010,6015,5049,966
17097861011,7502,6044,1458
17097861012,5673,5387,286
17097861013,3011,2862,149
17097861014,3762,3231,531
17097861105,4174,3862,312
17097861106,8361,7423,938
17097861107,3925,3585,340
17097861108,6148,5499,649
17097861201,7224,3025,4199
17097861202,4428,2335,2093
17097861301,4906,3163,1743
17097861303,4634,1674,2960
17097861304,3304,1072,2232
17097861402,8720,6307,2413
17097861403,2715,1139,1576
17097861404,6176,2937,3239
17097861504,8251,4594,3657
17097861505,3640,3207,433
17097861506,5391,4424,967
17097861507,2919,2243,676
17097861508,3782,3166,616
17097861509,3737,3031,706
17097861510,4808,3603,1205
17097861603,5598,5299,299
17097861604,5674,5136,538
17097861607,4786,4107,679
17097861608,3563,3054,509
17097861609,4705,4251,454
17097861610,3382,3148,234
17097861611,4314,3855,459
17097861701,1760,1332,428
17097861702,4077,2416,1661
17097861803,6615,3403,3212
17097861804,3473,1123,2350
17097861901,3842,2048,1794
17097861902,6667,2749,3918
17097862000,5248,1560,3688
17097862100,5224,1791,3433
17097862200,4055,2485,1570
17097862300,3116,1668,1448
17097862401,3286,945,2341
17097862402,3331,472,2859
17097862501,3853,633,3220
17097862502,2552,828,1724
17097862603,7937,2893,5044
17097862604,4994,1420,3574
17097862605,4326,3299,1027
17097862700,3898,940,2958
17097862800,1720,1187,533
17097862901,4029,1067,2962
17097862902,2580,1708,872
17097863003,8961,7609,1352
17097863004,4317,3794,523
17097863005,515,465,50
17097863006,0,0,0
17097863100,2611,1629,982
17097863201,3854,1834,2020
17097863202,5329,4837,492
17097863300,2475,2475,0
17097863400,4550,4409,141
17097863500,4016,3966,50
17097863601,3507,3457,50
17097863603,3537,3477,60
17097863604,3094,2978,116
17097863701,4529,4299,230
17097863702,3537,3363,174
17097863801,4812,4533,279
17097863902,5782,5399,383
17097863903,4362,4133,229
17097863904,6059,5893,166
17097864001,6597,4715,1882
17097864002,6436,2291,4145
17097864101,11388,9989,1399
17097864105,6346,5763,583
17097864106,4217,3057,1160
17097864107,4844,4019,825
17097864108,5614,3773,1841
17097864203,4462,4005,457
17097864204,4306,3581,725
17097864205,9827,8416,1411
17097864206,3704,2387,1317
17097864303,4372,4159,213
17097864305,4217,4020,197
17097864306,2356,2285,71
17097864307,1680,1644,36
17097864308,4121,4009,112
17097864402,7346,6960,386
17097864403,4994,4799,195
17097864407,5865,5839,26
17097864408,5735,4611,1124
17097864409,5127,4466,661
17097864410,5393,5138,255
17097864411,4994,4943,51
17097864412,4151,3975,176
17097864505,7137,6841,296
17097864510,4333,3212,1121
17097864511,7037,5799,1238
17097864512,4411,3836,575
17097864513,5261,5066,195
17097864514,2726,2667,59
17097864515,2963,2930,33
17097864516,4438,4269,169
17097864517,2850,2769,81
17097864518,4886,4754,132
17097864519,4865,4738,127
17097864520,5491,5301,190
17097864521,2477,2439,38
17097864522,4515,4361,154
17097864601,3835,3807,28
17097864602,3845,3774,71
17097864700,2800,2654,146
17097864801,5663,5291,372
17097864802,2769,2659,110
17097864901,4263,4159,104
17097864903,4984,4896,88
17097864904,2369,2285,84
17097865000,1256,1169,87
17097865200,5634,2999,2635
17097865300,3476,3255,221
17097865400,4229,3428,801
17097865501,2477,2120,357
17097865502,2505,2326,179
17097865600,3649,3579,70
17097865700,5674,5357,317
17097865801,3156,2953,203
17097865802,2914,2809,105
17097866000,6768,6010,758
17097866100,3687,1154,2533
17097866200,5688,5219,469
17097990000,0,0,0
17099961701,6162,6046,116
17099961702,3017,2900,117
17099961800,3722,3351,371
17099961900,4320,3428,892
17099962000,3786,2637,1149
17099962100,5025,4288,737
17099962200,4916,4695,221
17099962300,7737,7273,464
17099962400,3797,3643,154
17099962500,2265,2240,25
17099962600,5584,4758,826
17099962700,2300,1971,329
17099962800,3354,3054,300
17099962900,3066,2633,433
17099963000,4483,4264,219
17099963100,3227,3149,78
17099963200,3294,2983,311
17099963300,2316,1936,380
17099963400,3961,3659,302
17099963500,4593,4248,345
17099963600,3459,3279,180
17099963700,5642,5443,199
17099963800,4179,3865,314
17099963900,5501,5001,500
17099964000,2511,2444,67
17099964100,4028,3625,403
17099964200,2482,2214,268
17099964300,3208,2782,426
17101880700,2427,2365,62
17101880800,6907,6333,574
17101880900,2167,2134,33
17101881000,2206,2104,102
17101881100,2875,2840,35
17103000100,2725,2633,92
17103000200,3459,3437,22
17103000300,4161,4058,103
17103000400,7405,6614,791
17103000500,4531,4307,224
17103000600,3595,3308,287
17103000700,2056,1964,92
17103000800,3564,3450,114
17103000900,3222,2958,264
17105960100,4127,3961,166
17105960200,4208,4045,163
17105960300,2674,2524,150
17105960400,3135,3053,82
17105960500,2986,2854,132
17105960600,4312,4188,124
17105960700,5536,5169,367
17105960800,5575,5320,255
17105960900,2409,2316,93
17105961000,2316,2246,70
17107952900,3246,3200,46
17107953000,2114,2081,33
17107953100,3908,3830,78
17107953200,3680,3643,37
17107953300,3510,3474,36
17107953400,3696,3633,63
17107953500,6847,6152,695
17107953600,2819,2812,7
17109010100,3671,3653,18
17109010200,1874,1859,15
17109010300,2077,2011,66
17109010400,6312,5894,418
17109010500,2302,2049,253
17109010600,2512,2494,18
17109010700,4815,4809,6
17109010900,2975,2934,41
17109011000,2320,2308,12
17109011100,2869,2869,0
17111870101,7240,6669,571
17111870102,6633,6287,346
17111870200,6131,4959,1172
17111870301,4852,3398,1454
17111870302,4078,2032,2046
17111870401,7953,7517,436
17111870402,5994,4159,1835
17111870500,9007,8374,633
17111870603,4649,3666,983
17111870604,5759,5044,715
17111870605,6399,5729,670
17111870606,4516,3436,1080
17111870702,7338,6682,656
17111870703,5566,5233,333
17111870704,3707,3477,230
17111870803,7796,7366,430
17111870807,5597,4585,1012
17111870808,3597,3304,293
17111870809,6777,6361,416
17111870810,4570,4231,339
17111870811,4591,3977,614
17111870812,4815,4017,798
17111870902,7819,6849,970
17111870903,3454,2419,1035
17111870904,4676,3996,680
17111870905,5112,3548,1564
17111871003,4546,3977,569
17111871004,5779,4950,829
17111871104,17824,15761,2063
17111871105,5139,4587,552
17111871106,9047,8275,772
17111871107,5352,5090,262
17111871108,5539,5181,358
17111871109,5227,4743,484
17111871201,6543,6216,327
17111871202,5721,4038,1683
17111871205,4426,3999,427
17111871206,6400,5863,537
17111871207,4994,4244,750
17111871208,3892,3573,319
17111871209,3295,3059,236
17111871301,4760,4358,402
17111871304,2828,2710,118
17111871305,6445,5858,587
17111871306,8314,7112,1202
17111871307,5233,4415,818
17111871310,4358,4026,332
17111871311,4439,3682,757
17111871402,6088,5712,376
17111871404,4749,4306,443
17111871500,12501,11732,769
17111871600,5018,4574,444
17113000102,7756,7535,221
17113000104,11700,10617,1083
17113000105,4150,3939,211
17113000200,4027,3695,332
17113000301,4373,4124,249
17113000302,6084,5756,328
17113000400,3542,3393,149
17113000501,2739,2626,113
17113000502,2713,2688,25
17113000504,5560,5239,321
17113000505,6195,6126,69
17113001103,3147,3005,142
17113001104,8074,7994,80
17113001105,5133,4785,348
17113001106,3486,3208,278
17113001200,2504,2334,170
17113001301,1688,1584,104
17113001302,2437,2230,207
17113001303,1740,1649,91
17113001402,3545,3364,181
17113001403,4114,3758,356
17113001404,4160,3443,717
17113001500,2180,1881,299
17113001600,2635,2452,183
17113001700,2300,2125,175
17113001800,3396,3281,115
17113002101,5157,4689,468
17113002102,1892,1645,247
17113005101,9260,9124,136
17113005102,6896,6853,43
17113005201,1280,1280,0
17113005202,3338,3292,46
17113005400,9336,9118,218
17113005501,2384,2367,17
17113005502,2636,2625,11
17113005601,1793,1777,16
17113005602,2262,2218,44
17113005700,5184,5070,114
17113005800,4105,4089,16
17113005900,4619,4452,167
17113006000,3734,3717,17
17115000200,2754,2662,92
17115000300,3656,3514,142
17115000400,1253,1253,0
17115000500,3071,2980,91
17115000600,1697,1689,8
17115000900,1881,1762,119
17115001000,1196,1174,22
17115001100,3396,3276,120
17115001200,2854,2851,3
17115001300,2450,2408,42
17115001400,2498,2498,0
17115001500,4267,4214,53
17115001600,2302,2240,62
17115001700,2504,2504,0
17115001801,2396,2382,14
17115001802,2665,2568,97
17115001900,2428,2377,51
17115002000,4008,3700,308
17115002100,1394,1313,81
17115002200,5258,5217,41
17115002300,2949,2865,84
17115002401,2363,2318,45
17115002402,5244,5108,136
17115002500,7143,7095,48
17115002601,4026,3992,34
17115002602,2156,2150,6
17115002700,2306,2297,9
17115002800,4300,4196,104
17115002901,3935,3876,59
17115002902,4681,4647,34
17115002903,4318,4172,146
17115002904,5286,5198,88
17115003000,3524,3491,33
17115003100,2245,2132,113
17117956000,3370,3354,16
17117956100,3268,3263,5
17117956200,2293,2281,12
17117956300,3215,3145,70
17117956400,5269,5167,102
17117956500,2645,2645,0
17117956600,4687,4636,51
17117956700,4161,4116,45
17117956800,2775,2765,10
17117956900,3735,3698,37
17117957000,3730,3655,75
17117957100,2638,2638,0
17117957200,4696,4633,63
17119400101,2516,2320,196
17119400102,4840,4428,412
17119400200,4370,4081,289
17119400600,3115,3007,108
17119400700,1898,1891,7
17119400801,1833,1733,100
17119400802,6224,5934,290
17119400903,5096,4863,233
17119400904,3856,3793,63
17119400951,5472,5299,173
17119400952,3025,2812,213
17119401000,2628,2517,111
17119401100,6295,6265,30
17119401200,1685,1660,25
17119401300,5071,5071,0
17119401400,3428,3339,89
17119401500,2964,2912,52
17119401701,2568,2504,64
17119401721,5625,5504,121
17119401722,2726,2719,7
17119401800,6062,5863,199
17119401901,1860,1741,119
17119401903,4680,4475,205
17119401904,716,716,0
17119402000,4257,4062,195
17119402100,3147,3147,0
17119402200,3610,3521,89
17119402300,1763,1737,26
17119402400,1749,1738,11
17119402500,2147,2014,133
17119402600,2408,2373,35
17119402701,6750,6609,141
17119402721,7782,7700,82
17119402722,2939,2876,63
17119402801,3536,3493,43
17119402802,8121,8091,30
17119402803,3363,3363,0
17119402900,4445,4337,108
17119403001,5598,5531,67
17119403002,7305,7075,230
17119403101,6321,6023,298
17119403121,8924,8636,288
17119403122,5501,5210,291
17119403200,4489,4475,14
17119403300,3188,2992,196
17119403401,3984,3834,150
17119403402,5787,5572,215
17119403502,6025,5884,141
17119403531,7944,7429,515
17119403532,5089,4913,176
17119403533,9876,9552,324
17119403534,3940,3839,101
17119403601,3301,3137,164
17119403603,1936,1936,0
17119403604,6371,6038,333
17119403701,6054,5941,113
17119403702,5902,5860,42
17119403801,5050,5030,20
17119403802,4417,4327,90
17119404000,2397,2184,213
17119404100,2790,2700,90
17121951600,3748,3725,23
17121951700,2491,2468,23
17121951800,2225,2205,20
17121951900,3039,3017,22
17121952000,4170,4028,142
17121952100,2896,2878,18
17121952200,4067,4009,58
17121952300,3788,3747,41
17121952400,3588,3521,67
17121952500,2562,2441,121
17121952600,2276,2256,20
17121952700,3653,3521,132
17123961100,2601,2500,101
17123961200,2423,2423,0
17123961300,2047,2023,24
17123961400,2838,2815,23
17123961500,2151,1929,222
17125956300,2835,2769,66
17125956400,1858,1836,22
17125956500,3277,3258,19
17125956600,1846,1846,0
17125956700,1820,1799,21
17125956800,2295,2283,12
17127970100,4766,4627,139
17127970200,4243,4090,153
17127970300,3636,3571,65
17127970400,2238,2214,24
17129010100,6104,6019,85
17129010200,3882,3843,39
17129010300,2590,2541,49
17131040100,4655,4515,140
17131040200,3493,3417,76
17131040300,3704,3668,36
17131040400,4119,4035,84
17133600101,7746,7471,275
17133600102,4902,4883,19
17133600401,6194,6186,8
17133600402,4850,4686,164
17133600501,6806,6777,29
17133600502,3205,3205,0
17135957300,3359,3351,8
17135957400,2291,2290,1
17135957500,2828,2779,49
17135957600,3140,3078,62
17135957700,2863,2821,42
17135957800,3516,3506,10
17135957900,3708,3658,50
17135958000,7596,7320,276
17137951400,2573,2570,3
17137951500,3272,3251,21
17137951600,3034,2975,59
17137951700,2758,2681,77
17137951800,4617,4397,220
17137951900,4842,4802,40
17137952000,3791,3452,339
17137952100,3670,3645,25
17137952200,2946,2944,2
17137952300,3298,3289,9
17139976900,4978,4943,35
17139977000,2409,2401,8
17139977100,3074,3031,43
17139977200,4454,4370,84
17141960700,4461,4449,12
17141960800,3744,3655,89
17141960900,4656,4470,186
17141961000,6799,6252,547
17141961100,5167,3930,1237
17141961200,5726,4564,1162
17141961300,4656,4481,175
17141961400,4054,4001,53
17141961500,4316,4109,207
17141961600,3315,2205,1110
17141961700,5140,4928,212
17143000100,1201,1001,200
17143000200,1743,1570,173
17143000300,2039,1673,366
17143000500,1681,1383,298
17143000600,3397,3007,390
17143000900,2247,2207,40
17143001200,1847,1710,137
17143001300,1870,1475,395
17143001500,2019,1831,188
17143001600,3903,3713,190
17143001800,2898,2741,157
17143001900,1690,1646,44
17143002000,3222,2986,236
17143002100,4909,4676,233
17143002200,4032,3647,385
17143002300,4966,4750,216
17143002400,4188,3976,212
17143002500,3751,3423,328
17143002600,1839,1796,43
17143002701,3833,3623,210
17143002702,3899,3738,161
17143002800,3380,3301,79
17143002900,3599,3575,24
17143003000,4727,4551,176
17143003101,5345,5126,219
17143003102,5709,5529,180
17143003200,5032,4960,72
17143003300,3229,3110,119
17143003401,11517,11087,430
17143003402,3778,3713,65
17143003601,2943,2909,34
17143003602,5476,5283,193
17143003700,3593,3490,103
17143003800,3374,3215,159
17143003900,6800,6795,5
17143004000,4475,4403,72
17143004101,7142,6587,555
17143004102,2962,2898,64
17143004200,3447,3375,72
17143004300,2514,2493,21
17143004400,5238,5101,137
17143004500,5166,5052,114
17143004600,5510,5457,53
17143004801,4627,4610,17
17143004802,4553,4235,318
17143004901,3934,3915,19
17143004902,4866,4601,265
17143005000,2708,2519,189
17145030100,2853,2795,58
17145030200,7325,6997,328
17145030300,2256,2210,46
17145030400,2661,2478,183
17145030500,2520,2497,23
17145030600,3980,3980,0
17147954500,4393,4299,94
17147954600,6139,6071,68
17147954700,3210,3171,39
17147954800,2727,2721,6
17149952400,3266,3149,117
17149952500,2584,2578,6
17149952600,3152,3141,11
17149952700,4702,4635,67
17149952800,2350,2349,1
17151971200,2257,2248,9
17151971300,1998,1923,75
17153971000,3062,2973,89
17153971100,2730,2706,24
17155954500,2814,2692,122
17155954600,2932,2767,165
17157950500,2112,2073,39
17157950600,4446,4421,25
17157950700,2368,2368,0
17157950800,4939,4732,207
17157950900,3456,3436,20
17157951000,2541,2483,58
17157951100,3668,3539,129
17157951200,6180,5710,470
17157951300,3224,3188,36
17159977900,3459,3368,91
17159978000,2091,2070,21
17159978100,4354,4249,105
17159978200,2524,2520,4
17159978300,3644,3620,24
17161020100,7415,7179,236
17161020200,3659,3323,336
17161020300,6373,5166,1207
17161020400,5759,4950,809
17161020600,2698,1591,1107
17161020700,1762,1234,528
17161020800,4662,3883,779
17161020900,5605,4905,700
17161021000,3932,3502,430
17161021100,3877,3519,358
17161021200,4539,4449,90
17161021300,4889,4304,585
17161021400,1227,908,319
17161021500,4089,3726,363
17161021600,2598,2098,500
17161021700,4229,3151,1078
17161021800,4744,4419,325
17161021900,1721,1654,67
17161022000,4157,3279,878
17161022100,2492,2247,245
17161022200,3697,2535,1162
17161022300,2108,924,1184
17161022600,2307,2092,215
17161022800,5724,5050,674
17161022900,2679,2537,142
17161023000,3630,3443,187
17161023100,2681,2475,206
17161023200,5027,4660,367
17161023300,3115,2622,493
17161023500,2497,2294,203
17161023600,2025,1815,210
17161023700,2508,2114,394
17161024000,4236,4085,151
17161024101,3745,3551,194
17161024102,5115,4902,213
17161024103,4097,3817,280
17161024200,4291,3934,357
17161024300,2686,2606,80
17161024400,1935,1876,59
17161024500,2006,1625,381
17163500400,1707,1701,6
17163500500,2798,2795,3
17163500900,3969,3884,85
17163501100,1445,1424,21
17163501200,3015,2994,21
17163501300,3521,3415,106
17163501400,2739,2738,1
17163501501,1934,1908,26
17163501502,2870,2782,88
17163501602,5160,5160,0
17163501603,5657,5612,45
17163501604,4061,3872,189
17163501605,2488,2378,110
17163501700,3109,3067,42
17163501800,6001,5917,84
17163501900,3341,3257,84
17163502100,2202,378,1824
17163502200,2010,1964,46
17163502300,6641,6485,156
17163502401,1780,1780,0
17163502404,3640,2427,1213
17163502500,1269,1267,2
17163502602,5364,5307,57
17163502603,3400,3275,125
17163502700,1336,1336,0
17163502800,2696,2629,67
17163502900,1700,1700,0
17163503100,7519,7181,338
17163503202,6066,6024,42
17163503203,6548,6459,89
17163503211,4156,4086,70
17163503301,3790,3724,66
17163503304,6898,6827,71
17163503322,7737,7500,237
17163503323,6924,6569,355
17163503324,6274,5763,511
17163503332,4455,4386,69
17163503334,5890,5771,119
17163503402,7013,6712,301
17163503404,5648,5438,210
17163503411,3394,3248,146
17163503412,5598,5512,86
17163503413,5881,5822,59
17163503414,4470,4254,216
17163503800,1171,1136,35
17163503903,3922,3681,241
17163503904,10327,9716,611
17163503905,2887,2834,53
17163503906,5335,5084,251
17163504001,4674,4526,148
17163504002,5761,5591,170
17163504302,7585,7508,77
17163504303,8216,8141,75
17163504351,3411,3372,39
17163504352,4382,4179,203
17163504353,4358,4182,176
17163504354,6174,5770,404
17163504355,5285,5148,137
17163504500,5980,5980,0
17163504600,1987,1985,2
17165955100,2346,2312,34
17165955500,2407,2407,0
17165955600,2381,2377,4
17165955700,2485,2482,3
17165955800,3346,3292,54
17165955900,2807,2620,187
17165956000,2808,2762,46
17165956100,2904,2837,67
17165956200,3175,3165,10
17167000100,3700,3677,23
17167000201,2486,2473,13
17167000202,3259,3169,90
17167000300,2551,2442,109
17167000400,2699,2650,49
17167000501,2310,2295,15
17167000503,3448,3366,82
17167000504,2688,2567,121
17167000600,5081,5024,57
17167000700,2126,2093,33
17167000800,2379,2354,25
17167000900,2195,2191,4
17167001001,1777,1722,55
17167001003,1303,1293,10
17167001004,5175,5094,81
17167001100,2409,2348,61
17167001200,3727,3563,164
17167001300,1928,1876,52
17167001400,964,945,19
17167001500,987,983,4
17167001600,3889,3726,163
17167001700,1203,1198,5
17167001800,2295,2167,128
17167001900,3359,3169,190
17167002000,5851,5743,108
17167002100,3509,3407,102
17167002200,3640,3539,101
17167002300,2284,2189,95
17167002400,3584,3509,75
17167002500,5405,5324,81
17167002600,2745,2711,34
17167002700,3526,3478,48
17167002801,2925,2852,73
17167002802,3279,2954,325
17167002900,5120,5011,109
17167003000,6130,5861,269
17167003100,7166,7018,148
17167003201,4991,4816,175
17167003202,4304,4227,77
17167003203,5799,5681,118
17167003300,4909,4897,12
17167003400,6336,6221,115
17167003500,5357,5213,144
17167003601,2598,2583,15
17167003602,4536,4536,0
17167003603,5378,5285,93
17167003604,4638,4518,120
17167003700,8732,8691,41
17167003801,2701,2679,22
17167003802,5738,5730,8
17167003901,5358,5343,15
17167003902,3862,3793,69
17167004000,4300,4228,72
17169970100,2387,2372,15
17169970200,3054,3054,0
17169970300,1764,1758,6
17171970600,1809,1756,53
17171970700,3360,3353,7
17173959100,3598,3570,28
17173959200,3098,3090,8
17173959300,5531,5430,101
17173959400,3214,3169,45
17173959500,3535,3527,8
17173959600,3035,3014,21
17175951400,3166,3126,40
17175951500,2674,2640,34
17177000100,4518,4458,60
17177000200,3337,3311,26
17177000300,3728,3687,41
17177000400,2853,2764,89
17177000500,3137,3107,30
17177000600,3196,3165,31
17177000700,1814,1806,8
17177000800,3451,3347,104
17177000900,4946,4782,164
17177001000,4193,3994,199
17177001100,3336,3245,91
17177001200,3486,3146,340
17177001300,4288,3883,405
17179020100,2628,2557,71
17179020301,4521,4354,167
17179020302,5115,5098,17
17179020400,5585,5572,13
17179020500,4608,4390,218
17179020600,1971,1958,13
17179020700,4265,4265,0
17179020800,3216,3162,54
17179020900,1954,1942,12
17179021000,6392,6337,55
17179021101,6488,6426,62
17179021102,6078,5948,130
17179021201,4797,4731,66
17179021202,3366,3218,148
17179021203,5201,5105,96
17179021500,6732,6299,433
17179021603,5213,5127,86
17179021604,1878,1829,49
17179021605,2580,2488,92
17179021606,5898,5721,177
17179021701,5934,5801,133
17179021702,5659,5629,30
17179021801,5262,5050,212
17179021802,1903,1875,28
17179021900,4722,4552,170
17179022000,4430,4394,36
17179022100,3943,3873,70
17179022200,5188,5120,68
17179022300,4958,4737,221
17179022400,4915,4847,68
17181950100,4332,3907,425
17181950200,2620,2450,170
17181950300,2110,2066,44
17181950400,4729,4517,212
17181950500,3667,3655,12
17183000100,2100,1995,105
17183000200,2041,1852,189
17183000300,2244,1735,509
17183000400,3379,3309,70
17183000500,3429,3380,49
17183000600,2146,1998,148
17183000700,3558,3419,139
17183000800,2196,2148,48
17183000900,2675,2589,86
17183001200,3155,3072,83
17183001300,3345,3314,31
17183010100,3592,3552,40
17183010200,5314,4748,566
17183010300,4817,4747,70
17183010400,2251,2122,129
17183010500,3926,3913,13
17183010600,4083,4014,69
17183010701,3024,2681,343
17183010702,2977,2905,72
17183010800,3426,3165,261
17183010900,2877,2863,14
17183011000,4151,4088,63
17183011100,2518,2484,34
17183011200,6389,5776,613
17185957200,3879,3826,53
17185957300,3088,3088,0
17185957400,2102,2037,65
17185957500,2518,2436,82
17187870100,2105,2070,35
17187870200,2632,2604,28
17187870300,2815,2802,13
17187870400,5185,4492,693
17187870500,4874,4048,826
17189950100,3276,3220,56
17189950200,3858,3830,28
17189950300,3157,3109,48
17189950400,4078,4002,76
17191954900,3100,3076,24
17191955000,4675,4652,23
17191955100,2766,2761,5
17191955200,3001,2947,54
17191955300,2975,2955,20
17193958000,2264,2200,64
17193958100,3336,3329,7
17193958200,2949,2917,32
17193958300,2686,2677,9
17193958400,3175,3099,76
17195000100,4005,3738,267
17195000200,2861,2737,124
17195000300,3379,3189,190
17195000400,3171,3091,80
17195000500,3455,3394,61
17195000600,4029,3939,90
17195000700,2799,2663,136
17195000800,1991,1958,33
17195000900,3625,3159,466
17195001000,2663,1749,914
17195001100,4717,3545,1172
17195001200,4168,3078,1090
17195001300,2668,2191,477
17195001400,2318,2204,114
17195001500,3147,2765,382
17195001600,2626,2188,438
17195001700,3380,3003,377
17195001800,2153,1895,258
17197880105,7879,5896,1983
17197880106,5089,3311,1778
17197880107,5014,3707,1307
17197880109,5464,4689,775
17197880111,3616,2150,1466
17197880112,2072,1575,497
17197880113,3459,1790,1669
17197880114,2987,1858,1129
17197880115,3169,2173,996
17197880116,2871,2074,797
17197880117,3588,2452,1136
17197880118,4671,4546,125
17197880119,4496,4341,155
17197880120,9730,8165,1565
17197880121,10151,8145,2006
17197880202,4470,3332,1138
17197880203,4065,2524,1541
17197880204,5665,4489,1176
17197880303,4234,4121,113
17197880304,5140,4868,272
17197880305,5135,4960,175
17197880306,7255,6555,700
17197880307,5844,5486,358
17197880308,8940,8102,838
17197880309,5072,4972,100
17197880310,12872,11481,1391
17197880312,9884,9527,357
17197880313,11638,9935,1703
17197880314,7464,6855,609
17197880404,11423,9730,1693
17197880408,4933,3884,1049
17197880410,8558,5464,3094
17197880411,3467,2864,603
17197880412,4421,3524,897
17197880414,4342,3633,709
17197880415,7784,5605,2179
17197880416,2963,2444,519
17197880417,2753,2364,389
17197880418,5225,4332,893
17197880419,9247,7147,2100
17197880420,10364,7644,2720
17197880421,6027,5243,784
17197880502,4915,4443,472
17197880503,4362,3650,712
17197880505,7026,4345,2681
17197880507,7894,5461,2433
17197880601,3106,2837,269
17197880602,3624,3488,136
17197880701,4171,3790,381
17197880702,3014,2193,821
17197880901,5943,5085,858
17197880903,2620,2226,394
17197880905,2635,1972,663
17197881001,5326,4989,337
17197881002,5160,4811,349
17197881005,3399,3357,42
17197881006,2467,2219,248
17197881007,6155,5233,922
17197881009,6953,6490,463
17197881010,3630,3291,339
17197881011,3252,3145,107
17197881012,2998,2923,75
17197881105,6234,5629,605
17197881107,3159,2753,406
17197881108,6393,5855,538
17197881109,4929,4754,175
17197881111,3136,2876,260
17197881112,5218,5079,139
17197881113,3788,3565,223
17197881115,4329,3987,342
17197881116,4140,3844,296
17197881200,4800,3336,1464
17197881301,2744,423,2321
17197881302,1606,181,1425
17197881401,3323,1556,1767
17197881402,2984,2372,612
17197881500,3003,2296,707
17197881601,1735,1506,229
17197881603,3499,2917,582
17197881604,2699,2269,430
17197881700,3200,2726,474
17197881800,4637,2193,2444
17197881900,3478,2429,1049
17197882000,3657,2191,1466
17197882100,2727,520,2207
17197882200,4829,2280,2549
17197882300,3909,2403,1506
17197882400,3387,1889,1498
17197882500,2504,1698,806
17197882601,3554,2148,1406
17197882602,2855,1528,1327
17197882701,2395,1687,708
17197882702,3230,2145,1085
17197882801,2697,2000,697
17197882802,3410,2568,842
17197882900,2545,1488,1057
17197883000,3639,2864,775
17197883100,4475,3346,1129
17197883206,4353,3659,694
17197883208,2953,2492,461
17197883209,3205,2808,397
17197883210,2614,2383,231
17197883211,6100,4784,1316
17197883212,5738,5330,408
17197883213,5669,5202,467
17197883214,2659,2308,351
17197883215,10806,8162,2644
17197883216,2910,2568,342
17197883303,3566,3423,143
17197883304,2022,1781,241
17197883305,2989,2709,280
17197883306,3858,3596,262
17197883307,4071,3694,377
17197883401,4034,3893,141
17197883402,2144,1866,278
17197883504,5023,4888,135
17197883505,8706,8005,701
17197883507,3998,3814,184
17197883509,4398,4186,212
17197883510,5082,4695,387
17197883511,4704,4359,345
17197883513,5856,5534,322
17197883514,7329,6903,426
17197883515,4099,3959,140
17197883516,7125,6896,229
17197883517,3244,2913,331
17197883519,5215,4890,325
17197883521,3625,3482,143
17197883522,3419,3348,71
17197883602,5361,5112,249
17197883603,3244,3103,141
17197883605,3025,2999,26
17197883606,3930,3485,445
17197883700,3130,2653,477
17197883803,2545,2352,193
17197883804,2885,2555,330
17197883806,3419,3327,92
17197883808,1883,1736,147
17197883809,3187,2990,197
17197883810,3621,3332,289
17197883811,2982,2633,349
17197883902,6340,5766,574
17197883903,1763,1633,130
17197883904,4409,4187,222
17197884003,4232,4023,209
17197884004,2745,2597,148
17197884005,1241,1206,35
17197884006,2194,2154,40
17197884101,4332,3382,950
17197884103,3020,2240,780
17197980000,0,0,0
17197980100,3438,2997,441
17199020100,3645,3533,112
17199020201,5769,5559,210
17199020202,2708,2604,104
17199020300,4506,4407,99
17199020400,3807,3765,42
17199020500,3418,3312,106
17199020600,4249,4154,95
17199020700,4966,4842,124
17199020800,6341,6341,0
17199020900,4882,4784,98
17199021000,5491,5346,145
17199021100,3075,2973,102
17199021200,4649,4511,138
17199021300,4919,4850,69
17199021400,4911,4723,188
17201000101,4933,4759,174
17201000103,2838,2729,109
17201000104,2868,2654,214
17201000105,4030,3710,320
17201000200,3415,3325,90
17201000300,4157,4040,117
17201000401,2042,1995,47
17201000402,2934,2803,131
17201000403,4135,3971,164
17201000501,4171,3465,706
17201000502,3067,2484,583
17201000504,7042,6614,428
17201000506,4323,4210,113
17201000507,4196,3185,1011
17201000510,3135,3074,61
17201000511,2733,2330,403
17201000512,5003,4793,210
17201000513,3914,3846,68
17201000514,3723,3413,310
17201000600,4482,4142,340
17201000700,3286,3033,253
17201000800,2773,2208,565
17201001000,2549,1971,578
17201001100,1048,977,71
17201001200,2277,1517,760
17201001300,2859,1960,899
17201001400,4027,2986,1041
17201001500,4829,3601,1228
17201001600,5489,4830,659
17201001700,3329,2487,842
17201001800,5609,4197,1412
17201001900,3368,2351,1017
17201002000,2876,2032,844
17201002100,1917,1428,489
17201002200,3645,2450,1195
17201002301,2410,1971,439
17201002302,1262,1025,237
17201002400,2352,1889,463
17201002500,3190,2518,672
17201002600,3224,2713,511
17201002700,2843,1284,1559
17201002800,1809,575,1234
17201002900,1116,1047,69
17201003000,1730,1582,148
17201003100,3667,2749,918
17201003200,3628,2802,826
17201003300,3453,3055,398
17201003400,4830,4080,750
17201003500,2763,2577,186
17201003601,1581,1477,104
17201003602,3755,3288,467
17201003604,2732,2410,322
17201003605,1941,1752,189
17201003606,2864,2434,430
17201003705,4882,4612,270
17201003706,6455,5407,1048
17201003707,3926,3505,421
17201003708,2950,2215,735
17201003709,1552,1169,383
17201003710,2502,2152,350
17201003711,4667,4494,173
17201003801,6224,5992,232
17201003805,7010,6800,210
17201003806,5130,4861,269
17201003807,7575,7179,396
17201003808,3512,3401,111
17201003809,4846,4557,289
17201003901,4546,4454,92
17201003903,6201,6081,120
17201003904,4673,4574,99
17201004001,8679,7943,736
17201004002,6979,6570,409
17201004003,1945,1550,395
17201004100,5137,5063,74
17201004200,6370,6221,149
17201004300,4955,4851,104
17201980000,8,8,0
17203030100,2410,2387,23
17203030200,3020,2989,31
17203030300,3007,2934,73
17203030400,5691,5632,59
17203030501,7732,7606,126
17203030502,2692,2650,42
17203030601,6673,6482,191
17203030602,3494,3453,41
17203030700,4404,4323,81
18001030100,4875,4733,142
18001030200,4616,4155,461
18001030300,5692,5310,382
18001030400,3437,3253,184
18001030500,5979,5949,30
18001030600,3459,3294,165
18001030700,6755,6586,169
18003000100,2496,2271,225
18003000300,3283,3091,192
18003000400,2458,2397,61
18003000500,2799,2619,180
18003000600,1639,1404,235
18003000701,3161,2976,185
18003000704,2589,2336,253
18003000800,4063,3924,139
18003000900,3450,2990,460
18003001000,1026,959,67
18003001100,1754,1673,81
18003001200,1006,948,58
18003001300,1937,1851,86
18003001600,2368,1985,383
18003001700,1883,1652,231
18003002000,3184,2872,312
18003002100,2524,1997,527
18003002200,4142,3405,737
18003002300,4831,3873,958
18003002500,3472,3109,363
18003002600,3817,3034,783
18003002800,2296,1649,647
18003002900,2221,1763,458
18003003000,3992,2577,1415
18003003100,3228,2186,1042
18003003200,5540,4643,897
18003003301,2857,2707,150
18003003304,3902,3612,290
18003003400,4375,4159,216
18003003500,4164,4033,131
18003003600,5662,5111,551
18003003700,2707,2553,154
18003003800,2949,2879,70
18003003901,3453,3232,221
18003003902,2958,2525,433
18003004000,3494,2690,804
18003004101,2242,2148,94
18003004103,5574,5208,366
18003004300,2743,2202,541
18003004400,3672,2407,1265
18003010100,4994,4952,42
18003010201,6752,6594,158
18003010202,6217,5982,235
18003010304,6747,6725,22
18003010305,5973,5833,140
18003010306,5668,5566,102
18003010307,5936,5837,99
18003010308,5776,5500,276
18003010400,3728,3675,53
18003010500,2657,2588,69
18003010601,3512,3319,193
18003010602,3945,3675,270
18003010603,1622,1622,0
18003010604,2946,2487,459
18003010705,5224,4473,751
18003010706,4916,4642,274
18003010707,5086,4901,185
18003010803,5178,5030,148
18003010804,4348,4110,238
18003010807,4295,4120,175
18003010808,5228,5087,141
18003010809,5598,5463,135
18003010811,5143,5054,89
18003010812,4400,4311,89
18003010813,4205,3993,212
18003010815,4784,4724,60
18003010816,4830,4814,16
18003010817,4406,4297,109
18003010819,5210,4991,219
18003010821,4698,4623,75
18003010900,6538,6370,168
18003011000,2653,2563,90
18003011100,2875,2875,0
18003011201,2273,1992,281
18003011202,3061,2845,216
18003011204,3256,3038,218
18003011205,3395,3338,57
18003011302,5290,4891,399
18003011303,2210,2027,183
18003011304,5226,4512,714
18003011501,4155,3672,483
18003011502,2866,2699,167
18003011603,6575,6543,32
18003011604,4376,4238,138
18003011605,3138,3054,84
18003011606,4956,4837,119
18003011607,5359,5092,267
18003011608,6227,6065,162
18003011609,6335,6250,85
18003011701,3423,3418,5
18003011702,3423,3046,377
18003011801,3951,3839,112
18003011802,1681,1573,108
18003011900,1741,1702,39
18003980001,619,608,11
18003980002,30,30,0
18005010100,4372,4122,250
18005010200,4292,3961,331
18005010300,3511,3369,142
18005010400,6009,5336,673
18005010500,5140,5013,127
18005010600,5569,5336,233
18005010700,3626,3460,166
18005010800,3791,3547,244
18005010900,6036,5843,193
18005011000,5125,5125,0
18005011100,8314,6887,1427
18005011200,5427,5399,28
18005011300,5998,5899,99
18005011400,4103,3768,335
18005011500,8890,8059,831
18007100100,3350,3241,109
18007100200,2986,2915,71
18007100300,2373,2104,269
18009975100,3337,3308,29
18009975200,2704,2620,84
18009975300,2872,2836,36
18009975400,3451,3424,27
18011810100,3732,3619,113
18011810200,4061,3968,93
18011810300,6095,6090,5
18011810400,5737,5415,322
18011810500,6474,6157,317
18011810601,6271,6240,31
18011810603,12878,12577,301
18011810604,5909,5753,156
18011810605,5880,5733,147
18011810700,4847,4729,118
18013974600,2515,2510,5
18013974700,3367,3355,12
18013974800,4443,4395,48
18013974900,4640,4475,165
18015959300,3195,3128,67
18015959400,2516,2503,13
18015959500,2501,2472,29
18015959600,3386,2786,600
18015959700,3074,3074,0
18015959800,2710,2655,55
18015959900,2625,2601,24
18017950900,5010,5008,2
18017951000,2574,2512,62
18017951100,3070,2870,200
18017951200,2010,1543,467
18017951300,2586,2207,379
18017951400,2234,1901,333
18017951500,4482,3157,1325
18017951600,6363,4293,2070
18017951700,2638,2442,196
18017951800,3841,3497,344
18017951900,3516,3503,13
18019050100,1255,1131,124
18019050200,3960,3682,278
18019050303,2560,2560,0
18019050304,4871,4747,124
18019050305,2813,2736,77
18019050306,2606,2547,59
18019050401,3114,3046,68
18019050403,2984,2636,348
18019050404,3909,3816,93
18019050501,1728,1668,60
18019050503,4925,4255,670
18019050504,3271,2658,613
18019050603,6463,5883,580
18019050604,6058,5935,123
18019050605,5984,5727,257
18019050606,4403,4041,362
18019050701,5521,5314,207
18019050703,6104,6055,49
18019050704,6044,5789,255
18019050801,6684,6582,102
18019050803,5431,5267,164
18019050804,4059,3990,69
18019050902,4602,4453,149
18019050903,4141,3773,368
18019050904,5425,5141,284
18019051000,5078,4728,350
18021040100,5596,5464,132
18021040200,6695,6675,20
18021040300,3307,3303,4
18021040400,3815,3660,155
18021040500,3418,3385,33
18021040600,3737,3737,0
18023950100,2932,2879,53
18023950200,5249,4897,352
18023950300,5240,5139,101
18023950400,4016,3807,209
18023950500,4676,3178,1498
18023950600,3259,2607,652
18023950700,3671,3160,511
18023950800,3649,2213,1436
18025951900,3673,3606,67
18025952000,4292,4235,57
18025952100,2617,2587,30
18027954300,3995,3976,19
18027954400,2853,2833,20
18027954500,9386,9359,27
18027954600,4177,4100,77
18027954700,3819,2919,900
18027954800,3784,3414,370
18027954900,4569,4474,95
18029080101,3050,3048,2
18029080103,5626,5403,223
18029080104,4076,4042,34
18029080201,2210,2146,64
18029080202,6691,6669,22
18029080300,4986,4910,76
18029080400,5900,5754,146
18029080500,4172,4172,0
18029080600,6802,6788,14
18029080700,6039,6036,3
18031969000,5519,5331,188
18031969100,3583,3454,129
18031969200,4666,4615,51
18031969300,3132,3111,21
18031969400,5847,5794,53
18031969500,3593,3549,44
18033020100,4535,4404,131
18033020200,4641,4502,139
18033020300,4146,3974,172
18033020400,7338,7101,237
18033020500,5976,5807,169
18033020601,3076,2998,78
18033020602,4738,4671,67
18033020700,3540,3468,72
18033020800,4499,4420,79
18035000300,1684,1673,11
18035000400,1821,1756,65
18035000500,4054,3967,87
18035000600,1312,1260,52
18035000700,4060,3854,206
18035000800,4579,4479,100
18035000902,5593,5398,195
18035000903,2784,2727,57
18035000904,6135,5944,191
18035001000,4693,4574,119
18035001100,3182,3030,152
18035001200,2283,2205,78
18035001300,3165,3152,13
18035001400,1863,1840,23
18035001500,2666,2628,38
18035001600,2177,2177,0
18035001700,1390,1384,6
18035002000,5064,4739,325
18035002100,2912,2912,0
18035002200,6174,5963,211
18035002301,3693,3693,0
18035002302,3976,3971,5
18035002401,5362,5362,0
18035002402,8658,8584,74
18035002500,5447,5321,126
18035002601,7131,6982,149
18035002602,2785,2785,0
18035002700,4737,4677,60
18035002800,2452,2323,129
18035002900,4631,4622,9
18037953200,6251,6210,41
18037953300,7192,6850,342
18037953400,5816,5226,590
18037953500,4810,4733,77
18037953600,5255,5242,13
18037953700,7178,7128,50
18037953800,5843,4125,1718
18039000100,2872,2141,731
18039000200,6815,4623,2192
18039000301,4397,3101,1296
18039000302,6157,4812,1345
18039000400,4936,4070,866
18039000501,6969,3930,3039
18039000502,5094,3908,1186
18039000600,9946,9492,454
18039000700,7108,6476,632
18039000801,3395,3110,285
18039000802,9175,8680,495
18039000900,7796,7703,93
18039001000,4404,4239,165
18039001100,5302,5175,127
18039001200,4919,4631,288
18039001300,6714,6585,129
18039001400,9694,9083,611
18039001501,5138,4368,770
18039001502,6247,5774,473
18039001601,4842,4556,286
18039001602,4724,4167,557
18039001701,3421,3307,114
18039001702,5790,4661,1129
18039001801,3364,3207,157
18039001802,6900,6609,291
18039001901,6807,5322,1485
18039001902,4279,3780,499
18039002000,7258,6524,734
18039002101,4067,3518,549
18039002102,5528,3277,2251
18039002200,9698,6212,3486
18039002300,2412,1878,534
18039002400,4359,3583,776
18039002600,4545,3156,1389
18039002700,2020,1616,404
18039002900,4548,4114,434
18041954000,3732,3732,0
18041954100,2660,2611,49
18041954200,3246,3246,0
18041954300,2657,2633,24
18041954400,4304,4276,28
18041954500,3752,3662,90
18041954600,3257,3217,40
18043070200,1711,1629,82
18043070301,2856,2789,67
18043070302,3483,3349,134
18043070400,2446,2338,108
18043070500,3228,2865,363
18043070600,2337,2322,15
18043070700,2566,2504,62
18043070801,3214,3005,209
18043070802,4438,4275,163
18043070901,5740,5616,124
18043070902,1740,1617,123
18043071003,6699,6598,101
18043071004,4392,4346,46
18043071005,5717,5597,120
18043071006,4390,4068,322
18043071007,4702,4598,104
18043071101,5596,5523,73
18043071103,4164,4164,0
18043071104,4584,4531,53
18043071200,2287,2286,1
18045957600,2883,2711,172
18045957700,2365,2307,58
18045957800,3743,3726,17
18045957900,4487,4379,108
18045958000,3263,3223,40
18047960100,4751,4749,2
18047969600,6191,6093,98
18047969700,2545,2486,59
18047969800,5492,5492,0
18047969900,3908,3817,91
18049953000,3331,3164,167
18049953100,6134,5936,198
18049953200,3341,3270,71
18049953300,2057,2051,6
18049953400,2652,2626,26
18049953500,2897,2371,526
18051050100,4006,3935,71
18051050200,8428,8398,30
18051050300,5450,5380,70
18051050401,3479,3446,33
18051050402,4302,4280,22
18051050501,3323,3250,73
18051050502,4696,4512,184
18053000100,3862,3566,296
18053000200,4029,3560,469
18053000400,3931,3810,121
18053000500,4904,4864,40
18053000600,2578,2275,303
18053000700,3567,3207,360
18053000800,6709,6605,104
18053000900,2657,2574,83
18053010100,5544,5367,177
18053010200,4393,4338,55
18053010300,4060,3958,102
18053010400,2923,2860,63
18053010500,5168,4842,326
18053010600,3480,3324,156
18053010700,5594,5543,51
18053010800,4870,4804,66
18055954701,4750,4750,0
18055954702,3646,3646,0
18055954800,3499,3435,64
18055954900,5111,5107,4
18055955000,2875,2767,108
18055955100,3186,3180,6
18055955200,2172,2111,61
18055955300,4111,4058,53
18055955400,3283,3174,109
18057110100,10875,10050,825
18057110201,4174,4130,44
18057110202,6346,6028,318
18057110300,14280,13733,547
18057110401,3515,3129,386
18057110403,10490,10203,287
18057110404,5259,5143,116
18057110505,7220,7066,154
18057110506,10787,10224,563
18057110507,12807,12563,244
18057110508,10047,9572,475
18057110509,5637,5258,379
18057110511,5176,5034,142
18057110512,4937,4921,16
18057110600,4331,4230,101
18057110700,3367,2960,407
18057110804,15467,14973,494
18057110805,7937,7742,195
18057110806,13884,13335,549
18057110807,6157,5915,242
18057110808,20655,19787,868
18057110809,10221,9786,435
18057110810,6852,6653,199
18057110811,4507,4327,180
18057110812,6578,6341,237
18057110903,12108,11629,479
18057110904,4785,4761,24
18057110905,4117,3806,311
18057110906,6515,6317,198
18057110907,5544,5440,104
18057110908,11775,11283,492
18057111001,12150,11723,427
18057111003,4925,4925,0
18057111004,3352,3324,28
18057111006,4520,4284,236
18057111007,3810,3477,333
18057111008,5899,5834,65
18057111101,3579,3472,107
18057111102,8457,8314,143
18059410100,4327,4280,47
18059410200,11769,11486,283
18059410300,10961,10858,103
18059410400,7146,7100,46
18059410500,3117,3060,57
18059410600,5348,5017,331
18059410700,5576,5576,0
18059410800,9313,8856,457
18059410900,8560,8470,90
18059411000,5838,5753,85
18061060100,6620,6499,121
18061060200,7828,7793,35
18061060300,5320,5180,140
18061060400,7180,7079,101
18061060500,5702,5611,91
18061060600,6720,6551,169
18063210102,18095,17911,184
18063210103,3814,3688,126
18063210104,8446,8386,60
18063210201,3946,3676,270
18063210202,8757,8329,428
18063210300,6636,6528,108
18063210400,5153,5139,14
18063210501,6907,6866,41
18063210502,5869,5795,74
18063210603,9257,8938,319
18063210604,14578,13320,1258
18063210605,11010,10929,81
18063210606,12643,11135,1508
18063210607,5161,4708,453
18063210608,3449,3341,108
18063210700,11041,10897,144
18063210801,3556,3445,111
18063210802,4337,4261,76
18063210900,3575,3471,104
18063211000,5996,5970,26
18063211100,3591,3591,0
18065975500,5835,5649,186
18065975600,4395,4338,57
18065975700,4110,4014,96
18065975800,4563,4506,57
18065975900,4495,4485,10
18065976000,3342,3271,71
18065976100,2599,2599,0
18065976300,1675,1675,0
18065976400,4421,4382,39
18065976500,2506,2374,132
18065976600,2285,2202,83
18065976700,4599,4569,30
18065976800,4128,4106,22
18067000200,3854,3551,303
18067000300,3007,2928,79
18067000400,3271,3166,105
18067000500,3551,3299,252
18067000600,2777,2703,74
18067000700,5926,5886,40
18067000800,5502,5220,282
18067000900,3663,3548,115
18067001000,1737,1710,27
18067001100,4753,4589,164
18067001200,3643,3430,213
18067001300,2818,2761,57
18067001400,4398,4259,139
18067001500,3650,3490,160
18067010100,6286,6235,51
18067010200,6034,5848,186
18067010300,3803,3726,77
18067010400,3751,3685,66
18067010500,5297,5239,58
18067010600,5007,4929,78
18069961300,4527,4490,37
18069961400,3626,3553,73
18069961500,5113,4950,163
18069961600,3935,3882,53
18069961700,4403,4347,56
18069961800,3146,2972,174
18069961900,4391,4314,77
18069962000,4270,4213,57
18069962100,3285,3221,64
18071967500,8504,8268,236
18071967600,4025,3807,218
18071967700,3775,3673,102
18071967800,2264,2060,204
18071967901,4730,3283,1447
18071967902,3091,2834,257
18071968000,5511,5482,29
18071968100,4309,4225,84
18071968200,3980,3962,18
18071968300,3448,3366,82
18073100400,1384,1061,323
18073100800,5069,4589,480
18073100901,3264,3176,88
18073100902,6502,6253,249
18073101000,5970,5553,417
18073101100,3826,3531,295
18073101200,3690,3607,83
18073101300,3756,3715,41
18075962700,3305,3277,28
18075962800,3439,3367,72
18075962900,2788,2758,30
18075963000,2147,1966,181
18075963100,4319,4019,300
18075963200,2785,2780,5
18075963300,2413,2400,13
18077966000,3771,3771,0
18077966100,6192,5857,335
18077966200,4908,4900,8
18077966300,3811,3730,81
18077966400,6749,6430,319
18077966500,5036,5036,0
18077966600,2015,1958,57
18079960200,4942,4782,160
18079960301,3574,3562,12
18079960302,4541,4377,164
18079960400,7250,7124,126
18079960500,2839,2744,95
18079960600,4877,4801,76
18081610100,15638,14335,1303
18081610201,4690,4511,179
18081610202,9745,9001,744
18081610300,3793,3528,265
18081610401,6125,6103,22
18081610403,6098,5719,379
18081610404,4727,4534,193
18081610500,8095,7993,102
18081610603,6474,6445,29
18081610604,8717,8566,151
18081610605,5330,5191,139
18081610606,5244,5203,41
18081610701,12970,12816,154
18081610702,6183,6183,0
18081610801,7169,7160,9
18081610802,7360,7070,290
18081610900,4860,4860,0
18081611000,4337,4161,176
18081611100,3566,3539,27
18081611200,4658,4496,162
18081611300,3962,3520,442
18081611400,7826,7713,113
18083955000,3195,3145,50
18083955100,2993,2984,9
18083955200,5882,5741,141
18083955300,3704,3692,12
18083955400,2051,1956,95
18083955500,3135,3085,50
18083955600,3180,3131,49
18083955700,4731,4634,97
18083955800,3488,3440,48
18083955900,5597,5488,109
18085960900,3183,3064,119
18085961000,4197,3986,211
18085961100,6047,5289,758
18085961200,5974,5288,686
18085961300,3181,3012,169
18085961400,3151,3011,140
18085961500,2575,2551,24
18085961600,1435,1435,0
18085961700,4241,3211,1030
18085961800,5867,5325,542
18085961900,3052,2596,456
18085962000,4620,4180,440
18085962100,8412,7681,731
18085962200,4663,4239,424
18085962300,5422,5270,152
18085962400,3263,3203,60
18085962500,2694,2645,49
18085962600,2790,2739,51
18085962700,3694,3674,20
18087970100,6525,6080,445
18087970200,5144,4518,626
18087970300,7930,7869,61
18087970401,4403,4365,38
18087970402,5082,4867,215
18087970500,3868,3830,38
18087970600,2353,2280,73
18087970700,3090,3090,0
18089010100,4814,4766,48
18089010201,6135,5808,327
18089010203,2701,2676,25
18089010205,1300,1192,108
18089010302,3119,3014,105
18089010304,3068,2614,454
18089010400,3334,3310,24
18089010500,1047,918,129
18089010600,1211,1106,105
18089010900,850,838,12
18089011000,1765,1553,212
18089011100,4751,4713,38
18089011200,4107,4044,63
18089011300,1828,1795,33
18089011400,1577,1571,6
18089011500,3044,2830,214
18089011600,2161,2005,156
18089011700,672,662,10
18089011800,1385,1362,23
18089011900,1441,1378,63
18089012000,796,796,0
18089012100,728,719,9
18089012200,1673,1665,8
18089012300,2834,2774,60
18089012400,4174,3908,266
18089012500,4646,4247,399
18089012600,2381,2263,118
18089012700,3323,2908,415
18089012800,2319,2103,216
18089020100,4684,3069,1615
18089020200,2438,1512,926
18089020300,6316,2386,3930
18089020400,5526,1852,3674
18089020500,3663,1622,2041
18089020600,2112,1741,371
18089020700,5296,3285,2011
18089020800,3876,3097,779
18089020900,4136,3315,821
18089021000,5354,3597,1757
18089021100,2835,1760,1075
18089021300,3733,3046,687
18089021400,4723,2916,1807
18089021500,2273,1715,558
18089021600,3303,2166,1137
18089021700,4737,3318,1419
18089021800,3352,2556,796
18089021900,5012,3415,1597
18089022000,4980,4006,974
18089030100,1328,1182,146
18089030200,1374,816,558
18089030300,2332,1882,450
18089030400,3172,868,2304
18089030500,4328,1361,2967
18089030600,5115,1636,3479
18089030700,2077,1157,920
18089030800,4456,1678,2778
18089030900,3530,1881,1649
18089031000,1249,882,367
18089040100,1430,1024,406
18089040200,3440,2007,1433
18089040300,7802,6348,1454
18089040401,4962,4480,482
18089040402,4285,3874,411
18089040403,6054,4902,1152
18089040501,3313,2835,478
18089040502,3332,3042,290
18089040600,3429,2911,518
18089040700,4999,4254,745
18089040801,3880,3194,686
18089040802,4154,3338,816
18089040900,6749,5691,1058
18089041001,4857,3963,894
18089041002,4785,4043,742
18089041100,2404,1982,422
18089041200,2270,1993,277
18089041302,2474,2030,444
18089041400,3010,2585,425
18089041500,1660,1299,361
18089041600,4145,2873,1272
18089041700,4454,2984,1470
18089041800,6353,4717,1636
18089041900,4781,4269,512
18089042000,6333,5775,558
18089042100,6000,5180,820
18089042200,6507,5364,1143
18089042300,6530,5354,1176
18089042401,6580,5707,873
18089042402,6808,5877,931
18089042403,4098,3598,500
18089042501,6924,5792,1132
18089042503,2935,2589,346
18089042504,7598,6562,1036
18089042505,6522,5735,787
18089042602,6154,5379,775
18089042605,8179,7284,895
18089042606,3343,2808,535
18089042607,6662,5357,1305
18089042608,4654,4090,564
18089042609,9030,8113,917
18089042702,5039,4651,388
18089042703,4468,4008,460
18089042704,4691,4268,423
18089042801,9394,8436,958
18089042802,5303,4896,407
18089042901,6474,6005,469
18089042902,6392,5760,632
18089043001,4487,4247,240
18089043002,5723,5419,304
18089043101,2750,2598,152
18089043102,7464,7162,302
18089043201,3724,3558,166
18089043202,8257,7619,638
18089043300,10686,8865,1821
18089043401,6795,6428,367
18089043403,7118,6702,416
18089043404,1591,1488,103
18089043405,4969,4790,179
18089990000,0,0,0
18091040100,4367,4056,311
18091040300,2477,2363,114
18091040400,3187,3029,158
18091040500,3758,3617,141
18091040600,4510,4377,133
18091040700,1564,1354,210
18091040800,3108,2643,465
18091040900,2541,2353,188
18091041100,2161,2061,100
18091041200,907,905,2
18091041300,2364,2300,64
18091041400,3734,3470,264
18091041500,5004,4934,70
18091041600,6517,6227,290
18091041700,3240,3186,54
18091041800,6393,5734,659
18091041900,5912,5547,365
18091042000,2735,2545,190
18091042100,6114,5234,880
18091042200,3139,2966,173
18091042300,2299,2034,265
18091042400,7161,6661,500
18091042500,5103,4974,129
18091042600,8736,8277,459
18091042700,4952,4804,148
18091042800,3022,2874,148
18091042900,3634,3477,157
18091043000,2354,2244,110
18091990000,0,0,0
18093950400,3804,3724,80
18093950500,4560,4474,86
18093950600,7238,7238,0
18093950700,7482,7446,36
18093950800,3602,3493,109
18093950900,2813,2768,45
18093951000,3448,3404,44
18093951100,3068,3027,41
18093951200,5981,5855,126
18093951300,3700,3574,126
18095000300,2414,2345,69
18095000400,2408,2274,134
18095000500,3207,2863,344
18095000800,2010,1804,206
18095000900,2050,1708,342
18095001000,2618,2289,329
18095001100,2574,2463,111
18095001200,3037,3026,11
18095001300,5108,4951,157
18095001400,3457,3413,44
18095001500,4291,4187,104
18095001600,2643,2550,93
18095001700,4148,4081,67
18095001800,4877,4503,374
18095001900,5563,5445,118
18095002000,3716,3663,53
18095010100,3042,2992,50
18095010200,4835,4539,296
18095010300,3014,2909,105
18095010400,2959,2808,151
18095010500,3501,3422,79
18095010600,5158,5013,145
18095010700,3081,2991,90
18095010800,3408,3331,77
18095010900,2274,2225,49
18095011000,1899,1899,0
18095011100,3838,3737,101
18095011200,6202,6066,136
18095011300,2620,2497,123
18095011400,3840,3830,10
18095011501,4520,4458,62
18095011502,4120,4071,49
18095011600,3354,3186,168
18095011700,2404,2367,37
18095011800,7465,7172,293
18095011900,1547,1458,89
18095012000,2660,2512,148
18097310103,7160,6817,343
18097310104,3157,3049,108
18097310105,3619,3479,140
18097310106,3976,3270,706
18097310108,3246,3142,104
18097310110,2841,2633,208
18097310111,3805,3402,403
18097310201,3633,3162,471
18097310203,5642,4901,741
18097310204,5886,4878,1008
18097310305,7013,5825,1188
18097310306,7484,5008,2476
18097310308,3779,3185,594
18097310309,3931,3385,546
18097310310,4622,4185,437
18097310311,5347,4841,506
18097310312,5547,4330,1217
18097320105,4578,4249,329
18097320106,2515,2252,263
18097320107,1766,1751,15
18097320108,4899,4200,699
18097320109,2651,2624,27
18097320202,4030,3940,90
18097320203,3245,3072,173
18097320204,5525,4856,669
18097320301,3567,3548,19
18097320303,3402,3094,308
18097320304,6387,6130,257
18097320400,3178,2976,202
18097320500,3025,2684,341
18097320600,2301,2239,62
18097320700,1955,1955,0
18097320800,3023,2952,71
18097320901,6168,5888,280
18097320902,4416,3149,1267
18097320903,4889,3768,1121
18097321001,2846,2578,268
18097321002,4198,4136,62
18097321100,3698,3596,102
18097321200,5085,5024,61
18097321300,2423,2395,28
18097321400,5612,5230,382
18097321600,5558,5397,161
18097321700,3724,3555,169
18097321800,3586,3486,100
18097321900,6175,5999,176
18097322000,3667,3583,84
18097322100,2950,2915,35
18097322200,2145,2129,16
18097322300,2499,2470,29
18097322400,3125,3017,108
18097322500,1391,1260,131
18097322600,4011,3877,134
18097322700,1994,1987,7
18097330103,5035,4996,39
18097330105,5071,4714,357
18097330106,3933,3382,551
18097330107,6457,6226,231
18097330108,3818,3797,21
18097330109,4829,4731,98
18097330202,11186,10037,1149
18097330203,5899,5649,250
18097330204,6614,6425,189
18097330206,4920,4740,180
18097330208,2828,2730,98
18097330209,8847,8253,594
18097330401,5890,5806,84
18097330500,6645,6494,151
18097330600,5369,4583,786
18097330700,5698,3837,1861
18097330803,4050,3692,358
18097330804,3392,2843,549
18097330805,2843,2448,395
18097330806,3831,2943,888
18097330900,5147,4763,384
18097331000,4469,4376,93
18097340101,3808,3494,314
18097340102,3592,3062,530
18097340108,2255,1510,745
18097340109,1378,1061,317
18097340110,5435,4163,1272
18097340111,3646,3215,431
18097340112,4933,4664,269
18097340113,3977,3580,397
18097340114,4201,3978,223
18097340201,3619,2156,1463
18097340202,4189,3662,527
18097340300,8215,3881,4334
18097340400,3644,2357,1287
18097340500,4625,4378,247
18097340600,5525,4053,1472
18097340700,4245,2763,1482
18097340800,1631,1621,10
18097340901,3676,3399,277
18097340902,6604,5588,1016
18097341000,1755,1653,102
18097341100,1944,1524,420
18097341200,2120,1798,322
18097341600,2149,1795,354
18097341700,4798,3385,1413
18097341902,3365,3175,190
18097341903,5118,3739,1379
18097341904,2458,1233,1225
18097342000,6931,5964,967
18097342101,5518,4256,1262
18097342200,5885,4609,1276
18097342300,7006,6007,999
18097342400,1831,1734,97
18097342500,4754,3737,1017
18097342600,3350,2253,1097
18097350100,1266,1184,82
18097350300,2170,2133,37
18097350400,2728,2666,62
18097350500,2133,1933,200
18097350600,3912,3867,45
18097350700,1330,1218,112
18097350800,2133,2029,104
18097350900,1362,1360,2
18097351000,2579,2524,55
18097351200,2345,2270,75
18097351500,1914,1857,57
18097351600,2205,2158,47
18097351700,2613,2520,93
18097351900,2424,2415,9
18097352100,2018,1900,118
18097352300,1213,1178,35
18097352400,3198,2939,259
18097352500,2772,2597,175
18097352600,3243,2668,575
18097352700,2446,2301,145
18097352800,1017,1016,1
18097353300,2847,2732,115
18097353500,2355,2176,179
18097353600,2360,2189,171
18097354200,6716,6340,376
18097354400,1462,1412,50
18097354500,2562,2288,274
18097354700,1507,1210,297
18097354800,1552,1342,210
18097354900,2705,2096,609
18097355000,2237,1643,594
18097355100,1764,1582,182
18097355300,2264,2052,212
18097355400,2930,2515,415
18097355500,3619,3098,521
18097355600,1862,1332,530
18097355700,2571,1935,636
18097355900,2262,2058,204
18097356200,3540,3253,287
18097356400,4049,3142,907
18097356900,2984,2667,317
18097357000,2570,2386,184
18097357100,2169,1555,614
18097357200,2834,2604,230
18097357300,2072,1923,149
18097357400,3940,3613,327
18097357500,4261,4051,210
18097357600,7584,6618,966
18097357800,1873,1762,111
18097357900,4413,3492,921
18097358000,1411,1230,181
18097358100,2858,2679,179
18097360101,2088,1956,132
18097360102,2574,2525,49
18097360201,3672,3534,138
18097360202,3560,3243,317
18097360301,3195,2764,431
18097360302,2467,1862,605
18097360401,6391,5761,630
18097360402,2005,1850,155
18097360404,7800,6462,1338
18097360405,5472,4762,710
18097360501,6064,5624,440
18097360502,6328,6193,135
18097360601,4749,4304,445
18097360602,5954,5586,368
18097360700,1867,1748,119
18097360800,2367,1859,508
18097360900,5066,4581,485
18097361000,2034,2012,22
18097361100,3320,3191,129
18097361200,3482,3288,194
18097361300,2358,2274,84
18097361400,11224,10736,488
18097361600,8477,8369,108
18097370201,4107,4008,99
18097370202,6428,6157,271
18097370301,9845,9410,435
18097370302,8596,8262,334
18097380100,18241,17500,741
18097380200,3235,2892,343
18097380300,5555,5009,546
18097380402,5042,4721,321
18097380403,3687,3675,12
18097380404,3983,3710,273
18097380501,2430,2274,156
18097380502,4012,3659,353
18097380600,5020,4256,764
18097380700,5801,5256,545
18097380800,2379,2370,9
18097380901,5062,5033,29
18097380902,5696,5599,97
18097381001,7966,7750,216
18097381002,3037,3015,22
18097381101,5738,5693,45
18097381102,5789,5558,231
18097381201,6917,6618,299
18097381203,3197,2762,435
18097381204,3030,2804,226
18097381205,6559,5701,858
18097390101,8840,8125,715
18097390102,5025,4949,76
18097390200,3544,3471,73
18097390300,5748,5730,18
18097390402,12494,11874,620
18097390403,10731,10595,136
18097390404,6358,5701,657
18097390405,3722,3535,187
18097390500,2404,2388,16
18097390600,5549,4926,623
18097390700,2916,1757,1159
18097390800,4393,3998,395
18097390900,2149,2039,110
18097391000,5403,5149,254
18099020101,5257,4540,717
18099020102,3687,3564,123
18099020201,4214,4090,124
18099020202,2808,2808,0
18099020301,3984,3927,57
18099020302,3112,3017,95
18099020400,2780,2503,277
18099020500,3995,2282,1713
18099020600,5237,4611,626
18099020701,3548,3172,376
18099020702,3113,2951,162
18099020800,5098,5006,92
18101950100,2540,2518,22
18101950200,3600,3600,0
18101950300,4078,4078,0
18103952000,4472,4418,54
18103952100,4682,4635,47
18103952200,2684,2684,0
18103952300,2832,2775,57
18103952400,2858,2828,30
18103952500,2156,1831,325
18103952600,3380,3380,0
18103952700,7337,7059,278
18103952800,3094,3006,88
18103952900,2598,2473,125
18105000100,5400,5218,182
18105000201,6435,6147,288
18105000202,6437,6005,432
18105000301,4259,4124,135
18105000302,3309,3287,22
18105000401,4358,3964,394
18105000402,4776,4453,323
18105000501,4551,4489,62
18105000502,3387,3099,288
18105000601,3959,3913,46
18105000602,3518,3188,330
18105000700,2783,2766,17
18105000800,5979,5929,50
18105000901,3094,2883,211
18105000903,5199,4920,279
18105000904,5363,5302,61
18105001001,5443,5363,80
18105001002,5753,5533,220
18105001101,5711,5545,166
18105001102,4653,4371,282
18105001103,3112,3029,83
18105001200,6217,6071,146
18105001301,6061,6008,53
18105001303,5873,5739,134
18105001304,3980,3901,79
18105001305,2078,2078,0
18105001401,2081,2073,8
18105001402,5460,5381,79
18105001501,5427,5427,0
18105001502,2876,2843,33
18105001600,5760,5571,189
18107956700,3328,3298,30
18107956800,2890,2856,34
18107956900,5226,4949,277
18107957000,4930,4671,259
18107957100,4849,4453,396
18107957200,4422,3894,528
18107957300,4285,4264,21
18107957400,4501,4323,178
18107957500,3677,3649,28
18109510100,9768,9641,127
18109510201,4308,4184,124
18109510202,4024,3974,50
18109510300,4757,4673,84
18109510401,4015,3997,18
18109510402,5509,5367,142
18109510500,4327,4278,49
18109510600,7989,7951,38
18109510701,3164,3089,75
18109510702,5905,5886,19
18109510800,3569,3548,21
18109510900,4414,4315,99
18109511000,7755,7622,133
18111100400,5992,5680,312
18111100500,3055,2900,155
18111100600,2589,2327,262
18111100700,2386,2287,99
18113971700,5873,5821,52
18113971800,3778,3428,350
18113971900,4799,4590,209
18113972000,2882,2813,69
18113972100,4937,4383,554
18113972200,4817,2244,2573
18113972300,4891,4339,552
18113972400,4745,4573,172
18113972500,6876,6685,191
18113972600,3989,3957,32
18115965700,2537,2529,8
18115965800,3466,3437,29
18117951300,3580,3554,26
18117951400,3179,3127,52
18117951500,3027,2891,136
18117951600,3250,3250,0
18117951700,3065,3048,17
18117951800,3478,3448,30
18119955500,3669,3617,52
18119955600,3659,3659,0
18119955700,5182,5182,0
18119955800,3935,3920,15
18119955900,4593,4414,179
18121030100,4243,4215,28
18121030200,3337,3307,30
18121030300,4878,4769,109
18121030400,4575,4498,77
18123952200,5580,5562,18
18123952300,3062,3039,23
18123952400,4180,4085,95
18123952500,4067,4012,55
18123952600,2412,2366,46
18125953900,3380,3380,0
18125954000,3039,3022,17
18125954100,2909,2909,0
18125954200,3226,3187,39
18127050101,9423,8567,856
18127050103,8171,7927,244
18127050202,6376,6059,317
18127050203,6768,6219,549
18127050300,6878,6040,838
18127050402,8384,6580,1804
18127050405,1138,1118,20
18127050407,4105,3324,781
18127050501,5679,4854,825
18127050503,5002,4471,531
18127050505,2419,1878,541
18127050506,6402,5064,1338
18127050507,4006,3462,544
18127050508,5283,4625,658
18127050509,4762,4271,491
18127050602,4639,4112,527
18127050603,3669,3414,255
18127050604,8250,7748,502
18127050702,8253,7612,641
18127050703,3075,3022,53
18127050704,5271,5083,188
18127050800,6496,6200,296
18127050900,4457,3987,470
18127051002,8613,7991,622
18127051005,4563,4345,218
18127051006,4595,4246,349
18127051007,7236,6605,631
18127051008,2336,2163,173
18127051101,6204,5924,280
18127051102,4563,4443,120
18127980001,0,0,0
18127980002,0,0,0
18127990000,0,0,0
18129040100,5473,5426,47
18129040200,2346,2309,37
18129040300,2725,2666,59
18129040400,5534,5483,51
18129040500,3066,3037,29
18129040600,3454,3410,44
18129040700,2929,2923,6
18131958900,2739,2675,64
18131959000,3635,3502,133
18131959100,3531,3417,114
18131959200,3005,2956,49
18133956000,3093,3089,4
18133956100,2438,2438,0
18133956200,5146,5030,116
18133956300,7560,7202,358
18133956400,7592,7496,96
18133956500,5861,5800,61
18133956600,5936,5586,350
18135951400,2635,2582,53
18135951500,2797,2791,6
18135951600,3654,3072,582
18135951700,3111,3080,31
18135951800,2650,2632,18
18135951900,4565,4502,63
18135952000,3095,3069,26
18135952100,2896,2856,40
18137968400,7331,7183,148
18137968500,4693,4583,110
18137968600,5352,5193,159
18137968700,3387,3378,9
18137968800,3216,3151,65
18137968900,4654,4645,9
18139974100,2789,2777,12
18139974200,3530,3483,47
18139974300,3551,3520,31
18139974400,3113,2986,127
18139974500,3890,3866,24
18141000100,2014,1663,351
18141000200,3674,2943,731
18141000301,2458,2412,46
18141000302,2424,2280,144
18141000400,2424,2171,253
18141000500,1387,1248,139
18141000600,2359,1901,458
18141000700,1469,1373,96
18141000800,1716,1596,120
18141000900,1092,1066,26
18141001000,2878,2560,318
18141001100,4707,4441,266
18141001200,2249,2107,142
18141001300,2286,2174,112
18141001400,2983,2767,216
18141001500,2458,2441,17
18141001600,2207,2117,90
18141001700,1394,1351,43
18141001900,1301,1167,134
18141002000,1876,1726,150
18141002100,1382,1187,195
18141002200,3371,1285,2086
18141002300,1498,1124,374
18141002400,3280,1786,1494
18141002500,2413,1671,742
18141002600,2938,1949,989
18141002700,2065,1246,819
18141002800,2090,1417,673
18141002900,1192,888,304
18141003000,1794,1317,477
18141003100,3588,3280,308
18141003200,5156,4830,326
18141003300,2912,2769,143
18141003400,4188,3434,754
18141003500,2791,2567,224
18141010100,2843,2723,120
18141010200,5074,4906,168
18141010300,5842,5744,98
18141010400,3390,3138,252
18141010500,3098,3025,73
18141010600,3866,3761,105
18141010700,3500,3357,143
18141010800,4702,4558,144
18141010900,7775,7323,452
18141011000,6747,6342,405
18141011100,4838,4001,837
18141011201,715,676,39
18141011202,8429,7988,441
18141011301,5759,5501,258
18141011302,6627,6446,181
18141011303,5616,5276,340
18141011304,2383,2337,46
18141011305,4542,4336,206
18141011306,2918,2840,78
18141011403,5793,5733,60
18141011404,7089,6949,140
18141011405,3747,3625,122
18141011406,4989,4916,73
18141011501,3294,3017,277
18141011503,1785,1756,29
18141011504,1523,1507,16
18141011505,2927,2724,203
18141011506,5049,4524,525
18141011601,8244,8069,175
18141011602,7578,7283,295
18141011701,3910,3550,360
18141011702,8545,8359,186
18141011801,1413,1372,41
18141011802,6515,6273,242
18141011900,4209,3666,543
18141012000,3813,3705,108
18141012100,3826,3733,93
18141012200,3120,2997,123
18141012300,3647,3624,23
18141012400,2002,1985,17
18143966700,4416,4314,102
18143966800,3748,3653,95
18143966900,4279,4270,9
18143967000,5775,5643,132
18143967100,5516,5415,101
18145710100,3860,3835,25
18145710200,5669,5595,74
18145710300,4739,4637,102
18145710400,3273,2673,600
18145710500,4463,4111,352
18145710601,3054,2725,329
18145710602,3234,3048,186
18145710700,6483,6412,71
18145710800,4678,4678,0
18145710900,4951,4943,8
18147952700,7580,7252,328
18147952800,3292,3207,85
18147952900,2551,2527,24
18147953000,3856,3850,6
18147953100,3498,3366,132
18149953600,2858,2746,112
18149953700,3643,3410,233
18149953800,4005,3989,16
18149953900,1966,1966,0
18149954000,3535,3327,208
18149954100,3176,3074,102
18149954200,3886,3760,126
18151970800,3870,3841,29
18151970900,2261,2255,6
18151971000,3919,3667,252
18151971100,2567,2567,0
18151971200,3474,3250,224
18151971300,5028,4984,44
18151971400,5388,4978,410
18151971500,3431,3318,113
18151971600,4341,4268,73
18153050100,5885,5806,79
18153050200,3148,3041,107
18153050300,5588,5565,23
18153050400,2229,2203,26
18153050500,4176,4061,115
18155965700,4616,4516,100
18155965800,3043,2977,66
18155965900,2825,2803,22
18157000100,2800,2548,252
18157000200,1782,1639,143
18157000300,3298,2951,347
18157000400,4723,4413,310
18157000700,3466,3009,457
18157000800,1968,1734,234
18157001000,1452,1395,57
18157001100,3146,3041,105
18157001200,3043,2665,378
18157001300,4745,4285,460
18157001400,3477,2750,727
18157001501,4841,4474,367
18157001502,6437,5428,1009
18157001600,11538,11043,495
18157001700,7247,5586,1661
18157001800,4093,3199,894
18157001900,4005,3508,497
18157005101,3518,3321,197
18157005102,5311,5085,226
18157005200,5289,5103,186
18157005300,3411,3359,52
18157005400,7052,6843,209
18157005500,4463,4273,190
18157010100,6059,5974,85
18157010201,5391,5217,174
18157010203,9858,9099,759
18157010204,12939,11838,1101
18157010300,3399,3181,218
18157010400,6009,5694,315
18157010500,2371,2251,120
18157010600,5735,5423,312
18157010700,5273,3924,1349
18157010800,5050,4958,92
18157010901,7892,7514,378
18157010902,4262,4125,137
18157011000,4228,4159,69
18157011100,3826,3760,66
18159020100,2841,2702,139
18159020200,3198,3099,99
18159020300,2697,2697,0
18159020400,6711,6566,145
18161960700,4009,4008,1
18161960800,3242,3242,0
18163000100,2042,2042,0
18163000201,7822,7822,0
18163000202,2287,2244,43
18163000300,3791,3693,98
18163000400,2386,2345,41
18163000500,2307,2234,73
18163000600,1963,1955,8
18163000800,2649,2639,10
18163000900,6368,5787,581
18163001000,3971,3885,86
18163001100,2567,2396,171
18163001200,1552,1530,22
18163001300,1822,1799,23
18163001400,1923,1878,45
18163001500,1944,1894,50
18163001700,2242,2184,58
18163001800,526,526,0
18163001900,1094,1042,52
18163002000,1094,1094,0
18163002100,2241,2073,168
18163002300,2711,2711,0
18163002400,3621,3621,0
18163002500,2035,1885,150
18163002600,3686,3591,95
18163002800,2586,2525,61
18163002900,1109,1101,8
18163003000,4750,4730,20
18163003100,2625,2624,1
18163003200,4339,4260,79
18163003300,3605,3535,70
18163003400,2874,2873,1
18163003500,3058,2998,60
18163003600,4661,3966,695
18163003701,1774,1699,75
18163003702,5024,4565,459
18163003801,4732,4574,158
18163003803,4828,4793,35
18163003804,6239,5912,327
18163003900,3430,3377,53
18163010100,6429,6297,132
18163010201,11248,11054,194
18163010202,3068,3029,39
18163010203,8965,8904,61
18163010403,6305,6269,36
18163010404,7021,6989,32
18163010500,7682,7629,53
18163010600,1852,1846,6
18163010700,8817,8746,71
18163980100,27,27,0
18165020100,3193,3167,26
18165020200,3018,3004,14
18165020300,2848,2829,19
18165020400,1902,1901,1
18165020500,4791,4677,114
18167000300,1835,1822,13
18167000400,3408,3190,218
18167000500,1714,1635,79
18167000600,2369,2271,98
18167000700,1903,1864,39
18167000900,2330,2267,63
18167001000,3916,3902,14
18167001100,2694,2636,58
18167001200,2580,2549,31
18167001300,2209,2193,16
18167001400,3278,3102,176
18167001500,3145,3098,47
18167001600,4999,4847,152
18167001700,4661,4508,153
18167001800,2808,2794,14
18167001900,2101,2005,96
18167010100,5914,5872,42
18167010201,4485,4456,29
18167010202,3322,3322,0
18167010300,3456,3438,18
18167010400,3724,3724,0
18167010500,2540,2498,42
18167010600,6197,6167,30
18167010701,6645,6484,161
18167010702,5923,5779,144
18167011000,3931,3832,99
18167011100,6913,6587,326
18167011200,9099,8549,550
18169102200,6346,5874,472
18169102300,3832,3805,27
18169102400,3296,3277,19
18169102500,4439,4353,86
18169102600,3152,3072,80
18169102700,4074,4039,35
18169102800,3535,3498,37
18169102900,3503,3480,23
18171951000,4566,4501,65
18171951100,3743,3695,48
18173030100,3630,3621,9
18173030200,3730,3730,0
18173030300,5099,5068,31
18173030400,2699,2664,35
18173030500,6944,6829,115
18173030600,6444,6176,268
18173030702,7189,7097,92
18173030703,5833,5694,139
18173030704,4842,4684,158
18173030705,8075,8044,31
18173030800,6942,6768,174
18175967200,4506,4482,24
18175967300,4945,4919,26
18175967400,4427,4372,55
18175967500,2899,2871,28
18175967600,4309,4274,35
18175967700,6706,6519,187
18177000200,3624,3419,205
18177000400,3528,3503,25
18177000500,4697,4103,594
18177000600,2071,2009,62
18177000700,6300,6260,40
18177000800,4940,4696,244
18177000900,5267,5098,169
18177001000,3796,3630,166
18177001100,6727,6561,166
18177010100,2860,2860,0
18177010200,3233,3233,0
18177010300,3290,3235,55
18177010400,3390,3388,2
18177010500,2319,2295,24
18177010600,4379,4348,31
18177010700,4048,4035,13
18177010800,2954,2881,73
18179040100,5803,5620,183
18179040200,3962,3863,99
18179040300,4092,3992,100
18179040400,3504,3495,9
18179040500,2898,2867,31
18179040600,3920,3712,208
18179040700,3657,3566,91
18181958100,2521,2367,154
18181958200,2824,2089,735
18181958300,2345,2306,39
18181958400,2149,2026,123
18181958500,3411,3268,143
18181958600,5030,4432,598
18181958700,2849,2841,8
18181958800,3136,3103,33
18183050100,5329,5221,108
18183050200,5101,5101,0
18183050300,5660,5533,127
18183050400,6903,6791,112
18183050500,5267,5020,247
18183050600,2042,2021,21
18183050700,3052,3052,0
19001960100,2847,2783,64
19001960200,1557,1531,26
19001960300,2926,2899,27
19003950100,1656,1649,7
19003950200,2166,2142,24
19005960100,1900,1888,12
19005960200,2641,2641,0
19005960300,3906,3875,31
19005960400,2313,2310,3
19005960500,3241,2495,746
19007950100,2856,2803,53
19007950200,1681,1675,6
19007950300,2676,2584,92
19007950400,3318,3258,60
19007950500,2071,2065,6
19009070100,1937,1923,14
19009070200,2127,2106,21
19009070300,1729,1729,0
19011960100,2861,2861,0
19011960200,3095,3025,70
19011960300,5330,5329,1
19011960400,3342,3287,55
19011960500,5682,5646,36
19011960600,2722,2613,109
19011960700,2688,2604,84
19013000100,1514,1451,63
19013000200,3202,2883,319
19013000300,3014,2806,208
19013000400,1555,1520,35
19013000500,2033,1822,211
19013000700,1743,1202,541
19013000800,3771,3131,640
19013000900,1799,1617,182
19013001000,3602,3386,216
19013001100,3071,2547,524
19013001200,2298,2233,65
19013001301,3868,3723,145
19013001302,4160,4076,84
19013001400,4582,4443,139
19013001501,3355,3213,142
19013001502,4139,4060,79
19013001503,3846,3827,19
19013001600,2757,2623,134
19013001701,2056,1945,111
19013001702,2368,2253,115
19013001800,1642,1598,44
19013001900,2048,1913,135
19013002000,5398,5234,164
19013002200,4426,4388,38
19013002301,2290,2239,51
19013002303,5043,4944,99
19013002304,2345,2251,94
19013002400,3878,3817,61
19013002500,6257,6145,112
19013002601,4724,4616,108
19013002603,10747,10474,273
19013002604,4369,4357,12
19013002700,3980,3947,33
19013002800,3224,3151,73
19013002901,1311,1294,17
19013002902,3974,3863,111
19013003001,4674,4591,83
19013003002,3758,3745,13
19015020100,2943,2882,61
19015020200,3712,3670,42
19015020300,6417,6073,344
19015020400,2507,2507,0
19015020500,4471,4434,37
19015020600,2418,2306,112
19015020700,3943,3913,30
19017004000,2669,2644,25
19017004100,3502,3471,31
19017004200,4120,3990,130
19017004300,1683,1656,27
19017004400,2898,2829,69
19017004500,2679,2628,51
19017004600,4880,4880,0
19017004700,2232,2226,6
19019950100,2466,2407,59
19019950200,3682,3655,27
19019950300,3614,3607,7
19019950400,2809,2771,38
19019950500,3943,3793,150
19019950600,4517,4497,20
19021960100,1457,1387,70
19021960200,1760,1698,62
19021960300,2061,1849,212
19021960400,6020,3858,2162
19021960500,5468,3378,2090
19021960600,3679,3229,450
19023070100,3278,3269,9
19023070200,2042,2029,13
19023070300,2867,2835,32
19023070400,3753,3696,57
19023070500,2993,2927,66
19025950100,2269,2216,53
19025950200,3140,3079,61
19025950300,2260,2200,60
19025950400,2207,2201,6
19027960100,3910,3863,47
19027960200,2244,2232,12
19027960300,6017,5936,81
19027960400,3994,3774,220
19027960500,1967,1944,23
19027960600,2423,2342,81
19029190100,2331,2292,39
19029190200,2499,2465,34
19029190300,1568,1568,0
19029190400,4086,3876,210
19029190500,2949,2916,33
19031450100,3088,3038,50
19031450200,3480,3465,15
19031450300,3624,3578,46
19031450400,2947,2904,43
19031450500,5250,5070,180
19033950102,4230,3984,246
19033950200,6622,6223,399
19033950300,4572,4379,193
19033950402,4122,3987,135
19033950600,2126,2096,30
19033950700,4094,4020,74
19033950800,4861,4506,355
19033950900,1784,1753,31
19033951000,2651,2579,72
19033951400,3717,3610,107
19033951600,4524,4259,265
19035080100,5296,5086,210
19035080200,2619,2595,24
19035080300,1634,1589,45
19035080400,2203,2117,86
19037070100,3170,3039,131
19037070200,2406,2400,6
19037070300,2802,2768,34
19037070400,3786,3688,98
19039960100,4876,3847,1029
19039960200,2166,2076,90
19039960300,2231,2231,0
19041080100,2125,2108,17
19041080200,5179,4958,221
19041080300,6108,5905,203
19041080400,3066,2980,86
19043070100,2923,2860,63
19043070200,3408,3289,119
19043070300,3382,3335,47
19043070400,2574,2528,46
19043070500,2148,2112,36
19043070600,3300,3280,20
19045000100,2766,2683,83
19045000200,1838,1634,204
19045000300,4763,4749,14
19045000400,3909,3909,0
19045000500,4897,4855,42
19045000600,3784,3651,133
19045000700,4135,3881,254
19045000800,5157,4968,189
19045000900,6586,6273,313
19045001000,3970,3880,90
19045001100,2334,2314,20
19045001200,3833,3759,74
19047070100,1941,1711,230
19047070200,2135,1993,142
19047070300,2101,2009,92
19047070400,8944,4864,4080
19047070500,2026,1893,133
19049050100,5608,5548,60
19049050200,3883,3837,46
19049050300,4670,3496,1174
19049050400,3392,1679,1713
19049050500,1873,1846,27
19049050600,2815,2770,45
19049050700,4455,4431,24
19049050803,7665,7429,236
19049050805,6145,5879,266
19049050807,7420,7059,361
19049050809,8893,8750,143
19049050811,11058,10696,362
19049050812,2636,2472,164
19049050901,3479,3341,138
19049050902,4082,4063,19
19051080100,3895,3849,46
19051080200,4873,4809,64
19053960100,2395,2362,33
19053960200,3679,3532,147
19053960300,2136,2096,40
19055950100,4000,3894,106
19055950200,3001,3000,1
19055950300,5219,5161,58
19055950400,5225,5180,45
19057000200,2548,2324,224
19057000300,3794,3731,63
19057000400,4036,3914,122
19057000500,5238,4966,272
19057000600,4012,3862,150
19057000700,2908,2848,60
19057000800,3259,3228,31
19057000900,3502,3502,0
19057001000,4494,4341,153
19057001100,3702,3695,7
19057001200,2621,2556,65
19059450200,2139,2113,26
19059450500,4980,4874,106
19059450800,3549,3525,24
19059451000,2558,2536,22
19059451100,3820,3703,117
19061000100,3014,2741,273
19061000300,1981,1920,61
19061000400,3941,3902,39
19061000500,3727,3338,389
19061000600,3169,3134,35
19061000701,3747,3530,217
19061000702,2899,2822,77
19061000801,4300,4285,15
19061000802,3263,3263,0
19061000900,3770,3627,143
19061001101,3467,3398,69
19061001102,7087,7015,72
19061001201,4055,3966,89
19061001202,2073,2018,55
19061001204,2623,2623,0
19061001205,4292,4271,21
19061010101,1965,1932,33
19061010103,3104,3090,14
19061010104,5084,5027,57
19061010105,3809,3747,62
19061010201,6026,5962,64
19061010202,4400,4390,10
19061010300,3148,3095,53
19061010400,3718,3625,93
19061010500,4638,4578,60
19061010600,3059,2934,125
19063070100,1975,1944,31
19063070200,1748,1688,60
19063070300,3284,2886,398
19063070400,2813,2412,401
19065080100,2712,2697,15
19065080200,3303,3236,67
19065080300,2449,2434,15
19065080400,2658,2546,112
19065080500,3709,3504,205
19065080600,2406,2388,18
19065080700,3154,3131,23
19067480100,3024,3023,1
19067480200,2794,2716,78
19067480300,2423,2413,10
19067480400,3026,2915,111
19067480500,4737,4560,177
19069360100,3484,3330,154
19069360200,4581,3629,952
19069360300,2328,2201,127
19071970100,2016,2012,4
19071970200,2696,2575,121
19071970300,2307,2256,51
19073080100,1967,1917,50
19073080200,2431,2378,53
19073080300,2816,2765,51
19073080500,1869,1791,78
19075960100,4426,4306,120
19075960200,2887,2881,6
19075960300,2942,2942,0
19075960400,2118,2093,25
19077950100,4025,3908,117
19077950200,2237,2200,37
19077950300,4429,4329,100
19079960100,1949,1928,21
19079960200,3419,3213,206
19079960300,3317,3135,182
19079960400,4776,4332,444
19079960500,1766,1762,4
19081270100,3721,3596,125
19081270200,2620,2570,50
19081270300,2505,2403,102
19081270400,2160,2026,134
19083480100,2629,2557,72
19083480200,2163,1863,300
19083480300,3733,3629,104
19083480400,2856,2787,69
19083480500,2945,2853,92
19083480600,2998,2936,62
19085290100,2432,2429,3
19085290200,3344,3266,78
19085290300,2972,2910,62
19085290400,3182,3106,76
19085290500,2405,2396,9
19087970100,3788,3612,176
19087970200,3257,3251,6
19087970300,4285,3955,330
19087970400,4836,4523,313
19087970500,3775,3706,69
19089960100,3895,3776,119
19089960200,2693,2693,0
19089960300,2842,2817,25
19091970100,2171,2120,51
19091970200,1799,1754,45
19091970300,2970,2835,135
19091970400,2667,2544,123
19093090100,2615,2529,86
19093090200,2089,2086,3
19093090300,2337,2278,59
19095960100,3564,3479,85
19095960200,4215,3982,233
19095960300,3350,3320,30
19095960400,5197,5161,36
19097950100,2430,2430,0
19097950200,3372,3320,52
19097950300,3412,3406,6
19097950400,3839,3731,108
19097950500,4170,4103,67
19097950600,2306,2275,31
19099040100,3834,3764,70
19099040200,3477,3355,122
19099040300,2598,2579,19
19099040400,5116,5016,100
19099040500,4984,4892,92
19099040600,2881,2881,0
19099040700,5094,5000,94
19099040800,5647,5471,176
19099040900,3084,3076,8
19101090100,3125,2999,126
19101090200,4079,4057,22
19101090300,5169,4810,359
19101090400,5289,5275,14
19103000100,6866,6241,625
19103000200,2854,2782,72
19103000301,10218,9823,395
19103000302,5548,5063,485
19103000400,7215,7038,177
19103000500,7947,7589,358
19103000600,3435,3296,139
19103001100,4154,4097,57
19103001200,1962,1865,97
19103001300,3199,3098,101
19103001400,4922,4804,118
19103001500,2374,2312,62
19103001600,7398,6973,425
19103001700,2987,2941,46
19103001801,5307,4429,878
19103001802,4191,3523,668
19103002100,4031,3703,328
19103002300,4702,4485,217
19103010100,6748,6661,87
19103010200,4906,4850,56
19103010301,12061,11502,559
19103010302,14144,13183,961
19103010400,6974,6866,108
19103010500,7863,7324,539
19105070100,4180,4100,80
19105070300,4787,4643,144
19105070400,4712,4640,72
19105070500,2481,2461,20
19105070600,4321,4297,24
19107080100,2266,2230,36
19107080200,2520,2469,51
19107080300,2719,2666,53
19107080400,2729,2722,7
19109950100,2358,2276,82
19109950200,2414,2363,51
19109950300,2334,2302,32
19109950400,2734,2683,51
19109950500,3402,3345,57
19109950600,1984,1947,37
19111490100,4055,3895,160
19111490200,4765,4457,308
19111490300,1958,1892,66
19111490400,2678,2616,62
19111490500,3391,3363,28
19111490600,3612,3600,12
19111490700,4711,4570,141
19111490800,2196,2165,31
19111490900,2166,2067,99
19111491000,2283,2247,36
19111491100,3357,3104,253
19113000100,13105,12905,200
19113000201,5739,5584,155
19113000203,8010,7886,124
19113000205,4563,4563,0
19113000206,7925,7841,84
19113000207,5855,5502,353
19113000300,5644,5603,41
19113000400,5502,5234,268
19113000500,6257,6177,80
19113000600,3014,2933,81
19113000700,2279,2166,113
19113000800,4756,4412,344
19113000901,5572,5317,255
19113000902,6100,5720,380
19113001001,4514,4349,165
19113001002,3228,3113,115
19113001003,6442,5808,634
19113001101,4367,4269,98
19113001102,3561,3484,77
19113001200,1684,1636,48
19113001300,3593,3557,36
19113001400,3483,3400,83
19113001500,2865,2735,130
19113001600,5464,5326,138
19113001700,5806,5622,184
19113001800,3628,3600,28
19113001900,2921,2764,157
19113002200,2185,2028,157
19113002300,4245,4200,45
19113002400,3983,3731,252
19113002500,2952,2865,87
19113002600,2746,2645,101
19113002700,1666,1659,7
19113002800,4247,4131,116
19113002900,5200,5098,102
19113003001,9485,9213,272
19113003002,7230,7020,210
19113010100,3084,3061,23
19113010200,4440,4409,31
19113010300,3809,3803,6
19113010400,2722,2712,10
19113010500,4059,3978,81
19113010600,6076,5979,97
19113010700,6683,6541,142
19113010800,7387,6970,417
19115450100,2952,2607,345
19115450200,4173,2915,1258
19115450300,4126,3937,189
19117950100,2071,2071,0
19117950200,2332,2295,37
19117950300,1945,1945,0
19117950400,2352,2352,0
19119950100,2765,2695,70
19119950200,3254,3231,23
19119950300,5711,5518,193
19121060100,6534,6419,115
19121060200,5245,5132,113
19121060300,3882,3860,22
19123950100,3169,3131,38
19123950200,3364,3348,16
19123950300,3562,3501,61
19123950400,2719,2719,0
19123950500,3499,3431,68
19123950600,3282,3157,125
19123950700,2729,2612,117
19125030100,7686,7630,56
19125030200,6519,6378,141
19125030300,3247,3112,135
19125030401,4583,4475,108
19125030402,3805,3792,13
19125030500,1928,1795,133
19125030600,2502,2502,0
19125030700,2927,2911,16
19127950100,2971,2814,157
19127950200,3064,2885,179
19127950300,3573,3495,78
19127950400,3001,2981,20
19127950500,4470,1953,2517
19127950600,4297,3055,1242
19127950700,4248,3472,776
19127950800,6995,5826,1169
19127950900,3518,2316,1202
19127951000,4598,3874,724
19129040100,2799,2763,36
19129040201,2222,2184,38
19129040202,3409,3122,287
19129040301,2934,2934,0
19129040302,3477,3430,47
19131560100,3506,3390,116
19131560200,3428,3420,8
19131560300,3823,3807,16
19133960100,2274,2222,52
19133960200,2093,2049,44
19133960300,2906,2905,1
19133960400,1740,1687,53
19135070100,3221,3220,1
19135070200,2743,2573,170
19135070300,2000,1972,28
19137960100,1985,1982,3
19137960200,2592,2483,109
19137960300,3000,2795,205
19137960400,2803,2768,35
19139050100,3176,2943,233
19139050200,5231,5181,50
19139050300,5330,3386,1944
19139050400,4237,3655,582
19139050500,4620,4091,529
19139050600,4731,4503,228
19139050700,5717,4546,1171
19139050800,3669,2605,1064
19139050900,2738,2359,379
19139051000,3500,2320,1180
19141490100,2576,2464,112
19141490200,3926,3696,230
19141490300,4995,4763,232
19141490400,2558,2530,28
19143460100,3239,2978,261
19143460200,2915,2750,165
19145490100,2527,2522,5
19145490200,2333,2062,271
19145490300,2940,2844,96
19145490400,3213,3138,75
19145490500,2408,2408,0
19145490600,2131,2115,16
19147960100,1936,1865,71
19147960200,1822,1738,84
19147960300,3862,3845,17
19147960400,1535,1509,26
19149970100,6070,5827,243
19149970200,3946,3613,333
19149970300,3188,3116,72
19149970400,3110,3070,40
19149970500,3125,2972,153
19149970600,5533,5368,165
19151780100,1928,1882,46
19151780200,2983,2906,77
19151780300,2150,2026,124
19153000101,3860,3598,262
19153000102,4165,3812,353
19153000103,2113,2019,94
19153000201,2838,2359,479
19153000202,3646,3230,416
19153000300,3852,3442,410
19153000400,4900,3654,1246
19153000500,5622,4522,1100
19153000600,4102,3827,275
19153000701,3661,3413,248
19153000702,3581,3504,77
19153000703,2945,2779,166
19153000704,3288,3167,121
19153000801,6306,5998,308
19153000802,3278,3225,53
19153000803,4570,4405,165
19153000901,3401,3367,34
19153000902,3188,3146,42
19153001000,4633,4499,134
19153001100,5634,4330,1304
19153001200,3780,2443,1337
19153001500,2967,2402,565
19153001700,2807,1962,845
19153001800,2109,1855,254
19153001900,4033,3388,645
19153002100,4904,3932,972
19153002600,2645,1955,690
19153002700,2822,2665,157
19153002800,3701,3473,228
19153002900,4006,3773,233
19153003001,2155,2114,41
19153003002,3593,3503,90
19153003100,1795,1759,36
19153003200,2803,2779,24
19153003901,3943,2727,1216
19153003902,5548,4585,963
19153004001,4475,4357,118
19153004004,3369,3184,185
19153004100,3155,2985,170
19153004200,1967,1544,423
19153004300,5720,5387,333
19153004400,3994,3290,704
19153004501,4265,3659,606
19153004502,2619,2440,179
19153004602,5969,4960,1009
19153004603,3577,3409,168
19153004701,4375,3552,823
19153004702,3255,2897,358
19153004800,3404,1863,1541
19153004900,2263,1620,643
19153005000,3713,3090,623
19153005100,5210,4916,294
19153005200,3270,1940,1330
19153005300,2642,2199,443
19153010101,4397,4346,51
19153010102,7989,7683,306
19153010203,25724,25170,554
19153010205,6908,6529,379
19153010207,4471,4350,121
19153010208,4718,4629,89
19153010209,6306,6230,76
19153010211,3756,3570,186
19153010212,4587,4460,127
19153010404,4467,4228,239
19153010405,6662,6359,303
19153010406,3819,3582,237
19153010407,4491,4440,51
19153010408,4047,3911,136
19153010409,4292,4242,50
19153010500,6169,5779,390
19153010600,8709,8333,376
19153010702,5938,5832,106
19153010703,5046,4794,252
19153010705,4467,4383,84
19153010706,7660,7358,302
19153010802,9508,8492,1016
19153010803,5279,5008,271
19153010804,4565,4060,505
19153011001,3290,2825,465
19153011021,4709,4661,48
19153011025,3790,3664,126
19153011026,5591,5523,68
19153011027,7363,6883,480
19153011028,4523,4237,286
19153011111,5060,4661,399
19153011112,4664,4231,433
19153011113,2383,2369,14
19153011114,3994,3391,603
19153011201,5196,4948,248
19153011203,3873,3860,13
19153011205,3692,2821,871
19153011206,3810,3741,69
19153011300,17362,16874,488
19153011404,7147,7021,126
19153011500,6018,5994,24
19153011600,0,0,0
19153011701,8654,8503,151
19153011702,3629,3599,30
19155021200,3765,3607,158
19155021400,3323,3288,35
19155021501,2354,2334,20
19155021502,2646,2596,50
19155021602,2731,2716,15
19155021603,2415,2375,40
19155021701,2395,2202,193
19155021702,2103,2096,7
19155030100,5857,5638,219
19155030200,3284,3216,68
19155030300,3140,2950,190
19155030401,4366,3314,1052
19155030402,2805,2662,143
19155030501,2219,2116,103
19155030502,2505,2134,371
19155030601,1954,1802,152
19155030602,2670,2056,614
19155030700,2918,2489,429
19155030800,3228,2751,477
19155030900,1809,1504,305
19155031000,2261,2100,161
19155031100,2657,2257,400
19155031200,3269,3193,76
19155031300,2716,2115,601
19155031400,3815,3517,298
19155031601,4836,4761,75
19155031602,2622,2502,120
19155031700,5156,5008,148
19155031800,3508,3456,52
19155031900,3871,3697,174
19157370100,2975,2909,66
19157370200,3209,3110,99
19157370300,5424,5160,264
19157370400,3803,3705,98
19157370500,3211,3171,40
19159950100,2076,2055,21
19159950200,2978,2891,87
19161080100,2672,2477,195
19161080200,2643,2625,18
19161080300,2158,2120,38
19161080400,2561,2551,10
19163010101,3982,3965,17
19163010102,7309,7130,179
19163010201,6360,6110,250
19163010202,6070,5908,162
19163010300,2353,2353,0
19163010401,5767,5538,229
19163010402,3679,3630,49
19163010600,2730,2473,257
19163010700,1686,1576,110
19163010800,2848,2444,404
19163010900,1888,1586,302
19163011000,2444,2206,238
19163011100,3189,3012,177
19163011200,1987,1664,323
19163011300,4682,4475,207
19163011400,2624,2263,361
19163011500,2052,1774,278
19163011600,3789,3480,309
19163011700,3227,2960,267
19163011800,2332,2201,131
19163011900,2665,2546,119
19163012000,3749,3304,445
19163012100,3688,3374,314
19163012200,2322,2029,293
19163012300,1576,1442,134
19163012400,1186,1068,118
19163012501,3795,3703,92
19163012502,3979,3413,566
19163012601,5596,5425,171
19163012602,4204,3747,457
19163012701,3390,3273,117
19163012702,3230,3047,183
19163012801,5038,4730,308
19163012802,4813,4087,726
19163012901,5262,5102,160
19163012902,5638,5223,415
19163013000,5000,4583,417
19163013100,1821,1751,70
19163013200,1635,1584,51
19163013300,3348,3284,64
19163013400,2997,2727,270
19163013500,3308,3225,83
19163013600,2810,2700,110
19163013702,5640,5602,38
19163013703,2739,2509,230
19163013705,5634,5320,314
19163013706,5055,4818,237
19165960100,2915,2875,40
19165960200,3053,2995,58
19165960300,3523,3274,249
19165960400,2453,2453,0
19167070100,3828,3600,228
19167070200,4446,4130,316
19167070300,5886,5603,283
19167070400,4347,3420,927
19167070500,3110,2853,257
19167070600,6114,5706,408
19167070700,6890,5900,990
19169000100,11317,10837,480
19169000200,3794,3727,67
19169000300,3478,3414,64
19169000400,2637,2599,38
19169000500,3306,3102,204
19169000600,5113,4941,172
19169000700,3213,3086,127
19169000800,5565,5239,326
19169000900,3492,3448,44
19169001000,4772,4550,222
19169001100,6574,6410,164
19169001200,838,838,0
19169001301,10380,10208,172
19169001302,4719,4413,306
19169010100,7312,7091,221
19169010200,3785,3705,80
19169010300,4603,4499,104
19169010400,2821,2678,143
19169010500,1715,1715,0
19169010600,5400,5344,56
19171290100,2944,2925,19
19171290200,2802,2761,41
19171290300,2674,2667,7
19171290400,2773,2344,429
19171290500,3612,2873,739
19171290600,2618,2421,197
19173180100,2446,2022,424
19173180200,2040,2004,36
19173180300,1723,1723,0
19175190100,2319,2275,44
19175190200,4207,4069,138
19175190300,2109,2079,30
19175190400,3904,3778,126
19177950100,4174,4092,82
19177950200,3206,3190,16
19179960100,2865,2729,136
19179960200,2508,2154,354
19179960300,4443,4155,288
19179960400,3703,3430,273
19179960500,2537,1803,734
19179960600,2771,2179,592
19179960700,3973,3950,23
19179960800,3441,3124,317
19179960900,3032,2419,613
19179961000,3162,2927,235
19179961100,2807,2763,44
19181020100,2096,1992,104
19181020200,7751,7489,262
19181020300,4877,4792,85
19181020400,4437,4394,43
19181020500,2436,2417,19
19181020600,3020,3020,0
19181020700,4606,4421,185
19181020800,3389,3344,45
19181020900,3491,3396,95
19181021000,2991,2958,33
19181021100,4965,4756,209
19181021200,4111,4026,85
19183960100,6716,6545,171
19183960200,4623,4494,129
19183960300,3751,3415,336
19183960400,3950,3526,424
19183960500,3075,2890,185
19185070100,2544,2480,64
19185070200,1520,1516,4
19185070300,2339,2330,9
19187000100,6514,6367,147
19187000200,3506,3441,65
19187000300,1395,1177,218
19187000400,2411,2025,386
19187000500,1575,1479,96
19187000600,4791,4703,88
19187000700,1539,1331,208
19187000900,4824,4588,236
19187010100,2207,2188,19
19187010200,1828,1736,92
19187010300,3276,3238,38
19187010400,3184,3163,21
19189680100,3967,3898,69
19189680200,2772,2637,135
19189680300,3841,3632,209
19191950100,3380,3366,14
19191950200,5937,5837,100
19191950300,3456,3377,79
19191950400,4612,4407,205
19191950500,3404,3365,39
19193000100,4310,3257,1053
19193000200,6295,5552,743
19193000300,6587,5236,1351
19193000400,4659,4565,94
19193000500,3475,3085,390
19193000600,2601,2337,264
19193000700,3101,2663,438
19193000800,4044,2800,1244
19193000900,2171,1992,179
19193001000,2074,1552,522
19193001100,4338,3013,1325
19193001200,3068,1343,1725
19193001300,1347,849,498
19193001400,4904,3099,1805
19193001500,2024,1358,666
19193001800,6069,5501,568
19193001900,2882,2510,372
19193002000,5449,5183,266
19193002101,2962,2863,99
19193002102,6124,5677,447
19193003100,3993,3915,78
19193003200,4691,4584,107
19193003300,7692,7555,137
19193003500,4101,3928,173
19193003600,3465,2374,1091
19193940200,0,0,0
19195690100,2244,2176,68
19195690200,2186,2160,26
19195690300,3132,3021,111
19197680100,3778,3352,426
19197680200,1399,1380,19
19197680300,3079,2547,532
19197680400,1118,1088,30
19197680500,3517,3165,352
20001952600,2039,2007,32
20001952700,2000,1986,14
20001952800,3793,3765,28
20001952900,2612,2479,133
20001953000,2507,2292,215
20003953600,4917,4893,24
20003953700,2941,2929,12
20005081600,4210,4166,44
20005081700,5844,5522,322
20005081800,2967,2921,46
20005081900,3536,3483,53
20007968100,3127,2997,130
20007968200,1704,1682,22
20009971100,3986,3805,181
20009971200,1742,1734,8
20009971300,2878,2756,122
20009971400,2697,2566,131
20009971500,3678,3408,270
20009971600,3791,3238,553
20009971700,3243,1806,1437
20009971800,5199,4044,1155
20011955600,2734,2697,37
20011955700,2090,2081,9
20011955800,3626,3519,107
20011955900,3729,3551,178
20011956000,2572,2553,19
20013480600,3143,3046,97
20013480700,3443,3291,152
20013480800,3224,3093,131
20015020100,6483,6204,279
20015020201,7186,6831,355
20015020202,8497,8026,471
20015020203,6314,6082,232
20015020300,3660,3516,144
20015020400,2424,2417,7
20015020500,5421,4939,482
20015020600,7446,7230,216
20015020700,4081,3915,166
20015020800,2699,2468,231
20015020901,4350,4166,184
20015020902,3916,3829,87
20015020903,3787,3721,66
20017960600,2694,2585,109
20019964600,3470,3412,58
20021958100,2604,2578,26
20021958200,2166,2156,10
20021958300,4032,3961,71
20021958400,3889,3826,63
20021958500,3754,3590,164
20021958600,4292,4153,139
20023950200,2679,2510,169
20025967100,2131,1878,253
20027458100,3917,3806,111
20027458200,4429,4340,89
20029977100,2320,2302,18
20029977200,2383,2327,56
20029977300,3222,3044,178
20029977400,1377,1332,45
20031966100,2768,2680,88
20031966200,2851,2791,60
20031966300,2814,2754,60
20033967600,1898,1779,119
20035493100,2935,2889,46
20035493200,3165,3109,56
20035493300,2522,2501,21
20035493400,2417,2286,131
20035493500,5129,4694,435
20035493600,4486,4179,307
20035493700,3656,3044,612
20035493800,4328,3316,1012
20035493900,3269,3073,196
20035494000,2375,1863,512
20035494100,1695,1334,361
20037956600,4083,4040,43
20037956700,4007,3863,144
20037956800,3349,3210,139
20037956900,4126,3942,184
20037957000,3461,3233,228
20037957100,2526,2182,344
20037957200,2376,2296,80
20037957300,3249,3129,120
20037957400,2290,1881,409
20037957500,2299,2225,74
20037957600,7515,7273,242
20039951100,1025,1025,0
20039951200,1861,1779,82
20041084100,4156,3984,172
20041084200,2450,2397,53
20041084300,2316,2198,118
20041084400,4975,4770,205
20041084500,3267,3179,88
20041084600,2220,1997,223
20043020100,2308,2271,37
20043020200,2069,2004,65
20043020300,3416,3311,105
20045000100,2862,2741,121
20045000200,6855,6419,436
20045000300,7443,7056,387
20045000400,4180,3840,340
20045000501,3190,3054,136
20045000502,5467,5189,278
20045000603,6641,6117,524
20045000604,5218,5070,148
20045000702,6953,6568,385
20045000797,5012,4798,214
20045000801,5871,5369,502
20045000802,6886,5946,940
20045000901,5676,5182,494
20045000902,2246,2051,195
20045001001,2479,2375,104
20045001002,5935,5358,577
20045001201,1832,1791,41
20045001202,7476,7282,194
20045001203,6687,6428,259
20045001400,4679,4628,51
20045001500,2490,2372,118
20045001600,10274,10004,270
20047969600,1479,1180,299
20047969700,1496,1204,292
20049965100,2635,2529,106
20051072600,2656,2627,29
20051072701,5779,5636,143
20051072702,2893,2690,203
20051072800,7809,7480,329
20051072900,6435,5781,654
20051073000,3460,3226,234
20053086600,2026,1908,118
20053086700,4349,4083,266
20055960100,4422,3257,1165
20055960200,6782,2774,4008
20055960300,2816,2005,811
20055960401,1973,1474,499
20055960403,2609,1813,796
20055960404,3564,2661,903
20055960501,2355,588,1767
20055960503,1124,578,546
20055960505,1625,574,1051
20055960507,1804,1196,608
20055960508,2169,566,1603
20055960600,5740,1589,4151
20057961600,2155,1966,189
20057961700,2004,1727,277
20057961800,8645,4574,4071
20057961900,8355,4194,4161
20057962000,5528,1794,3734
20057962101,4595,974,3621
20057962102,3210,950,2260
20059954100,6941,6785,156
20059954200,2758,2592,166
20059954300,5295,4928,367
20059954400,4685,4569,116
20059954500,5984,5775,209
20061000100,2201,1956,245
20061000200,3492,2702,790
20061000300,5079,4226,853
20061000400,6402,5623,779
20061000500,2670,2356,314
20061000600,6732,5496,1236
20061000700,3316,2787,529
20061000800,6926,6146,780
20063955100,1693,1627,66
20063955200,989,965,24
20065952100,1029,1020,9
20065952200,1548,1476,72
20067963600,1518,1284,234
20067963700,6230,2885,3345
20069962600,2929,2259,670
20069962700,3108,2890,218
20071958100,1235,978,257
20073965600,2183,2071,112
20073965700,2623,2496,127
20073965800,1498,1498,0
20075958600,2567,1645,922
20077961600,1833,1712,121
20077961700,1548,1458,90
20077961800,2417,2262,155
20079030100,4658,4024,634
20079030200,5877,5128,749
20079030300,5625,4290,1335
20079030400,5086,4461,625
20079030500,6514,6221,293
20079030600,7054,6727,327
20081463100,4087,2906,1181
20083461100,1919,1784,135
20085082600,5526,5304,222
20085082700,4062,3896,166
20085082800,3777,3602,175
20087020101,6014,5868,146
20087020102,3005,2935,70
20087020200,4107,4023,84
20087020300,5754,5605,149
20089576100,1071,1040,31
20089576200,1932,1892,40
20091050000,5042,4609,433
20091050100,4099,3510,589
20091050200,3868,3579,289
20091050301,4197,3963,234
20091050302,1477,1410,67
20091050400,4518,3796,722
20091050500,2569,2289,280
20091050600,4661,4576,85
20091050700,4556,4434,122
20091050800,2775,2692,83
20091050900,4577,4488,89
20091051000,3707,3564,143
20091051100,3960,2900,1060
20091051200,4081,3740,341
20091051300,4228,4042,186
20091051400,3094,3094,0
20091051500,4158,4056,102
20091051600,5620,5511,109
20091051700,4473,4421,52
20091051801,3387,3243,144
20091051802,6046,5379,667
20091051803,4314,3508,806
20091051804,4792,4152,640
20091051805,5435,5122,313
20091051806,5180,4915,265
20091051902,4280,3959,321
20091051903,3475,3157,318
20091051904,5273,5078,195
20091051906,5875,4615,1260
20091051907,4092,3474,618
20091051908,1678,1605,73
20091051909,5986,5859,127
20091052001,2273,2192,81
20091052003,6269,5594,675
20091052004,1624,1502,122
20091052101,2068,1941,127
20091052102,2660,2306,354
20091052201,3720,3267,453
20091052202,3300,3108,192
20091052303,7704,6731,973
20091052304,4927,4586,341
20091052305,4349,4072,277
20091052306,3401,3335,66
20091052405,7817,6348,1469
20091052410,5110,4976,134
20091052411,3071,3015,56
20091052414,4092,3947,145
20091052415,3152,2888,264
20091052416,5152,4659,493
20091052417,3400,2904,496
20091052418,3325,2687,638
20091052419,5343,4605,738
20091052421,4015,3864,151
20091052502,1628,1568,60
20091052504,5963,5794,169
20091052601,8551,8286,265
20091052603,17675,17147,528
20091052604,1688,1638,50
20091052606,1970,1909,61
20091052607,1814,1793,21
20091052700,7555,6851,704
20091052801,10742,9965,777
20091052802,9592,9092,500
20091052803,3716,3066,650
20091052904,3480,3327,153
20091052905,4530,2759,1771
20091052906,5032,4219,813
20091052907,5097,4288,809
20091052908,5546,4772,774
20091052910,4237,3969,268
20091053002,4826,4743,83
20091053004,3922,3740,182
20091053005,1963,1813,150
20091053006,3622,3434,188
20091053007,5070,4772,298
20091053008,4681,4650,31
20091053009,4882,4653,229
20091053010,4640,4616,24
20091053011,2165,2097,68
20091053101,4474,4233,241
20091053102,4408,4083,325
20091053105,3626,3333,293
20091053108,4535,4423,112
20091053109,2476,2457,19
20091053110,3879,3612,267
20091053201,2026,1969,57
20091053202,3663,3610,53
20091053203,5186,4973,213
20091053301,5614,5566,48
20091053302,6859,6619,240
20091053403,3798,3548,250
20091053406,8792,8699,93
20091053409,3521,3489,32
20091053410,11124,10710,414
20091053411,5075,4944,131
20091053413,4433,4376,57
20091053414,3749,3699,50
20091053415,3780,3715,65
20091053417,4211,3901,310
20091053418,4049,3799,250
20091053419,1636,1602,34
20091053421,4215,4076,139
20091053422,2314,2191,123
20091053423,5599,5530,69
20091053424,6219,6066,153
20091053502,3619,2776,843
20091053505,8379,7877,502
20091053506,3704,3455,249
20091053507,5554,5333,221
20091053508,6273,5844,429
20091053509,7151,6760,391
20091053510,5515,5095,420
20091053555,1786,1633,153
20091053556,3158,1791,1367
20091053557,2182,1639,543
20091053601,2030,1385,645
20091053602,7546,6269,1277
20091053701,2673,2586,87
20091053703,3460,3096,364
20091053705,2939,2566,373
20091053707,4493,4193,300
20091053709,5775,5374,401
20091053711,4271,4110,161
20091053712,4109,3936,173
20091053801,5326,5199,127
20091053803,3713,3556,157
20091053804,2679,2558,121
20091980001,0,0,0
20091980002,0,0,0
20091980003,0,0,0
20093959100,3943,2740,1203
20095961100,2528,2512,16
20095961200,3493,3300,193
20095961300,1676,1650,26
20097969100,2520,2368,152
20099950100,2861,2552,309
20099950200,1922,1816,106
20099950300,2733,2638,95
20099950400,3804,3583,221
20099950500,3422,3398,24
20099950600,2333,2284,49
20099950700,2293,2212,81
20099950800,1465,1449,16
20101956600,1687,1598,89
20103070100,1805,1727,78
20103070200,2923,2683,240
20103070300,5657,5401,256
20103070400,3447,3257,190
20103070500,5076,4650,426
20103070700,4776,4513,263
20103070900,3225,3091,134
20103071000,3874,3828,46
20103071101,10102,8974,1128
20103071102,5545,5060,485
20103071202,3827,3682,145
20103071203,7626,7401,225
20103071400,4143,3935,208
20103071600,2723,2684,39
20103071800,5997,5664,333
20103981900,8039,6953,1086
20105086100,3134,3050,84
20107955100,4915,4799,116
20107955200,4609,4494,115
20109954600,2800,2659,141
20111000100,4602,3804,798
20111000200,6552,5534,1018
20111000300,5345,3097,2248
20111000400,3262,2808,454
20111000500,5001,2877,2124
20111000600,2450,2401,49
20111000700,2609,2507,102
20111000800,3580,3480,100
20113788100,3190,3094,96
20113788200,3548,3374,174
20113788300,2926,2760,166
20113788400,6068,5963,105
20113788500,1814,1602,212
20113788600,5746,5534,212
20113788700,5872,5698,174
20115489500,1811,1748,63
20115489600,3849,3664,185
20115489700,2713,2683,30
20115489800,3840,3737,103
20117040701,1787,1773,14
20117060510,3636,3504,132
20117070182,2258,2204,54
20117090186,2282,2252,30
20119966600,2545,1956,589
20119966700,1765,1700,65
20121100100,3458,3434,24
20121100200,4638,4479,159
20121100300,3084,3027,57
20121100400,3742,3632,110
20121100500,4359,4349,10
20121100601,6009,5795,214
20121100602,2007,1930,77
20121100700,5490,5184,306
20123176600,4304,4190,114
20123176700,1995,1980,15
20125950100,2024,2006,18
20125950200,2602,2558,44
20125950300,3971,3786,185
20125950400,1999,1814,185
20125950500,1391,1150,241
20125950600,3896,3479,417
20125950700,3821,3733,88
20125950800,4618,4444,174
20125950900,1110,906,204
20125951000,1937,1736,201
20125951100,2733,2706,27
20125951200,1369,1191,178
20125951300,2294,2206,88
20127963600,2950,2855,95
20127963700,2744,2594,150
20129964600,3033,2383,650
20131480100,3401,3313,88
20131480200,4167,4112,55
20131480300,2609,2589,20
20133951600,3540,3430,110
20133951700,2255,2155,100
20133951800,4086,3921,165
20133951900,3666,3313,353
20133952000,2811,2728,83
20135956100,1373,1246,127
20135956200,1674,1484,190
20137951700,5558,5281,277
20139010100,4307,4144,163
20139010200,2802,2762,40
20139010300,2117,2083,34
20139010400,3002,2983,19
20139010500,3773,3582,191
20141474100,3746,3677,69
20143085600,2210,2130,80
20143085700,3794,3710,84
20145970200,5178,4684,494
20145970300,1662,1641,21
20147475100,1113,1102,11
20147475200,1618,1579,39
20147475300,2753,2636,117
20149000100,7999,7409,590
20149000200,5936,5827,109
20149000300,4563,4158,405
20149000400,4422,4324,98
20151968600,2185,2100,85
20151968700,3691,3461,230
20151968800,3853,3502,351
20153950600,2557,2421,136
20155000100,3392,3236,156
20155000200,3921,3547,374
20155000300,6448,6038,410
20155000400,3498,2972,526
20155000500,5617,5008,609
20155000600,2866,2166,700
20155000700,6352,5499,853
20155000800,3573,2797,776
20155001000,2351,2045,306
20155001100,5080,4792,288
20155001200,3599,3521,78
20155001300,2717,2485,232
20155001400,4633,4568,65
20155001500,3377,3248,129
20155001600,1952,1930,22
20155001700,2409,2298,111
20155001800,2018,1990,28
20157978100,1116,1109,7
20157978200,1754,1730,24
20157978300,1898,1857,41
20159967100,2428,2310,118
20159967200,3855,3052,803
20159967300,3666,3483,183
20161000200,9291,8689,602
20161000303,2690,2515,175
20161000304,5239,4784,455
20161000500,5446,5006,440
20161000600,9387,8946,441
20161000700,4875,4723,152
20161000801,4272,4018,254
20161000802,2274,1903,371
20161000900,5806,5422,384
20161001002,8404,6972,1432
20161001100,8408,7751,657
20161001301,3461,3104,357
20161001302,5473,5355,118
20161980000,0,0,0
20163974600,2133,2086,47
20163974700,3027,2948,79
20165972100,1086,1075,11
20165972200,2058,1970,88
20167973800,4652,4493,159
20167973900,2336,2296,40
20169000100,5398,4963,435
20169000200,2253,1818,435
20169000300,5449,4189,1260
20169000400,3170,2914,256
20169000500,6019,4211,1808
20169000600,2824,2552,272
20169000700,6224,5817,407
20169000800,4286,4029,257
20169000900,6975,6645,330
20169001000,5157,5074,83
20169001100,3925,3614,311
20169001200,3867,3786,81
20171957100,4958,4212,746
20173000100,3478,665,2813
20173000200,3100,1981,1119
20173000300,4758,1847,2911
20173000400,2954,1676,1278
20173000600,1688,1418,270
20173000700,3089,2328,761
20173000800,2469,1997,472
20173000900,2792,2461,331
20173001000,4445,3562,883
20173001100,2332,1839,493
20173001400,3869,3524,345
20173001500,2955,1997,958
20173001800,1988,1287,701
20173001900,2060,1687,373
20173002000,2018,1949,69
20173002100,3186,3108,78
20173002200,1865,1609,256
20173002300,1981,1623,358
20173002400,1817,1541,276
20173002600,1797,1266,531
20173002700,1632,1258,374
20173002800,3109,2696,413
20173002900,3055,2139,916
20173003000,2136,1530,606
20173003100,2327,1672,655
20173003200,2764,1969,795
20173003400,2864,2082,782
20173003500,1945,1504,441
20173003600,2995,2520,475
20173003700,1507,1223,284
20173003800,3039,2471,568
20173003900,4163,2741,1422
20173004000,4480,3080,1400
20173004300,3617,3199,418
20173005100,5256,3852,1404
20173005200,4653,3799,854
20173005300,6125,4994,1131
20173005400,6736,6041,695
20173005501,4963,4671,292
20173005502,5528,5435,93
20173005600,5017,4251,766
20173005700,5886,5200,686
20173005800,4469,3712,757
20173005900,4108,3141,967
20173006000,4633,3738,895
20173006100,3437,2058,1379
20173006200,3335,2243,1092
20173006300,2453,2037,416
20173006400,1909,1748,161
20173006500,3968,2148,1820
20173006600,2479,1970,509
20173006700,2386,1723,663
20173006800,4569,3465,1104
20173006900,2604,1652,952
20173007000,4277,3603,674
20173007101,2368,2234,134
20173007102,4926,4110,816
20173007201,4058,3702,356
20173007203,6831,6094,737
20173007204,9068,8133,935
20173007301,3771,3680,91
20173007302,3511,3431,80
20173007400,742,742,0
20173007500,2680,2453,227
20173007600,3967,3818,149
20173007700,8252,7777,475
20173007800,3039,2731,308
20173008000,5680,5278,402
20173008100,5058,4357,701
20173008200,5548,2381,3167
20173008300,4406,3501,905
20173008400,3235,2766,469
20173008500,2448,2127,321
20173008600,3576,2825,751
20173008700,4006,3298,708
20173008800,4650,3740,910
20173008900,3523,3034,489
20173009000,3002,2565,437
20173009100,7523,6132,1391
20173009200,2828,2692,136
20173009301,6208,5524,684
20173009302,5597,5239,358
20173009401,3961,3673,288
20173009402,2356,2204,152
20173009503,9634,8872,762
20173009504,4554,4119,435
20173009505,3081,2917,164
20173009506,4630,4195,435
20173009507,6108,5739,369
20173009508,3179,2990,189
20173009509,6266,5878,388
20173009510,4855,4729,126
20173009511,7396,6603,793
20173009512,4208,3931,277
20173009513,4751,4348,403
20173009603,2975,2805,170
20173009604,2808,2769,39
20173009605,5399,4915,484
20173009700,6501,6061,440
20173009801,4909,4805,104
20173009802,7556,7185,371
20173009900,11219,10875,344
20173010001,4401,4279,122
20173010002,3976,3923,53
20173010003,2417,2199,218
20173010004,6433,5945,488
20173010005,4084,3708,376
20173010106,2895,2836,59
20173010107,4064,3835,229
20173010108,2204,2151,53
20173010109,2330,1959,371
20173010110,1540,1482,58
20173010111,7376,7068,308
20173010113,4151,3787,364
20173010115,7465,7238,227
20173010116,2655,2452,203
20173010200,9655,9168,487
20173010300,13948,12944,1004
20173010400,2325,2204,121
20173010500,4166,4018,148
20173010600,3590,3537,53
20173010700,3249,3121,128
20173010801,2933,2748,185
20173010802,2452,2115,337
20175965600,2476,1223,1253
20175965700,4654,3176,1478
20175965800,4437,2007,2430
20175965900,7167,2208,4959
20175966000,4451,896,3555
20177000400,4134,3144,990
20177000500,2043,1617,426
20177000600,2327,1831,496
20177000700,2615,2394,221
20177000800,3644,2966,678
20177000900,3064,2482,582
20177001000,3551,2318,1233
20177001100,2660,1404,1256
20177001200,2200,1718,482
20177001300,4265,2664,1601
20177001500,2153,1942,211
20177001601,2667,2387,280
20177001603,3072,2777,295
20177001604,3669,3361,308
20177001800,4106,3794,312
20177001900,3114,3030,84
20177002100,3374,2964,410
20177002200,2602,2345,257
20177002400,5708,5397,311
20177002500,3013,2756,257
20177002601,3594,3279,315
20177002602,6332,5898,434
20177002701,4596,4171,425
20177002702,4217,3876,341
20177002800,4019,3540,479
20177002900,3580,2819,761
20177003001,3657,2762,895
20177003002,5425,4900,525
20177003100,5475,4199,1276
20177003301,2747,2595,152
20177003302,3752,3683,69
20177003400,9873,9350,523
20177003500,6376,6047,329
20177003601,4924,4694,230
20177003604,4022,3795,227
20177003605,4128,4036,92
20177003606,4634,4227,407
20177003607,6264,5828,436
20177003700,9197,8551,646
20177003901,6808,6368,440
20177003902,4270,4149,121
20177004000,2988,2361,627
20177004100,3708,3245,463
20179952600,1258,1242,16
20179952700,1264,1178,86
20181453600,1046,955,91
20181453700,4992,4367,625
20183475800,1773,1763,10
20183475900,1928,1868,60
20185470600,1910,1742,168
20185470700,2374,1973,401
20187964100,2115,1420,695
20189965100,1600,1225,375
20189965200,4138,2524,1614
20191962100,4878,4640,238
20191962200,5325,5272,53
20191962300,2444,2392,52
20191962400,4042,3787,255
20191962500,4350,3805,545
20191962600,2470,2382,88
20193953100,5951,5697,254
20193953400,1958,1804,154
20195955800,2927,2903,24
20197483100,4558,4341,217
20197483200,2402,2383,19
20199954100,1584,1508,76
20201978600,3047,3030,17
20201978700,2566,2399,167
20203957600,2168,1451,717
20205097100,2159,2094,65
20205097200,1450,1422,28
20205097300,2725,2649,76
20205097400,2622,2541,81
20207096600,1775,1695,80
20207096700,1411,1404,7
20209040001,0,0,0
20209040002,0,0,0
20209040200,1310,1043,267
20209040300,727,727,0
20209040400,1895,1460,435
20209040500,1742,1285,457
20209040600,2689,1889,800
20209040700,1771,1306,465
20209040800,556,407,149
20209040900,1015,852,163
20209041000,1436,1233,203
20209041100,1472,1351,121
20209041200,1520,1114,406
20209041300,5092,2403,2689
20209041500,2831,1325,1506
20209041600,4277,2040,2237
20209041700,2699,1235,1464
20209041800,912,897,15
20209041900,1853,998,855
20209042001,1584,676,908
20209042002,1576,541,1035
20209042100,2835,948,1887
20209042200,1827,699,1128
20209042300,3238,1230,2008
20209042400,2432,826,1606
20209042501,0,0,0
20209042502,0,0,0
20209042600,2459,744,1715
20209042700,3744,2056,1688
20209042800,3662,1985,1677
20209043000,118,54,64
20209043301,3642,2380,1262
20209043400,2162,1308,854
20209043500,1644,1112,532
20209043600,6686,4574,2112
20209043700,2290,1753,537
20209043802,1264,1161,103
20209043803,2848,2280,568
20209043804,0,0,0
20209043903,3246,2317,929
20209043904,3637,2941,696
20209043905,1924,1656,268
20209044001,3400,2880,520
20209044003,2760,2421,339
20209044004,570,428,142
20209044101,1112,1053,59
20209044102,2932,2028,904
20209044103,3036,2869,167
20209044104,3583,3044,539
20209044201,3665,3176,489
20209044202,3943,3618,325
20209044301,2397,2050,347
20209044302,1912,1523,389
20209044303,2449,1972,477
20209044400,3103,2444,659
20209044500,2171,2045,126
20209044601,2648,2348,300
20209044602,0,0,0
20209044603,0,0,0
20209044702,4364,4020,344
20209044703,1895,1729,166
20209044704,1825,1722,103
20209044803,5134,4834,300
20209044804,4703,4298,405
20209044805,2482,2256,226
20209044806,637,637,0
20209044900,4503,4142,361
20209045000,3755,2227,1528
20209045100,2177,1600,577
20209045200,4006,2949,1057
21001970100,1538,1516,22
21001970200,1841,1831,10
21001970300,3032,3032,0
21001970401,4654,4569,85
21001970402,4408,4196,212
21001970500,2289,2289,0
21001970600,1394,1370,24
21003920100,3120,3109,11
21003920200,2965,2851,114
21003920300,4772,4765,7
21003920400,4526,4451,75
21003920500,1606,1500,106
21003920600,3432,3367,65
21005950100,8441,8334,107
21005950201,5270,5241,29
21005950202,3576,3506,70
21005950300,2209,2116,93
21005950400,2371,2328,43
21007950100,4546,4516,30
21007950200,1484,1459,25
21007950300,2186,2145,41
21009950100,3416,3416,0
21009950200,3859,3761,98
21009950300,3278,3224,54
21009950400,5670,5463,207
21009950500,3813,3728,85
21009950600,6252,5826,426
21009950700,6181,6146,35
21009950800,3662,3502,160
21009950900,3711,3559,152
21009951000,3445,3382,63
21011970100,1954,1890,64
21011970200,6303,6249,54
21011970300,3856,3791,65
21013960100,2302,2302,0
21013960200,5036,5032,4
21013960300,2196,2196,0
21013960400,1778,1778,0
21013960500,2336,2294,42
21013960600,4314,4251,63
21013960700,2739,2738,1
21013960800,3787,3778,9
21013961100,3188,3188,0
21015070100,6665,6174,491
21015070200,6695,6130,565
21015070301,5790,4560,1230
21015070305,5733,5448,285
21015070307,11858,11772,86
21015070308,11503,11121,382
21015070309,6413,6275,138
21015070311,2847,2798,49
21015070312,3298,3265,33
21015070313,2995,2853,142
21015070314,4590,4416,174
21015070401,10013,9931,82
21015070402,8719,8363,356
21015070502,4283,4229,54
21015070503,6495,6179,316
21015070504,7673,7382,291
21015070601,2917,2917,0
21015070604,3003,2948,55
21015070605,5940,5833,107
21015070606,3969,3870,99
21015070607,4257,4208,49
21015980100,0,0,0
21017030100,4036,3653,383
21017030200,6096,5697,399
21017030300,2667,2464,203
21017030400,2618,2545,73
21017030500,2238,2184,54
21017030600,2349,2134,215
21019030200,1190,1164,26
21019030300,2072,2029,43
21019030400,2134,2134,0
21019030500,4452,4350,102
21019030600,4055,4004,51
21019030700,3316,3210,106
21019030800,4115,4059,56
21019030900,5660,5660,0
21019031001,1277,1277,0
21019031002,7078,6692,386
21019031100,7517,7517,0
21019031200,3291,3291,0
21019031300,2559,2545,14
21021930100,5378,5295,83
21021930200,4323,4268,55
21021930300,3610,3455,155
21021930400,3973,3678,295
21021930500,3643,3357,286
21021930600,3988,3977,11
21021930700,4735,4694,41
21023950100,2391,2310,81
21023950200,1911,1893,18
21023950300,4102,4071,31
21025920100,1322,1296,26
21025920200,2167,2114,53
21025920300,3591,3588,3
21025920400,1448,1448,0
21025920500,1277,1277,0
21025920600,1945,1920,25
21025920700,1726,1718,8
21027960100,5136,5112,24
21027960200,5531,5506,25
21027960300,2987,2978,9
21027960400,1340,1340,0
21027960501,1828,1715,113
21027960502,3178,3106,72
21029020101,3661,3655,6
21029020102,3486,3461,25
21029020103,3367,3186,181
21029020201,6550,6474,76
21029020202,3807,3789,18
21029020300,4850,4693,157
21029020400,6422,6366,56
21029020500,6004,5871,133
21029020601,5672,5611,61
21029020602,1582,1548,34
21029020701,6240,6165,75
21029020702,2224,2100,124
21029020800,4969,4807,162
21029020900,3096,3087,9
21029021101,6915,6829,86
21029021102,4045,3961,84
21029021200,4837,4804,33
21029980100,0,0,0
21031930100,3412,3400,12
21031930200,1740,1726,14
21031930300,4741,4334,407
21031930400,1651,1645,6
21031930500,1284,1284,0
21033920100,2028,2028,0
21033920200,5091,4931,160
21033920300,5639,5603,36
21035010100,4421,4392,29
21035010200,4160,4072,88
21035010301,3269,3200,69
21035010302,6415,6338,77
21035010400,2681,2483,198
21035010500,3338,3293,45
21035010600,7197,6878,319
21035010700,3357,3275,82
21035010800,3464,3397,67
21037050100,1683,1547,136
21037050400,2104,2023,81
21037050500,1880,1851,29
21037050600,2040,2006,34
21037051101,2459,2454,5
21037051102,1507,1473,34
21037051200,1331,1314,17
21037051300,4181,4169,12
21037051901,4959,4959,0
21037051903,4925,4775,150
21037051904,4909,4880,29
21037052001,4806,4806,0
21037052002,2831,2827,4
21037052100,3650,3629,21
21037052200,2074,2058,16
21037052301,4714,4540,174
21037052302,5061,5029,32
21037052400,2702,2551,151
21037052500,5258,5134,124
21037052800,3221,3221,0
21037052900,5502,5357,145
21037053100,6251,6132,119
21037053200,3210,3015,195
21037053301,5554,5466,88
21037053302,4644,4565,79
21039960100,1467,1444,23
21039960200,1881,1853,28
21039960300,1606,1546,60
21041950100,2916,2772,144
21041950200,5645,5073,572
21041950300,2215,2207,8
21043960100,3018,2947,71
21043960200,4320,4320,0
21043960300,3396,3258,138
21043960400,1955,1955,0
21043960500,4169,4152,17
21043960600,6435,6334,101
21043960700,3999,3999,0
21045950100,1341,1260,81
21045950200,2364,2315,49
21045950300,6390,6294,96
21045950400,3284,3228,56
21045950500,2549,2401,148
21047200100,4063,3939,124
21047200200,4139,4033,106
21047200300,3641,3519,122
21047200400,2545,2232,313
21047200500,4275,3915,360
21047200600,4599,4124,475
21047200700,6015,5673,342
21047200800,2835,2817,18
21047200900,5799,5461,338
21047201000,1803,1798,5
21047201100,4111,4080,31
21047201200,2425,2408,17
21047201301,2768,2670,98
21047201302,7760,6996,764
21047201400,3104,3032,72
21047201501,5492,4639,853
21047201502,4393,3454,939
21047201503,4169,3740,429
21047980100,0,0,0
21049020101,5385,5270,115
21049020103,3809,3809,0
21049020105,3590,3524,66
21049020106,3061,2900,161
21049020201,3332,3131,201
21049020202,3856,3789,67
21049020300,2319,2307,12
21049020400,2938,2918,20
21049020500,2898,2746,152
21049020600,4518,4329,189
21051950100,1754,1747,7
21051950200,6550,6369,181
21051950300,6123,5856,267
21051950400,3027,3027,0
21051950500,2482,2482,0
21051950600,1224,1224,0
21053970100,3197,3073,124
21053970201,3384,3299,85
21053970202,3591,3521,70
21055930100,1857,1850,7
21055930200,4313,4298,15
21055930300,1519,1475,44
21055930400,1522,1509,13
21057950100,3885,3871,14
21057950200,2895,2895,0
21059000100,2950,2845,105
21059000200,3765,3167,598
21059000300,1718,1604,114
21059000400,8311,7978,333
21059000500,1847,1809,38
21059000600,5149,5149,0
21059000700,4396,4396,0
21059000800,4091,3955,136
21059000900,5120,5094,26
21059001000,2936,2632,304
21059001100,2454,2420,34
21059001200,3554,3431,123
21059001300,5529,5527,2
21059001401,5528,5319,209
21059001402,5236,5211,25
21059001501,3582,3565,17
21059001502,3289,3242,47
21059001601,4240,4197,43
21059001602,4496,4496,0
21059001701,5824,5514,310
21059001702,3407,3275,132
21059001703,4609,4503,106
21059001800,6693,6689,4
21061920200,4384,4383,1
21061920300,1336,1333,3
21061920400,6089,5979,110
21061980100,277,240,37
21063920100,5341,5324,17
21063920200,2320,2320,0
21065920100,1365,1342,23
21065920200,6245,6235,10
21065920300,5325,5325,0
21065920400,1471,1464,7
21067000101,3418,3305,113
21067000102,1798,1769,29
21067000200,3601,3490,111
21067000300,3054,2774,280
21067000400,1971,1804,167
21067000500,3399,3391,8
21067000600,4555,4531,24
21067000700,2366,2302,64
21067000801,3740,3652,88
21067000802,4639,4498,141
21067000900,6158,5876,282
21067001000,1698,1603,95
21067001100,5034,3361,1673
21067001300,2113,1485,628
21067001400,2391,2028,363
21067001500,2207,1815,392
21067001600,2394,2040,354
21067001700,2086,2077,9
21067001800,3306,3246,60
21067001900,5065,4608,457
21067002001,5183,2711,2472
21067002002,2490,1622,868
21067002200,1670,1567,103
21067002302,5325,5246,79
21067002303,4487,4403,84
21067002304,2163,2110,53
21067002400,4178,4098,80
21067002500,3703,3681,22
21067002600,5168,4833,335
21067002700,3926,3732,194
21067002800,3904,3481,423
21067002900,4354,4127,227
21067003000,5982,5153,829
21067003101,2841,2725,116
21067003102,2373,2356,17
21067003201,1950,1803,147
21067003202,5516,5359,157
21067003300,2902,2897,5
21067003402,5236,5055,181
21067003404,4128,3714,414
21067003405,5959,5808,151
21067003406,6652,6248,404
21067003407,3784,3621,163
21067003501,3966,3726,240
21067003503,2502,2372,130
21067003504,3877,3762,115
21067003600,4362,4299,63
21067003701,3614,3128,486
21067003702,4429,3960,469
21067003703,5124,4950,174
21067003704,4785,4591,194
21067003802,2042,1622,420
21067003803,3295,3074,221
21067003804,5903,4120,1783
21067003906,4347,4144,203
21067003908,4693,4525,168
21067003909,3415,3184,231
21067003910,2036,1484,552
21067003911,3538,3253,285
21067003912,4589,4503,86
21067003913,7117,6894,223
21067003914,2091,2055,36
21067003915,3362,3347,15
21067003916,517,517,0
21067003917,1370,1135,235
21067003918,2857,2731,126
21067004001,6116,5845,271
21067004003,5317,5201,116
21067004005,1782,1755,27
21067004006,1111,1111,0
21067004007,1749,1711,38
21067004103,1522,1503,19
21067004104,4369,4116,253
21067004105,4955,4684,271
21067004106,4473,4442,31
21067004107,5295,5132,163
21067004204,5665,5665,0
21067004205,6386,6193,193
21067004207,3790,3698,92
21067004208,7039,6797,242
21067004209,4400,4266,134
21067004210,4862,4707,155
21069920100,4315,4195,120
21069920200,3450,3409,41
21069920300,2361,2357,4
21069920400,4417,4411,6
21071920100,3442,3435,7
21071920200,2027,2027,0
21071920300,4848,4797,51
21071920400,4448,4448,0
21071920500,3495,3476,19
21071920600,2831,2821,10
21071920700,3126,3126,0
21071920800,5470,5450,20
21071920900,1718,1718,0
21071921000,6739,6571,168
21073070100,6049,5758,291
21073070401,2697,2686,11
21073070402,5410,5036,374
21073070500,2084,2004,80
21073070600,5022,4841,181
21073070701,3930,3830,100
21073070702,5114,5092,22
21073070800,4882,4865,17
21073071000,5421,5361,60
21073071100,6145,6006,139
21073071200,3228,3050,178
21075960100,3511,3511,0
21075960200,2812,2775,37
21077960101,6041,5649,392
21077960102,2502,2457,45
21079970100,6502,6253,249
21079970200,4109,4002,107
21079970300,3512,3483,29
21079970400,2928,2928,0
21081920100,6786,6717,69
21081920200,7717,7423,294
21081920300,7579,7357,222
21081920400,2623,2579,44
21083020100,3808,3452,356
21083020200,4797,4444,353
21083020300,6373,5707,666
21083020400,2858,2808,50
21083020500,3955,3855,100
21083020600,2386,2362,24
21083020700,4890,4603,287
21083020800,5313,5228,85
21083020900,2999,2703,296
21085950100,2936,2909,27
21085950200,3020,2935,85
21085950300,4305,4242,63
21085950400,6976,6921,55
21085950500,2541,2529,12
21085950600,3957,3913,44
21085950700,2357,2324,33
21087930100,2921,2921,0
21087930200,4006,3944,62
21087930300,2536,2497,39
21087930400,1660,1660,0
21089040100,4425,4295,130
21089040201,2775,2775,0
21089040202,4282,4191,91
21089040300,4430,4427,3
21089040400,5937,5907,30
21089040501,3394,3351,43
21089040502,4487,4463,24
21089040600,3053,3042,11
21089040700,3472,3431,41
21091960100,2624,2624,0
21091960200,3362,3306,56
21091960300,2730,2669,61
21093000100,976,935,41
21093000201,1640,1412,228
21093000202,3946,3101,845
21093000300,4613,4405,208
21093000400,4465,3919,546
21093000500,2083,1934,149
21093000600,4053,3786,267
21093000700,4915,4532,383
21093000800,5091,4780,311
21093000901,10394,10108,286
21093000902,4509,4209,300
21093001001,7344,6715,629
21093001002,8707,8588,119
21093001100,3784,3508,276
21093001200,5640,5472,168
21093001300,5445,5349,96
21093001401,4112,3918,194
21093001402,4140,3788,352
21093001500,2566,2499,67
21093001600,9547,9321,226
21093001700,8630,8610,20
21093980100,973,796,177
21095970100,1486,1486,0
21095970200,3325,3304,21
21095970300,1050,1050,0
21095970400,1120,1116,4
21095970500,1262,1247,15
21095970600,2748,2723,25
21095970700,3665,3659,6
21095970800,1191,1185,6
21095970900,4611,4529,82
21095971000,4648,4578,70
21095971300,2925,2925,0
21097950100,3065,2873,192
21097950200,2489,2489,0
21097950300,5329,5286,43
21097950400,3011,2860,151
21097950500,4735,4703,32
21099970100,1881,1868,13
21099970200,3070,3051,19
21099970300,4672,4549,123
21099970400,4915,4857,58
21099970500,3972,3868,104
21101020100,1717,1717,0
21101020200,1803,1701,102
21101020300,1981,1866,115
21101020400,2323,2219,104
21101020500,2551,2486,65
21101020601,6567,6335,232
21101020602,5241,5187,54
21101020701,5067,4987,80
21101020702,7001,7001,0
21101020800,4676,4482,194
21101020900,7435,7342,93
21103090100,2379,2288,91
21103090200,3669,3621,48
21103090301,3222,3178,44
21103090302,3591,3267,324
21103090400,2667,2667,0
21105970100,4691,4650,41
21107970100,3351,3329,22
21107970200,3594,3566,28
21107970300,7519,7397,122
21107970400,2091,2005,86
21107970500,4403,4192,211
21107970600,3458,3213,245
21107970700,4376,4333,43
21107970800,2926,2902,24
21107970900,3716,3671,45
21107971000,2766,2766,0
21107971100,3265,3251,14
21107971300,4894,4883,11
21109960100,5627,5627,0
21109960200,2663,2663,0
21109960300,5067,5067,0
21111000200,3128,3092,36
21111000300,2371,2371,0
21111000400,5160,5105,55
21111000600,1771,1771,0
21111000700,2685,2685,0
21111000800,2310,2310,0
21111000900,1986,1982,4
21111001000,2611,2576,35
21111001100,3145,3131,14
21111001200,3122,3122,0
21111001400,2740,2731,9
21111001500,3024,3002,22
21111001600,2378,2375,3
21111001700,2142,2135,7
21111001800,1513,1488,25
21111002100,2467,2383,84
21111002300,2603,2476,127
21111002400,5232,5217,15
21111002700,2663,2663,0
21111002800,1919,1919,0
21111003000,3424,3386,38
21111003500,5426,5360,66
21111003600,5647,5370,277
21111003700,1760,1558,202
21111003800,3596,3503,93
21111003900,3879,3697,182
21111004000,1851,1591,260
21111004100,2728,2524,204
21111004301,4406,4116,290
21111004302,1453,1320,133
21111004400,4081,3746,335
21111004500,3196,2858,338
21111004600,3603,3038,565
21111004900,3642,3500,142
21111005000,1904,1864,40
21111005100,3037,2952,85
21111005200,3330,3228,102
21111005300,2875,2773,102
21111005600,4149,3429,720
21111005900,4867,4751,116
21111006200,1773,1757,16
21111006300,1661,1655,6
21111006400,1794,1730,64
21111006500,3330,3325,5
21111006600,1741,1741,0
21111006800,2086,2071,15
21111006900,2313,2291,22
21111007000,2196,2184,12
21111007100,4719,4475,244
21111007400,2250,2197,53
21111007501,5451,5434,17
21111007502,5214,5160,54
21111007601,2072,2028,44
21111007602,3697,3685,12
21111007603,2487,2400,87
21111007700,3494,3404,90
21111007800,3148,3086,62
21111007900,2029,2026,3
21111008100,3240,3193,47
21111008200,4338,4181,157
21111008300,2599,2590,9
21111008400,3025,2968,57
21111008500,2141,2105,36
21111008700,4497,4357,140
21111008800,2997,2985,12
21111008900,4552,4479,73
21111009000,6475,5904,571
21111009103,1564,1530,34
21111009105,2905,2504,401
21111009106,4874,4678,196
21111009300,4892,4867,25
21111009400,6930,6686,244
21111009600,4589,4510,79
21111009700,2680,2624,56
21111009800,2507,2491,16
21111009900,2823,2774,49
21111010001,4413,4314,99
21111010004,4411,4165,246
21111010005,4641,4491,150
21111010006,3587,3372,215
21111010007,4104,3982,122
21111010008,3897,3752,145
21111010102,3988,3974,14
21111010103,4234,3837,397
21111010104,2888,2603,285
21111010307,6507,6180,327
21111010309,4882,4843,39
21111010311,7781,7616,165
21111010312,3250,3226,24
21111010313,4504,4298,206
21111010314,6890,6566,324
21111010315,3387,3145,242
21111010316,4681,4622,59
21111010317,4493,4451,42
21111010318,5847,5611,236
21111010319,4729,4294,435
21111010320,3485,3373,112
21111010402,6306,6045,261
21111010403,3855,3703,152
21111010405,4922,4616,306
21111010406,5899,5724,175
21111010500,3854,3755,99
21111010601,3150,3005,145
21111010602,4178,3479,699
21111010701,5059,4799,260
21111010702,5395,5243,152
21111010705,6612,6422,190
21111010706,3264,3205,59
21111010800,3678,3581,97
21111010901,4657,4150,507
21111010902,4240,4055,185
21111011002,5560,4944,616
21111011003,5758,5083,675
21111011004,6467,5892,575
21111011005,2770,2512,258
21111011102,6438,6017,421
21111011106,7088,6651,437
21111011109,2307,2273,34
21111011110,6052,5932,120
21111011111,5584,5141,443
21111011112,3617,3531,86
21111011113,2546,2492,54
21111011114,5062,5030,32
21111011200,5491,5037,454
21111011301,2492,2131,361
21111011302,7255,6965,290
21111011403,1834,1717,117
21111011404,3313,2550,763
21111011405,6041,4616,1425
21111011406,4810,3948,862
21111011505,6869,6284,585
21111011506,5816,5078,738
21111011508,5158,5015,143
21111011509,4030,3915,115
21111011513,4105,3902,203
21111011514,3223,3069,154
21111011515,5429,5279,150
21111011516,4441,4198,243
21111011517,5773,5561,212
21111011518,2652,2575,77
21111011519,5076,5011,65
21111011520,3745,3654,91
21111011601,6547,6506,41
21111011603,4615,4594,21
21111011604,2674,2552,122
21111011706,3832,3732,100
21111011707,5986,5802,184
21111011708,5326,4705,621
21111011709,4273,4218,55
21111011710,2969,2919,50
21111011711,5477,5338,139
21111011712,4711,4586,125
21111011713,2775,2676,99
21111011800,2512,2327,185
21111011901,1021,335,686
21111011904,2496,1827,669
21111011905,7375,6738,637
21111011906,3282,2425,857
21111011907,4701,4587,114
21111012001,3251,3032,219
21111012002,5974,4870,1104
21111012003,3773,3308,465
21111012103,2942,2871,71
21111012104,3728,3695,33
21111012105,4407,4181,226
21111012106,8021,7732,289
21111012107,5372,5120,252
21111012202,6936,6677,259
21111012203,6406,6380,26
21111012204,3828,3763,65
21111012301,3626,3270,356
21111012302,5247,4990,257
21111012406,5421,5253,168
21111012407,5458,5387,71
21111012408,2326,2229,97
21111012409,3314,3148,166
21111012410,4097,4036,61
21111012411,7262,7130,132
21111012501,2656,2403,253
21111012502,5683,5277,406
21111012503,3954,3941,13
21111012601,7110,6794,316
21111012603,2942,2925,17
21111012604,5698,5531,167
21111012701,3217,3048,169
21111012702,1972,1833,139
21111012703,5898,5689,209
21111012801,2953,2946,7
21111012802,2285,2153,132
21111013100,2018,2004,14
21111980100,0,0,0
21113060101,7765,7475,290
21113060102,7134,7069,65
21113060200,4077,3927,150
21113060300,2352,2318,34
21113060400,8198,8062,136
21113060502,6424,6119,305
21113060503,4761,4500,261
21113060504,3484,3393,91
21113060600,6820,6618,202
21115960100,3780,3767,13
21115960200,2657,2657,0
21115960300,2991,2984,7
21115960400,6461,6326,135
21115960500,2802,2802,0
21115960600,4589,4573,16
21117060300,1559,1531,28
21117060700,1643,1542,101
21117060900,2444,2123,321
21117061000,2101,2087,14
21117061100,1538,1459,79
21117061200,2679,2608,71
21117061300,2627,2492,135
21117061400,3881,3840,41
21117061600,1192,1151,41
21117063603,9096,8262,834
21117063604,6075,5930,145
21117063605,11729,11629,100
21117063606,4267,4262,5
21117063701,3091,2957,134
21117063702,4465,4455,10
21117063800,3116,3058,58
21117064000,6254,6078,176
21117064100,5517,5517,0
21117064200,1517,1512,5
21117064300,3130,2956,174
21117064400,3574,3289,285
21117064500,3615,3581,34
21117064600,5731,5401,330
21117064700,5061,5061,0
21117064800,3316,3148,168
21117064900,2987,2909,78
21117065000,3979,3728,251
21117065100,3156,3122,34
21117065200,4043,3941,102
21117065300,10085,9862,223
21117065400,1631,1614,17
21117065501,4365,4349,16
21117065502,3869,3861,8
21117065600,5940,5794,146
21117065700,2019,1961,58
21117065800,3034,3034,0
21117065900,1550,1550,0
21117066800,8479,8278,201
21117066900,4375,4262,113
21117067000,2649,2608,41
21117067100,2014,1794,220
21119960100,2607,2582,25
21119960200,2702,2702,0
21119960300,4292,4264,28
21119960400,2333,2333,0
21119960500,3950,3948,2
21121930100,1837,1831,6
21121930200,3486,3486,0
21121930300,2805,2805,0
21121930400,7401,7374,27
21121930500,5644,5595,49
21121930601,6168,5925,243
21121930602,2372,2372,0
21121930700,2027,2020,7
21123960101,1585,1585,0
21123960102,6054,5696,358
21123960200,2538,2538,0
21123960300,3950,3865,85
21125970100,2816,2808,8
21125970200,6419,6398,21
21125970300,4451,4255,196
21125970400,3774,3724,50
21125970500,4446,4421,25
21125970600,3380,3330,50
21125970700,6091,6017,74
21125970800,5006,4890,116
21125970900,3505,3433,72
21125971001,3935,3925,10
21125971002,6148,6148,0
21125971101,2373,2216,157
21125971102,7606,7522,84
21127930100,6843,6777,66
21127930200,1842,1842,0
21127930300,1639,1605,34
21127930400,2891,2871,20
21127930500,2655,2647,8
21129950100,4047,4036,11
21129950200,1592,1588,4
21129950300,1257,1257,0
21131920100,4950,4937,13
21131920200,2705,2705,0
21131920300,3214,3171,43
21133950100,2778,2770,8
21133950200,4570,4561,9
21133950300,1332,1320,12
21133950401,3042,3003,39
21133950402,4981,4909,72
21133950500,1396,1394,2
21133950600,5283,5271,12
21135930100,4205,4197,8
21135930200,4129,4129,0
21135930300,3467,3423,44
21135930400,1845,1801,44
21137920101,1943,1932,11
21137920102,4484,4385,99
21137920103,2589,2468,121
21137920200,5894,5821,73
21137920300,5312,5287,25
21137920400,4202,4153,49
21139040100,3153,3118,35
21139040200,6200,6094,106
21141960100,5618,5458,160
21141960200,3438,3374,64
21141960300,5530,5292,238
21141960400,4974,4926,48
21141960500,4350,4328,22
21141960600,2847,2674,173
21143960100,6371,6278,93
21143960200,1954,1933,21
21143980100,0,0,0
21145030100,1242,1059,183
21145030200,2220,2155,65
21145030300,1503,1452,51
21145030400,1874,1860,14
21145030500,1213,1213,0
21145030600,3547,3505,42
21145030700,4080,4031,49
21145030800,4941,4815,126
21145030900,3448,3275,173
21145031000,4529,4469,60
21145031100,5455,5372,83
21145031200,4556,4550,6
21145031301,4943,4733,210
21145031302,5972,5822,150
21145031400,6308,6127,181
21145031500,6624,6611,13
21145031600,2837,2735,102
21147960100,2401,2396,5
21147960200,1103,1103,0
21147960300,6092,6062,30
21147960400,8254,7750,504
21149970100,3178,3113,65
21149970200,3526,3517,9
21149970500,2788,2738,50
21151010101,2039,2039,0
21151010102,7655,7454,201
21151010200,3799,3781,18
21151010300,7799,7690,109
21151010400,1782,1756,26
21151010500,4216,4113,103
21151010600,5882,5834,48
21151010701,4552,4506,46
21151010702,3952,3770,182
21151010800,4682,4606,76
21151010901,3176,3097,79
21151010902,3008,2971,37
21151010903,4102,3837,265
21151011000,5971,5941,30
21151011100,6799,6755,44
21151011200,6297,5974,323
21151011301,2330,2198,132
21151011302,4963,4807,156
21151011400,4320,4247,73
21153970100,1722,1683,39
21153970200,6103,6017,86
21153970300,3153,3153,0
21153970400,1909,1909,0
21155970200,4591,4489,102
21155970300,2398,2342,56
21155970400,2887,2883,4
21155970500,1807,1792,15
21155970700,5883,5598,285
21155970800,1931,1913,18
21157950100,5080,4978,102
21157950200,4614,4558,56
21157950300,4239,4117,122
21157950400,5396,5364,32
21157950500,5722,5713,9
21157950600,6162,6064,98
21159950100,3664,3648,16
21159950200,7651,7448,203
21159950300,1163,1163,0
21161960100,3384,3370,14
21161960200,3385,3345,40
21161960300,4359,4142,217
21161960400,4382,4382,0
21161960500,1719,1719,0
21163970100,1240,1191,49
21163970200,2667,2251,416
21163970301,3320,3251,69
21163970302,5616,5582,34
21163970401,5391,5264,127
21163970402,7572,7228,344
21163970500,2936,2869,67
21163980100,9,9,0
21165960100,3754,3701,53
21165960200,2591,2591,0
21167960100,4205,3915,290
21167960200,5490,5439,51
21167960300,3512,3408,104
21167960400,4463,4384,79
21167960500,3741,3732,9
21169960100,2359,2337,22
21169960200,3129,3044,85
21169960300,4495,4442,53
21171930100,1703,1672,31
21171930200,2340,2291,49
21171930300,2350,2273,77
21171930400,4299,4151,148
21173920100,3257,3199,58
21173920200,7354,6864,490
21173920301,2859,2859,0
21173920302,6451,6368,83
21173920400,4643,4638,5
21173920500,2827,2760,67
21175950100,2219,2140,79
21175950200,1897,1897,0
21175950300,2121,2099,22
21175950400,4875,4794,81
21175950500,2267,2267,0
21177960100,1040,1040,0
21177960200,7432,7396,36
21177960300,4142,4136,6
21177960400,4982,4889,93
21177960500,3186,3154,32
21177960600,3196,3191,5
21177960700,3740,3737,3
21177960800,1958,1958,0
21177960900,1540,1540,0
21179930100,3385,3380,5
21179930200,8025,8025,0
21179930301,5206,4859,347
21179930302,8372,8019,353
21179930303,3258,3195,63
21179930400,3557,3554,3
21179930500,6398,6333,65
21179930600,3289,3289,0
21179930700,3385,3315,70
21181960100,2125,2125,0
21181960200,4937,4810,127
21183920100,2974,2960,14
21183920200,4038,3965,73
21183920300,4023,3953,70
21183920400,1635,1635,0
21183920500,8003,7558,445
21183920600,1909,1862,47
21183920700,1570,1536,34
21185030100,2040,2009,31
21185030200,4920,4785,135
21185030301,3397,2755,642
21185030302,4740,4581,159
21185030401,6606,6491,115
21185030402,2981,2971,10
21185030501,4234,3976,258
21185030502,5293,5167,126
21185030601,6393,6105,288
21185030602,5283,5048,235
21185030701,2434,2395,39
21185030702,6081,5980,101
21185030801,4684,4559,125
21185030802,4790,4662,128
21187970100,3336,3246,90
21187970200,4857,4717,140
21187970300,2480,2438,42
21189930100,2644,2644,0
21189930200,1908,1890,18
21191930100,6569,6480,89
21191930200,2731,2700,31
21191930300,5209,5159,50
21193970300,3136,3010,126
21193970400,3917,3879,38
21193970500,5866,5816,50
21193970600,4846,4846,0
21193970700,1794,1794,0
21193970800,2765,2750,15
21193970900,1673,1673,0
21193971000,3821,3790,31
21195930100,3266,3266,0
21195930200,6061,5805,256
21195930300,3383,3364,19
21195930400,3372,3317,55
21195930500,3091,3005,86
21195930600,3633,3633,0
21195930700,2450,2445,5
21195930800,3222,3222,0
21195930900,1833,1833,0
21195931000,2187,2187,0
21195931100,4673,4673,0
21195931200,3855,3843,12
21195931300,2825,2818,7
21195931400,2820,2820,0
21195931500,3734,3726,8
21195931600,1762,1754,8
21195931700,3989,3989,0
21195931800,3259,3227,32
21195931900,3376,3369,7
21197970100,6127,6047,80
21197970200,6260,6163,97
21199930100,6254,6018,236
21199930200,5375,5324,51
21199930300,5040,5040,0
21199930401,3286,3237,49
21199930402,5626,5587,39
21199930501,6409,6326,83
21199930502,6460,6032,428
21199930600,4320,4181,139
21199930700,5142,4961,181
21199930800,6032,5891,141
21199930900,2524,2510,14
21199931000,1604,1586,18
21199931101,2472,2371,101
21199931102,3228,3228,0
21201970100,2191,2158,33
21203950100,3141,3135,6
21203950200,7372,7366,6
21203950300,3982,3912,70
21203950400,2398,2398,0
21205950100,5086,5085,1
21205950200,9749,9334,415
21205950300,5362,5237,125
21205950400,4105,4105,0
21207960101,3298,3229,69
21207960102,4841,4498,343
21207960200,1703,1669,34
21207960300,4344,4166,178
21207960400,3498,3498,0
21209040100,4627,4439,188
21209040203,4237,4131,106
21209040204,3475,3452,23
21209040205,4194,3489,705
21209040206,5072,4814,258
21209040301,2984,2690,294
21209040302,1452,1446,6
21209040303,2033,1948,85
21209040400,3060,3005,55
21209040501,2592,2576,16
21209040502,3980,3945,35
21209040601,3428,3249,179
21209040602,4299,4226,73
21209040603,5915,5736,179
21211040101,3730,3595,135
21211040102,4806,4665,141
21211040200,7336,6851,485
21211040301,5370,4038,1332
21211040302,3573,2695,878
21211040401,7365,7039,326
21211040402,3565,3410,155
21211040501,2631,2545,86
21211040502,6591,6149,442
21213970100,2162,2149,13
21213970200,4524,4415,109
21213970300,4682,4494,188
21213970400,6488,6421,67
21215080101,3982,3847,135
21215080102,5870,5870,0
21215080103,1943,1934,9
21215080200,6003,5810,193
21217920100,2740,2700,40
21217920200,2973,2968,5
21217920300,4781,4748,33
21217920400,8228,8063,165
21217920500,6593,6299,294
21219950100,2840,2825,15
21219950200,5480,5202,278
21219950300,2709,2581,128
21219950400,1436,1369,67
21221970100,2416,2398,18
21221970200,7182,6935,247
21221970300,4648,4648,0
21221980100,21,21,0
21221980200,0,0,0
21223100100,3129,3097,32
21223100200,5622,5402,220
21225950100,1454,1454,0
21225950201,5905,5723,182
21225950202,2926,2848,78
21225950300,4780,4757,23
21227010100,2312,2267,45
21227010200,4180,4014,166
21227010300,4236,3518,718
21227010400,5698,5605,93
21227010500,2663,2579,84
21227010600,3810,3402,408
21227010701,4950,4846,104
21227010702,6248,5744,504
21227010801,2885,2729,156
21227010802,6426,6305,121
21227010803,6020,5925,95
21227010900,3861,3807,54
21227011001,4230,3766,464
21227011002,6797,6039,758
21227011100,6097,5777,320
21227011200,4929,4178,751
21227011300,4215,4109,106
21227011401,6531,6364,167
21227011402,2924,2880,44
21227011500,7041,6981,60
21227011600,5330,5154,176
21227011700,8243,7763,480
21227011800,5685,5549,136
21227011900,5755,5755,0
21229930100,2905,2670,235
21229930200,6768,6547,221
21229930300,2344,2322,22
21231920100,5084,5021,63
21231920200,5013,4606,407
21231920300,4277,4171,106
21231920400,3634,3626,8
21231920700,2549,2533,16
21233960100,4192,3673,519
21233960200,2831,2794,37
21233960300,2326,2316,10
21233960400,3982,3888,94
21235920100,2686,2661,25
21235920200,2751,2625,126
21235920300,7074,7011,63
21235920400,5553,5553,0
21235920500,5941,5941,0
21235920600,5957,5773,184
21235920700,4073,4073,0
21235920800,1807,1807,0
21237930100,3284,3264,20
21237930200,3937,3937,0
21239050103,3452,2995,457
21239050104,3728,3702,26
21239050105,3211,3015,196
21239050106,3424,3424,0
21239050107,3811,3303,508
21239050200,3783,3568,215
21239050300,1836,1810,26
21239050400,2346,2088,258
22001960100,6305,6121,184
22001960200,5950,5950,0
22001960300,3661,3580,81
22001960400,6819,6793,26
22001960500,6580,6504,76
22001960600,5965,5853,112
22001960700,4372,4354,18
22001960800,4881,4852,29
22001960900,5007,4975,32
22001961000,5274,4587,687
22001961100,3856,3743,113
22001961200,3702,3698,4
22003950100,5012,5006,6
22003950200,5523,4665,858
22003950300,2619,2518,101
22003950400,4397,4331,66
22003950500,8068,8007,61
22005030101,8077,7736,341
22005030102,5026,4870,156
22005030103,6459,6242,217
22005030203,11329,11147,182
22005030204,12115,11634,481
22005030205,10697,10081,616
22005030206,10206,8963,1243
22005030300,14087,13273,814
22005030401,4771,4443,328
22005030402,7697,7031,666
22005030500,9434,9131,303
22005030600,5516,5172,344
22005030900,4520,4314,206
22005031000,7075,7033,42
22007050100,3855,3712,143
22007050200,5146,5146,0
22007050300,3571,3540,31
22007050400,3255,3245,10
22007050500,2915,2791,124
22007050600,4231,3950,281
22009030100,2522,2515,7
22009030200,2846,2827,19
22009030300,3401,3295,106
22009030400,6797,6709,88
22009030500,7100,6845,255
22009030600,5101,5101,0
22009030700,8039,7828,211
22009030800,2601,2586,15
22009030900,2845,2841,4
22011960100,6416,6380,36
22011960200,4419,4224,195
22011960300,4550,4307,243
22011960400,3554,3360,194
22011960500,5127,4684,443
22011960600,3411,3240,171
22011960700,8958,8941,17
22013970100,3656,3578,78
22013970200,1739,1727,12
22013970300,3140,3072,68
22013970400,2554,2479,75
22013970500,2835,2822,13
22015010400,1541,1448,93
22015010500,4535,4139,396
22015010601,8216,7020,1196
22015010602,3325,3004,321
22015010701,3946,3627,319
22015010702,4194,3696,498
22015010801,2999,2255,744
22015010804,7618,7292,326
22015010805,3187,2954,233
22015010806,4210,4091,119
22015010900,4515,4160,355
22015011001,8405,7698,707
22015011002,4650,4508,142
22015011103,7468,7066,402
22015011105,7041,6327,714
22015011106,8707,8379,328
22015011107,2035,2005,30
22015011108,14146,13879,267
22015011109,7580,7329,251
22015011110,8751,8391,360
22015011200,5678,5650,28
22015011300,1973,1865,108
22017020500,2844,2779,65
22017020600,764,764,0
22017020700,930,930,0
22017021000,1734,1687,47
22017021100,2404,2349,55
22017021200,3581,3455,126
22017021300,2688,2665,23
22017021400,2292,2039,253
22017021500,2268,2091,177
22017021600,3705,3498,207
22017021700,1776,1711,65
22017021800,1487,1487,0
22017021900,1700,1700,0
22017022000,2086,2069,17
22017022100,5987,5987,0
22017022200,5580,5580,0
22017022300,2479,2436,43
22017022400,3251,3251,0
22017022500,5239,5105,134
22017022600,3196,3163,33
22017022700,2579,2446,133
22017022800,4349,4228,121
22017022900,4729,4408,321
22017023000,4612,4515,97
22017023100,1738,1731,7
22017023200,1614,1614,0
22017023300,2557,2527,30
22017023400,7017,7017,0
22017023500,3536,3502,34
22017023600,3239,3220,19
22017023700,6206,6206,0
22017023800,5841,5207,634
22017023901,6363,6257,106
22017023903,4455,4241,214
22017023904,3049,2977,72
22017023905,5177,5067,110
22017024000,12030,11636,394
22017024102,4104,3974,130
22017024104,6772,6693,79
22017024106,7978,7645,333
22017024107,5255,5210,45
22017024108,7316,7316,0
22017024109,3612,3452,160
22017024201,4050,3997,53
22017024202,6662,6618,44
22017024203,4814,4698,116
22017024301,7170,6680,490
22017024303,5806,5469,337
22017024304,4719,4616,103
22017024400,4993,4607,386
22017024503,4933,4681,252
22017024504,6567,6438,129
22017024601,4870,4774,96
22017024602,5226,5214,12
22017024700,1882,1859,23
22017024800,968,926,42
22017024900,3627,3580,47
22017025000,3764,3674,90
22017025100,1910,1840,70
22017025200,952,952,0
22017025300,1447,1432,15
22017025405,4139,3971,168
22017025406,4507,4434,73
22017980000,0,0,0
22019000100,2209,2180,29
22019000200,1746,1727,19
22019000300,2008,1830,178
22019000400,1116,1098,18
22019000500,3205,3053,152
22019000600,7456,7330,126
22019000700,4753,4421,332
22019000800,3182,3071,111
22019000900,3954,3945,9
22019001000,3425,3390,35
22019001100,4734,4580,154
22019001201,4792,4639,153
22019001202,3335,3156,179
22019001300,6305,5813,492
22019001400,5458,5445,13
22019001500,1682,1666,16
22019001600,4524,4409,115
22019001700,9109,8908,201
22019001801,10602,10260,342
22019001901,3299,3231,68
22019001903,7204,7042,162
22019001904,5587,5267,320
22019002000,9033,8879,154
22019002100,3197,3197,0
22019002201,7942,7880,62
22019002203,7164,6739,425
22019002204,5490,5475,15
22019002300,2687,2542,145
22019002400,6250,6214,36
22019002500,3867,3826,41
22019002600,4960,4895,65
22019002700,7623,7284,339
22019002800,4428,4006,422
22019002900,2248,1949,299
22019003000,4675,4635,40
22019003101,5133,5133,0
22019003102,2409,2321,88
22019003200,2108,2013,95
22019003300,5215,5045,170
22019003400,5157,5056,101
22019003500,3444,3209,235
22019003600,4518,4492,26
22019980000,0,0,0
22019980100,0,0,0
22021000100,2330,2260,70
22021000200,3004,2892,112
22021000300,4663,4569,94
22023970100,5072,4830,242
22023970201,1667,1567,100
22023990000,0,0,0
22025000100,4682,4630,52
22025000200,2520,2459,61
22025000300,2943,2926,17
22027950100,3528,3496,32
22027950200,3967,3877,90
22027950300,2846,2795,51
22027950400,3490,3473,17
22027950500,2621,2583,38
22029000100,2282,2282,0
22029000200,5326,5326,0
22029000300,3899,3854,45
22029000400,4442,4287,155
22029000500,4339,4278,61
22031950100,10002,9608,394
22031950200,3875,3650,225
22031950300,2704,2687,17
22031950400,3142,3048,94
22031950500,2014,2014,0
22031950600,3012,3001,11
22031950700,2298,2292,6
22033000100,1881,1881,0
22033000200,6510,6510,0
22033000300,1651,1651,0
22033000400,3064,3064,0
22033000500,3822,3816,6
22033000601,3095,3095,0
22033000602,4736,4736,0
22033000701,2442,2213,229
22033000702,3038,3010,28
22033000900,3924,3918,6
22033001000,3404,3404,0
22033001102,3247,3241,6
22033001103,2818,2805,13
22033001104,4359,4161,198
22033001600,3315,3308,7
22033001700,5559,5523,36
22033001800,2431,2287,144
22033001900,2269,2231,38
22033002000,3661,3488,173
22033002200,1491,1449,42
22033002300,2587,2480,107
22033002400,2075,1777,298
22033002500,3449,3429,20
22033002601,3970,3947,23
22033002602,3653,3577,76
22033002700,1594,1589,5
22033002801,2756,2523,233
22033002802,4179,3959,220
22033003000,4720,4634,86
22033003101,4716,4716,0
22033003103,1355,1346,9
22033003201,3762,3699,63
22033003202,3340,3322,18
22033003300,5229,5229,0
22033003400,5850,5767,83
22033003501,3126,2438,688
22033003504,5889,5889,0
22033003505,3814,3623,191
22033003506,7562,7446,116
22033003507,5166,5166,0
22033003601,3665,3389,276
22033003603,2825,2724,101
22033003604,5826,4926,900
22033003701,5967,5594,373
22033003702,3729,3692,37
22033003703,6147,6055,92
22033003801,7010,6648,362
22033003802,5026,4960,66
22033003804,4880,4577,303
22033003805,7025,6909,116
22033003904,6560,6369,191
22033003906,8932,8595,337
22033003907,5881,5812,69
22033003908,3469,3407,62
22033003909,5554,5237,317
22033003910,3225,2408,817
22033004005,6591,6394,197
22033004006,8366,7939,427
22033004009,8637,8135,502
22033004010,4962,4664,298
22033004011,6928,5198,1730
22033004013,4041,3908,133
22033004014,11197,10870,327
22033004015,7660,6717,943
22033004016,7923,7748,175
22033004201,6161,6100,61
22033004203,3276,3237,39
22033004204,4680,4415,265
22033004205,5806,5711,95
22033004301,6147,5856,291
22033004302,5347,5237,110
22033004401,4910,4739,171
22033004402,6631,6631,0
22033004403,5931,5904,27
22033004503,6356,5352,1004
22033004504,5880,5366,514
22033004505,8067,7808,259
22033004507,5352,5076,276
22033004508,8545,8199,346
22033004509,7005,6753,252
22033004510,8097,7980,117
22033004602,6332,6295,37
22033004603,5014,4871,143
22033004604,11925,11889,36
22033004700,6842,6612,230
22033004800,3887,3704,183
22033004900,4521,4223,298
22033005000,3232,3142,90
22033005100,3093,3053,40
22033005200,1757,1746,11
22033005300,3008,2976,32
22033980000,0,0,0
22035000100,2071,2071,0
22035000200,2927,2897,30
22035000300,2421,2393,28
22037951300,2997,2984,13
22037951400,3236,3199,37
22037951501,1495,1478,17
22037951502,7171,7025,146
22037951600,4857,4778,79
22039950100,6868,6460,408
22039950200,1746,1746,0
22039950300,4857,4345,512
22039950400,6031,5957,74
22039950500,3580,3580,0
22039950600,3335,3262,73
22039950700,3233,3233,0
22039950800,4115,4110,5
22041950100,3971,3963,8
22041950200,4311,4281,30
22041950300,5404,5404,0
22041950400,2912,2894,18
22041950500,1493,1493,0
22041950600,2373,2366,7
22043020100,2564,2551,13
22043020200,2726,2726,0
22043020300,2595,2515,80
22043020401,6184,5912,272
22043020402,8303,7334,969
22045030100,6990,6847,143
22045030200,6913,6752,161
22045030301,4072,4037,35
22045030302,6351,5874,477
22045030400,7528,7380,148
22045030500,4463,4079,384
22045030600,6458,6185,273
22045030700,4047,3946,101
22045030800,2348,2348,0
22045030900,3032,2714,318
22045031000,3538,3511,27
22045031100,4877,4653,224
22045031200,2974,2879,95
22045031300,6510,6152,358
22045031600,3698,3593,105
22045990000,0,0,0
22047952600,2760,2760,0
22047952700,6266,6099,167
22047952900,6003,5754,249
22047953000,2034,1983,51
22047953101,5606,5378,228
22047953102,2372,2360,12
22047953200,8118,8001,117
22049970100,2873,2751,122
22049970200,3360,3305,55
22049970300,4573,4505,68
22049970400,3466,3466,0
22049970500,1727,1727,0
22051020101,2945,2457,488
22051020102,3058,2955,103
22051020201,2819,2349,470
22051020202,3234,2083,1151
22051020203,7789,6348,1441
22051020301,3470,3345,125
22051020302,6153,4968,1185
22051020303,4024,3577,447
22051020400,3045,2832,213
22051020502,6188,4204,1984
22051020505,1745,1496,249
22051020506,4311,2944,1367
22051020507,4204,3158,1046
22051020508,8287,6016,2271
22051020511,3978,3248,730
22051020512,2536,1967,569
22051020513,5471,4515,956
22051020514,3964,3659,305
22051020515,3118,2263,855
22051020516,4752,2578,2174
22051020517,3702,3086,616
22051020600,4480,4022,458
22051020700,857,754,103
22051021000,2589,2240,349
22051021100,2194,1507,687
22051021200,2508,1893,615
22051021300,3111,2624,487
22051021400,2297,2164,133
22051021500,2797,2094,703
22051021600,6213,4581,1632
22051021700,5518,4588,930
22051021801,2381,1866,515
22051021803,4964,3067,1897
22051021804,2010,1086,924
22051021900,1729,1399,330
22051022001,5191,4512,679
22051022002,2827,2808,19
22051022101,1405,1400,5
22051022102,2330,2142,188
22051022200,2104,2037,67
22051022301,2879,2443,436
22051022302,1712,1535,177
22051022303,3507,2396,1111
22051022400,3577,3318,259
22051022500,2718,2489,229
22051022600,3278,3170,108
22051022700,2897,2770,127
22051022800,3224,2663,561
22051022900,2674,2475,199
22051023001,1829,1546,283
22051023002,5068,4297,771
22051023003,2827,2582,245
22051023100,2632,2379,253
22051023200,2716,2366,350
22051023300,1603,1452,151
22051023400,3451,3080,371
22051023500,4131,3762,369
22051023600,5258,4108,1150
22051023700,2082,2025,57
22051023800,3977,3761,216
22051023901,2487,2314,173
22051023902,2217,2042,175
22051023903,2308,2207,101
22051023904,2717,2372,345
22051024001,2808,2765,43
22051024002,3006,2958,48
22051024100,3507,3143,364
22051024201,2160,1920,240
22051024202,3162,2837,325
22051024300,2855,2371,484
22051024400,2882,2717,165
22051024500,1427,1408,19
22051024600,1177,1077,100
22051024700,1700,1333,367
22051024800,3711,3511,200
22051024900,1411,1140,271
22051025001,8565,7220,1345
22051025002,3024,2648,376
22051025003,3819,2421,1398
22051025102,4052,3730,322
22051025103,3914,3277,637
22051025104,4286,3845,441
22051025201,2746,2071,675
22051025202,6686,4845,1841
22051025300,1978,1473,505
22051025400,4246,3076,1170
22051025500,2875,2334,541
22051025600,1569,1379,190
22051025700,1155,1133,22
22051025800,1649,1602,47
22051025900,3516,3173,343
22051026000,1726,1528,198
22051026100,4423,3424,999
22051026200,1126,1119,7
22051026300,2830,2785,45
22051026400,1802,1707,95
22051026500,2016,1857,159
22051026600,1965,1757,208
22051026700,1910,1810,100
22051026800,2654,2414,240
22051026900,2971,2934,37
22051027000,5119,5069,50
22051027100,3044,2806,238
22051027200,4873,4686,187
22051027501,6374,6257,117
22051027502,3342,3342,0
22051027601,5285,5049,236
22051027602,3123,2876,247
22051027701,5631,5541,90
22051027703,4460,3808,652
22051027803,3230,2400,830
22051027804,8074,7306,768
22051027805,8351,7460,891
22051027806,6371,5863,508
22051027807,9012,8057,955
22051027809,6307,5691,616
22051027810,4423,4172,251
22051027811,2976,2947,29
22051027812,3934,3789,145
22051027901,2775,2713,62
22051027902,1756,1749,7
22051028000,5107,4807,300
22051028100,2070,2051,19
22051028200,4191,3355,836
22051980000,0,0,0
22051990000,0,0,0
22051990100,0,0,0
22053000100,5201,4994,207
22053000200,4755,4738,17
22053000300,5307,5086,221
22053000400,5952,5732,220
22053000500,5139,5129,10
22053000600,3124,3120,4
22053000700,1921,1921,0
22055000100,3012,2935,77
22055000200,2539,2383,156
22055000500,2913,2643,270
22055000602,4819,4737,82
22055000603,2738,2081,657
22055000604,7261,6852,409
22055000700,3007,2675,332
22055000800,3184,3166,18
22055000900,1801,1801,0
22055001001,5565,5453,112
22055001002,3551,3391,160
22055001003,3964,3877,87
22055001100,6776,6658,118
22055001200,7700,7573,127
22055001300,5149,5112,37
22055001401,9977,9771,206
22055001402,7949,7917,32
22055001403,5153,4728,425
22055001404,9228,8759,469
22055001405,8811,8051,760
22055001406,5373,5000,373
22055001407,5731,5548,183
22055001409,9593,9113,480
22055001410,15186,14831,355
22055001411,2134,2109,25
22055001500,5441,5221,220
22055001600,3026,2938,88
22055001700,6777,6667,110
22055001801,3340,2903,437
22055001802,4103,3779,324
22055001901,6219,6077,142
22055001902,7267,6777,490
22055001903,6255,5510,745
22055001904,4600,4227,373
22055001905,5828,5678,150
22055002001,5612,5409,203
22055002002,6408,6235,173
22055002101,5801,5774,27
22055002102,4859,4622,237
22055002103,4382,4254,128
22055002104,5439,5061,378
22055002200,6492,6336,156
22055980000,0,0,0
22057020100,2742,2580,162
22057020202,3773,3682,91
22057020400,2396,2340,56
22057020500,6261,6216,45
22057020600,2468,2399,69
22057020702,3584,3554,30
22057020703,5563,5441,122
22057020704,5654,5375,279
22057020800,3295,3233,62
22057020900,2114,2084,30
22057021000,3195,3168,27
22057021100,7341,6791,550
22057021200,4576,4072,504
22057021300,2284,2051,233
22057021400,3958,3688,270
22057021500,5184,4834,350
22057021601,7099,6988,111
22057021602,3949,3581,368
22057021700,3822,3444,378
22057021800,5106,4771,335
22057021901,6511,6497,14
22057021902,4526,4488,38
22057022000,2287,2221,66
22057990000,0,0,0
22059970100,4227,4148,79
22059970200,6159,5867,292
22059970300,4541,4533,8
22061960100,4002,3977,25
22061960200,4204,3804,400
22061960300,5609,5467,142
22061960400,5741,5683,58
22061960500,4308,4125,183
22061960600,4982,4851,131
22061960700,5918,5800,118
22061960800,3663,3599,64
22061960900,2237,2227,10
22061961000,6816,6620,196
22063040100,10238,10076,162
22063040201,6576,6522,54
22063040202,4512,4423,89
22063040301,9478,9206,272
22063040303,10813,10333,480
22063040304,5838,5730,108
22063040401,7731,7367,364
22063040402,8233,8204,29
22063040500,12667,11567,1100
22063040600,8525,8399,126
22063040700,3936,3780,156
22063040802,6025,5998,27
22063040804,17001,16284,717
22063040805,5082,4664,418
22063040806,7060,6809,251
22063040901,7035,6892,143
22063040902,5175,5105,70
22065960100,1592,1517,75
22065960200,3136,3004,132
22065960300,2862,2862,0
22065960400,1835,1835,0
22065960500,2378,2357,21
22067950100,1397,1359,38
22067950200,5122,4944,178
22067950300,2380,2361,19
22067950400,3745,3743,2
22067950500,4356,4338,18
22067950600,2849,2790,59
22067950700,2985,2979,6
22067950800,3905,3905,0
22069000100,2282,2271,11
22069000200,3581,3520,61
22069000300,4267,4089,178
22069000400,4000,3958,42
22069000500,4028,3960,68
22069000600,8474,8246,228
22069000700,3589,3551,38
22069000800,4245,4203,42
22069000900,4792,4636,156
22071000100,3074,2704,370
22071000200,1409,1369,40
22071000300,1285,1272,13
22071000400,2348,2328,20
22071000601,988,980,8
22071000602,2828,2676,152
22071000603,1271,1125,146
22071000604,4430,4227,203
22071000605,2288,2116,172
22071000606,4871,4416,455
22071000607,4910,4380,530
22071000611,4697,4583,114
22071000612,1883,1779,104
22071000613,5102,4865,237
22071000615,4635,4384,251
22071000616,4370,4167,203
22071000617,4707,4481,226
22071000618,4404,4363,41
22071000701,735,733,2
22071000702,1765,1719,46
22071000800,1593,1586,7
22071000901,781,781,0
22071000902,538,538,0
22071000903,603,603,0
22071000904,981,941,40
22071001100,1819,1761,58
22071001200,1744,1648,96
22071001301,1846,1811,35
22071001302,1134,1121,13
22071001401,1433,1433,0
22071001402,1829,1655,174
22071001500,884,867,17
22071001600,0,0,0
22071001701,2186,2157,29
22071001702,3170,3150,20
22071001720,3201,3052,149
22071001722,4140,3959,181
22071001723,4743,4729,14
22071001724,4377,4337,40
22071001725,7381,7011,370
22071001730,951,940,11
22071001734,909,880,29
22071001735,2013,1927,86
22071001736,2259,2198,61
22071001737,3597,3570,27
22071001739,1862,1862,0
22071001740,4889,4889,0
22071001741,1596,1579,17
22071001743,2349,2349,0
22071001744,5140,5087,53
22071001745,3486,3477,9
22071001746,4174,4174,0
22071001747,4264,4217,47
22071001748,4631,4627,4
22071001749,3090,2667,423
22071001750,3537,2927,610
22071001751,984,837,147
22071001800,1568,1367,201
22071001900,1238,1066,172
22071002000,1136,1108,28
22071002100,946,934,12
22071002200,1068,1018,50
22071002300,2025,1913,112
22071002401,2134,2080,54
22071002402,3201,3115,86
22071002501,2236,2162,74
22071002502,2423,2400,23
22071002503,2132,1994,138
22071002504,2702,2594,108
22071002600,1561,1553,8
22071002700,1557,1446,111
22071002800,1726,1714,12
22071002900,1176,1146,30
22071003000,999,999,0
22071003100,1088,1068,20
22071003301,2075,1989,86
22071003302,3574,3535,39
22071003303,2357,2141,216
22071003304,2397,2321,76
22071003307,1647,1601,46
22071003308,3534,3351,183
22071003400,1236,1169,67
22071003500,1166,1149,17
22071003600,1551,1495,56
22071003701,2074,2011,63
22071003702,3538,3348,190
22071003800,1211,1140,71
22071003900,1203,1081,122
22071004000,1935,1867,68
22071004100,1602,1429,173
22071004401,1213,1153,60
22071004402,158,158,0
22071004500,2396,2176,220
22071004600,2832,2729,103
22071004800,357,357,0
22071004900,1287,1115,172
22071005000,1250,870,380
22071005400,1741,1494,247
22071005500,2914,2548,366
22071005601,2316,2115,201
22071005602,2650,2505,145
22071005603,1450,1334,116
22071005604,1627,1569,58
22071006000,2204,2027,177
22071006300,1701,1269,432
22071006400,2304,1967,337
22071006500,2709,2317,392
22071006900,775,766,9
22071007000,1726,1633,93
22071007101,2554,2288,266
22071007200,2495,2299,196
22071007501,2683,2600,83
22071007502,3168,3099,69
22071007604,1818,1780,38
22071007605,1556,1475,81
22071007606,4128,3841,287
22071007700,2454,2013,441
22071007800,1111,959,152
22071008200,1571,1324,247
22071008300,1185,1092,93
22071008400,1126,1077,49
22071008500,1328,1320,8
22071008600,895,808,87
22071008800,1775,1756,19
22071009000,2080,2005,75
22071009100,1663,1640,23
22071009200,1443,1417,26
22071009400,1379,1255,124
22071009600,1470,1313,157
22071009700,1464,1304,160
22071009900,2916,2662,254
22071010000,1560,1496,64
22071010100,1829,1772,57
22071010200,1947,1891,56
22071010300,3357,3177,180
22071010600,1335,1266,69
22071010700,1977,1824,153
22071010800,1424,1363,61
22071010900,3145,3009,136
22071011100,1644,1499,145
22071011200,1633,1510,123
22071011400,1993,1924,69
22071011500,1305,1229,76
22071011600,1561,1511,50
22071011700,2960,2612,348
22071011900,1687,1546,141
22071012000,1470,1320,150
22071012101,3334,2980,354
22071012102,4163,3756,407
22071012200,2268,2131,137
22071012300,2093,1824,269
22071012400,1366,1309,57
22071012500,1657,1515,142
22071012600,1725,1666,59
22071012700,2236,2064,172
22071012800,2285,2100,185
22071012900,1623,1539,84
22071013000,1706,1566,140
22071013100,1457,1206,251
22071013200,2416,2244,172
22071013301,3872,3819,53
22071013302,2098,2028,70
22071013400,2634,2459,175
22071013500,2120,1929,191
22071013600,880,831,49
22071013700,2635,2580,55
22071013800,2518,2413,105
22071013900,1786,1682,104
22071014000,1744,1616,128
22071014100,2068,2021,47
22071014200,1745,1673,72
22071014300,2179,1996,183
22071014400,1565,1468,97
22071014500,1910,1850,60
22071980000,10,10,0
22071980100,0,0,0
22071990000,0,0,0
22073000100,5268,4885,383
22073000200,5155,5129,26
22073000401,2480,2455,25
22073000402,3054,3011,43
22073000500,2904,2858,46
22073000600,3683,3683,0
22073000700,2088,2088,0
22073000900,1568,1568,0
22073001100,3460,3460,0
22073001400,2733,2683,50
22073001500,1600,1600,0
22073001700,3274,3142,132
22073005100,2105,2058,47
22073005201,3662,3628,34
22073005203,3120,3095,25
22073005204,5503,5483,20
22073005301,5737,5668,69
22073005302,5571,5375,196
22073005400,1928,1899,29
22073005500,3315,3287,28
22073005800,2418,2096,322
22073005900,2613,2522,91
22073010101,4875,4676,199
22073010102,6725,6500,225
22073010201,5429,5365,64
22073010202,6805,6645,160
22073010301,3299,3260,39
22073010302,4509,4322,187
22073010400,9598,9305,293
22073010502,4444,4402,42
22073010503,1892,1878,14
22073010504,7900,7692,208
22073010603,8023,7895,128
22073010604,1973,1957,16
22073010700,2652,2652,0
22073010800,1796,1796,0
22073010900,5013,5007,6
22073011000,5372,5292,80
22073011100,2854,2796,58
22073980000,0,0,0
22075050100,1371,1363,8
22075050200,8529,7914,615
22075050300,5180,4618,562
22075050400,3676,3515,161
22075050500,1432,1423,9
22075050600,926,889,37
22075050700,1264,1264,0
22075050800,1206,1133,73
22075990000,0,0,0
22077951900,5079,5070,9
22077952000,2661,2481,180
22077952100,4596,4546,50
22077952200,3651,3546,105
22077952300,1575,1492,83
22077952400,4804,4709,95
22079010100,10024,9734,290
22079010300,5981,5869,112
22079010400,2332,2326,6
22079010500,6546,6344,202
22079010600,4655,4580,75
22079010700,4410,4308,102
22079011000,2810,2777,33
22079011300,2223,2223,0
22079011500,7359,6964,395
22079011600,2790,2770,20
22079011700,2517,2490,27
22079012000,1943,1943,0
22079012100,2854,2837,17
22079012200,3687,3630,57
22079012301,5702,5645,57
22079012302,4407,4310,97
22079012400,4423,4278,145
22079012500,6629,6167,462
22079012600,2345,2277,68
22079012700,3192,3179,13
22079012800,804,804,0
22079012900,2835,2823,12
22079013000,2345,2323,22
22079013100,2351,2350,1
22079013200,8412,8330,82
22079013300,4530,4464,66
22079013400,3441,3194,247
22079013500,6215,5244,971
22079013600,2951,2942,9
22079013700,4240,4151,89
22079013800,4337,4168,169
22079013900,3043,3029,14
22079980000,40,40,0
22081960100,4641,4608,33
22081960300,4116,3982,134
22083970100,2970,2916,54
22083970200,2019,1953,66
22083970300,2923,2899,24
22083970400,3679,3622,57
22083970500,5199,5113,86
22083970600,3902,3772,130
22085000100,2962,2880,82
22085000200,3771,3592,179
22085000300,2512,2336,176
22085000400,4721,4564,157
22085000500,3572,3527,45
22085000600,3519,3323,196
22085000700,3087,3040,47
22087030103,4741,4413,328
22087030104,1864,1652,212
22087030105,258,242,16
22087030203,3518,2771,747
22087030204,3749,3672,77
22087030206,2181,2146,35
22087030207,4006,3753,253
22087030208,3149,2991,158
22087030209,3443,3177,266
22087030300,1618,1420,198
22087030400,1430,1301,129
22087030500,1799,1681,118
22087030601,1482,1420,62
22087030602,2829,2375,454
22087030603,1496,1296,200
22087030700,1738,1654,84
22087030800,4790,3859,931
22087990000,0,0,0
22089060100,2112,2049,63
22089062100,6237,5459,778
22089062200,2376,2311,65
22089062301,6283,5582,701
22089062302,4742,4532,210
22089062400,1321,1321,0
22089062500,2923,2911,12
22089062700,4942,4662,280
22089062800,4923,4552,371
22089062900,2475,2394,81
22089063000,1349,1299,50
22089063100,7818,7447,371
22089063200,5207,5191,16
22091951100,4030,4030,0
22091951200,6684,6671,13
22093040100,3619,3561,58
22093040200,3343,3277,66
22093040300,3504,3504,0
22093040400,2543,2505,38
22093040500,2355,2308,47
22093040600,2661,2548,113
22093040700,3556,3556,0
22095070100,2647,2430,217
22095070200,7329,6667,662
22095070300,5793,5675,118
22095070400,4319,4086,233
22095070500,5800,5303,497
22095070600,2285,2271,14
22095070700,4369,4075,294
22095070800,1900,1900,0
22095070900,3324,3225,99
22095071000,2837,2556,281
22095071100,3285,3285,0
22097960100,2966,2844,122
22097960200,3939,3935,4
22097960300,3723,3708,15
22097960400,1911,1904,7
22097960500,5917,5792,125
22097960600,6465,6464,1
22097960700,5856,5856,0
22097960800,3633,3612,21
22097960900,3941,3859,82
22097961000,2287,2096,191
22097961100,3560,3442,118
22097961200,5871,5412,459
22097961300,4297,4276,21
22097961400,4253,4214,39
22097961500,4304,4289,15
22097961600,4466,4396,70
22097961700,6031,6031,0
22097961800,6929,6700,229
22097961900,3350,3266,84
22099020100,5146,5134,12
22099020200,8017,7960,57
22099020301,4965,4762,203
22099020302,7726,7240,486
22099020400,5678,5610,68
22099020501,5449,5448,1
22099020502,4012,4001,11
22099020600,6117,5879,238
22099020800,3103,2921,182
22099020900,1718,1611,107
22099021000,1454,1390,64
22101040100,3077,2359,718
22101040200,5070,4633,437
22101040300,3162,2791,371
22101040400,3589,3473,116
22101040500,4880,4722,158
22101040600,5209,4682,527
22101040700,3267,3133,134
22101040800,5271,5161,110
22101040900,3055,2991,64
22101041000,3604,3549,55
22101041100,1761,1518,243
22101041200,2097,2045,52
22101041300,2003,1813,190
22101041400,3288,3158,130
22101041500,1874,1748,126
22101041600,1846,1846,0
22101990000,0,0,0
22103040102,9261,8905,356
22103040103,4702,4596,106
22103040104,6654,6245,409
22103040201,9792,9393,399
22103040202,6363,6174,189
22103040303,9218,8587,631
22103040304,6680,6433,247
22103040305,12713,12289,424
22103040400,8268,8124,144
22103040501,4523,4344,179
22103040502,4252,4099,153
22103040601,2462,2451,11
22103040602,2685,2385,300
22103040604,9246,8398,848
22103040605,6661,6382,279
22103040701,9366,8771,595
22103040704,5884,5462,422
22103040705,7148,7065,83
22103040706,5700,5493,207
22103040708,6067,5724,343
22103040709,4241,3959,282
22103040710,6388,5920,468
22103040801,4606,4330,276
22103040802,6862,6588,274
22103040803,9280,8288,992
22103040900,2751,2636,115
22103041002,2829,2587,242
22103041003,5954,5782,172
22103041004,4606,4343,263
22103041101,3886,3784,102
22103041102,7573,6435,1138
22103041103,2961,2703,258
22103041104,3485,3333,152
22103041202,2135,2108,27
22103041204,8020,7739,281
22103041207,4152,4009,143
22103041208,4384,4156,228
22103041209,5115,4896,219
22103041210,2653,2519,134
22103041211,6187,5850,337
22103041212,3657,3460,197
22103041300,6899,6626,273
22103990000,0,0,0
22105953200,3043,3035,8
22105953300,3940,3932,8
22105953400,5721,5697,24
22105953500,7523,7310,213
22105953600,6418,5934,484
22105953700,10796,10727,69
22105953800,5112,4809,303
22105953900,8615,7891,724
22105954001,4675,4545,130
22105954002,5716,5512,204
22105954101,5197,5106,91
22105954102,11036,10715,321
22105954200,4987,4841,146
22105954300,4211,4194,17
22105954400,3554,3453,101
22105954501,5750,5569,181
22105954502,7415,6742,673
22105954600,12952,12090,862
22105954700,5369,5072,297
22105954800,5085,4966,119
22107000100,1830,1820,10
22107000200,951,900,51
22107000300,2012,1990,22
22109000101,6000,5588,412
22109000102,4095,3918,177
22109000201,3735,3451,284
22109000202,7064,6733,331
22109000300,5355,5028,327
22109000401,4744,4346,398
22109000402,4079,3847,232
22109000500,6200,5652,548
22109000600,5684,5212,472
22109000700,6435,5631,804
22109000800,5654,5456,198
22109000900,4925,4824,101
22109001000,5867,5583,284
22109001100,4248,4248,0
22109001201,2722,2690,32
22109001202,3733,3688,45
22109001300,8707,8606,101
22109001400,3252,3205,47
22109001500,7202,6867,335
22109001600,2326,2246,80
22109001700,11072,10803,269
22109990000,0,0,0
22111960100,4580,4175,405
22111960200,3408,3171,237
22111960300,2804,2666,138
22111960400,3661,3592,69
22111960500,4813,4685,128
22111960600,3194,3150,44
22113950100,9924,9301,623
22113950200,5006,4995,11
22113950400,5297,5268,29
22113950500,5510,5429,81
22113950600,3226,3173,53
22113950700,3616,3557,59
22113950800,5179,5093,86
22113950901,3511,3312,199
22113950902,8308,8090,218
22113951001,4649,4460,189
22113951002,3507,3379,128
22113951100,1791,1589,202
22113990000,0,0,0
22115950100,5864,5652,212
22115950200,5193,5030,163
22115950300,4403,4316,87
22115950400,3524,3244,280
22115950500,6155,5595,560
22115950600,3871,3452,419
22115950701,1472,1170,302
22115950702,3677,3033,644
22115950703,2406,1858,548
22115950704,4127,3427,700
22115950800,4324,4100,224
22115950900,7085,6458,627
22117950101,3578,3503,75
22117950102,4132,4132,0
22117950200,6010,6010,0
22117950300,3965,3813,152
22117950400,3926,3926,0
22117950500,6397,6260,137
22117950600,4528,4509,19
22117950700,5048,4608,440
22117950800,4276,4229,47
22117950900,1316,1258,58
22117951000,3191,3179,12
22119031100,1912,1909,3
22119031200,2719,2640,79
22119031300,5083,5042,41
22119031400,3313,3266,47
22119031500,5121,5028,93
22119031600,3138,3120,18
22119031700,3217,3208,9
22119031800,2800,2783,17
22119031900,2274,2274,0
22119032000,3444,3368,76
22119032100,7314,6994,320
22121020100,4283,4198,85
22121020200,3239,3050,189
22121020300,5840,5646,194
22121020401,5191,5035,156
22121020402,6464,6376,88
22123000100,4570,4366,204
22123000200,3692,3628,64
22123000300,3108,3033,75
22125951701,3412,3409,3
22125951702,3496,3414,82
22125951800,8476,8320,156
22127960100,3240,3189,51
22127960200,6328,6164,164
22127960300,2773,2752,21
22127960400,2354,2317,37
23001010100,1716,1661,55
23001010200,4684,4660,24
23001010300,2129,2109,20
23001010400,2408,2334,74
23001010500,2010,1924,86
23001010600,2892,2878,14
23001010700,3140,3081,59
23001010800,3964,3964,0
23001020100,1309,1266,43
23001020200,1192,1187,5
23001020300,6307,5961,346
23001020400,2735,2671,64
23001020500,4116,4027,89
23001020600,2593,2563,30
23001020700,5498,5175,323
23001020800,7764,7764,0
23001020900,4763,4627,136
23001030100,4447,4416,31
23001030200,4426,4403,23
23001040000,3918,3879,39
23001041000,5491,5478,13
23001041500,5592,5472,120
23001042000,5744,5696,48
23001043000,2109,2087,22
23001044000,3126,3024,102
23001045000,2108,2090,18
23001046000,4353,4322,31
23001046500,6842,6796,46
23003950100,2396,2348,48
23003950200,2465,2436,29
23003950300,3889,3889,0
23003950400,1665,1661,4
23003950600,3997,3954,43
23003950700,2704,2678,26
23003950900,2107,2089,18
23003951000,3469,3412,57
23003951100,2849,2839,10
23003951200,2593,2549,44
23003951300,3114,3055,59
23003951400,2195,2150,45
23003951600,2017,1972,45
23003951700,4564,4501,63
23003951800,3864,3857,7
23003951900,2882,2859,23
23003952000,2552,2519,33
23003952100,2787,2780,7
23003952300,2432,2407,25
23003952400,3793,3717,76
23003952500,2158,2123,35
23003952600,3216,3203,13
23003952700,2622,2599,23
23003952900,3075,3072,3
23005000100,2157,2120,37
23005000200,2580,2509,71
23005000300,2562,2318,244
23005000500,2483,2203,280
23005000600,3264,3090,174
23005001000,2781,2735,46
23005001100,2558,2519,39
23005001200,1528,1435,93
23005001300,3388,3329,59
23005001500,3495,3306,189
23005001700,4427,4372,55
23005001800,3501,3454,47
23005001900,4250,4175,75
23005002001,3547,3405,142
23005002002,2862,2755,107
23005002101,6051,5924,127
23005002102,5482,5247,235
23005002200,5210,5172,38
23005002300,3467,3369,98
23005002400,1263,1247,16
23005002501,3655,3541,114
23005002502,8098,8047,51
23005002600,3801,3686,115
23005002700,4850,4539,311
23005002800,2864,2740,124
23005002900,6454,6362,92
23005003000,6566,6465,101
23005003100,3927,3867,60
23005003200,3184,3146,38
23005003300,3218,3189,29
23005003400,4666,4517,149
23005003500,3836,3789,47
23005003701,4271,4250,21
23005003702,4959,4959,0
23005004001,3198,3186,12
23005004002,7587,7515,72
23005004100,6230,6185,45
23005004200,7983,7850,133
23005004401,4945,4920,25
23005004402,3557,3545,12
23005004501,3077,2922,155
23005004502,5165,5125,40
23005004600,3700,3643,57
23005004701,2023,1980,43
23005004702,5965,5938,27
23005004801,6376,6360,16
23005004802,5195,5195,0
23005004803,6069,6013,56
23005011100,4412,4336,76
23005011201,7079,6950,129
23005011202,6528,6366,162
23005011300,2478,2412,66
23005011500,7390,7270,120
23005012000,4509,4441,68
23005013000,3846,3756,90
23005014000,3957,3898,59
23005015000,2788,2788,0
23005016000,5347,5306,41
23005016500,3050,3050,0
23005017001,6308,6259,49
23005017002,3813,3775,38
23005017101,1937,1937,0
23005017102,2905,2892,13
23005017301,8970,8602,368
23005017303,4302,4272,30
23005017304,6310,6198,112
23005990000,0,0,0
23007970101,1877,1872,5
23007970102,561,555,6
23007970601,1689,1628,61
23007970602,2493,2463,30
23007971000,4324,4253,71
23007971100,2982,2982,0
23007971200,7600,7489,111
23007971300,4024,3993,31
23007971400,4720,4651,69
23009965100,1915,1911,4
23009965200,2506,2461,45
23009965300,4937,4937,0
23009965400,2729,2714,15
23009965503,3274,3229,45
23009965504,4613,4553,60
23009965700,2792,2769,23
23009965800,2271,2267,4
23009965900,5329,5065,264
23009966000,1911,1902,9
23009966100,2011,1995,16
23009966200,1770,1749,21
23009966300,4268,4243,25
23009966400,2546,2531,15
23009966500,2917,2868,49
23009966600,3033,2965,68
23009966700,5661,5613,48
23009990000,0,0,0
23011010100,4777,4649,128
23011010200,3912,3892,20
23011010300,3304,3247,57
23011010400,2144,2062,82
23011010500,4554,4497,57
23011010600,7154,7094,60
23011010700,2427,2427,0
23011010801,2554,2510,44
23011010802,6302,6141,161
23011010900,1379,1305,74
23011011000,4291,4126,165
23011012000,3601,3601,0
23011013000,4053,3913,140
23011014000,6006,5952,54
23011014500,2181,2181,0
23011015000,2547,2517,30
23011015500,3251,3212,39
23011016000,3148,3096,52
23011017000,4234,4189,45
23011018000,4313,4313,0
23011019000,2552,2522,30
23011020000,4272,4238,34
23011020500,1989,1954,35
23011021000,3369,3247,122
23011022000,2671,2671,0
23011023001,3836,3786,50
23011023002,3800,3800,0
23011024101,4037,3986,51
23011024102,5128,5052,76
23011024200,6969,6856,113
23011025000,6198,6187,11
23013970200,4835,4826,9
23013970300,6978,6938,40
23013970400,7480,7255,225
23013970500,3352,3244,108
23013970600,2834,2806,28
23013970700,4386,4336,50
23013970800,2999,2995,4
23013970900,2591,2574,17
23013971000,2503,2496,7
23013971100,1759,1754,5
23013990000,0,0,0
23015975100,5308,5251,57
23015975200,5030,4947,83
23015975300,3585,3543,42
23015975400,3558,3489,69
23015975500,6368,6349,19
23015975600,3640,3636,4
23015975700,995,973,22
23015975800,3112,3078,34
23015976200,2569,2547,22
23015990000,0,0,0
23017965100,1137,1134,3
23017965400,3012,3012,0
23017965500,2226,2165,61
23017965600,3523,3493,30
23017965700,2966,2919,47
23017965800,3563,3450,113
23017965900,2938,2929,9
23017966000,3104,3061,43
23017966100,2112,2073,39
23017966200,5134,5104,30
23017966300,3614,3508,106
23017966400,6795,6718,77
23017966500,4952,4952,0
23017966600,2928,2849,79
23017966700,3402,3395,7
23017966800,2442,2442,0
23017966900,3451,3407,44
23019000200,3643,3562,81
23019000300,4880,4724,156
23019000400,2375,2233,142
23019000500,3678,3592,86
23019000600,2204,2204,0
23019000700,2556,2552,4
23019000900,6492,6448,44
23019002000,7341,7329,12
23019003000,3689,3672,17
23019004100,1836,1836,0
23019004200,2457,2457,0
23019004300,4991,4991,0
23019005000,1927,1920,7
23019006100,2945,2907,38
23019006200,3254,3179,75
23019006300,4612,4466,146
23019007100,4758,4756,2
23019007200,2897,2897,0
23019008001,4599,4572,27
23019009000,6044,5916,128
23019010000,5738,5738,0
23019011000,2785,2785,0
23019012000,1539,1518,21
23019012500,2633,2625,8
23019013000,3245,3245,0
23019013500,2590,2564,26
23019014000,1944,1921,23
23019015000,3806,3766,40
23019015500,2367,2288,79
23019018000,2950,2950,0
23019020500,2889,2807,82
23019021500,1853,1848,5
23019022500,1902,1900,2
23019024500,2273,2261,12
23019025500,1894,1878,16
23019026500,1847,1814,33
23019027000,5040,5015,25
23019028000,1516,1500,16
23019028500,1518,1518,0
23019029000,1906,1888,18
23019030000,4382,4193,189
23019031000,1824,1779,45
23019031100,6663,6504,159
23019031200,4230,4199,31
23019031300,5656,5598,58
23019940000,810,768,42
23021960301,1797,1772,25
23021960302,476,468,8
23021960400,1077,1063,14
23021960500,1595,1540,55
23021960600,2923,2884,39
23021960700,4097,4083,14
23021960800,3809,3768,41
23021960900,1270,1256,14
23023970100,3391,3355,36
23023970200,6008,5901,107
23023970301,4581,4374,207
23023970302,4150,4066,84
23023970400,4484,4474,10
23023970500,5343,5302,41
23023970600,2991,2982,9
23023970700,4186,4162,24
23023990000,0,0,0
23025965301,876,876,0
23025965302,1411,1411,0
23025965600,2064,2055,9
23025965700,2991,2989,2
23025965800,3023,2997,26
23025965900,1670,1663,7
23025966000,4132,4010,122
23025966100,3602,3580,22
23025966200,1732,1718,14
23025966300,1868,1867,1
23025966400,2630,2622,8
23025966500,4746,4650,96
23025966600,4321,4321,0
23025966700,4076,4010,66
23025966800,6651,6560,91
23025966900,3297,3288,9
23025967000,2273,2239,34
23027041000,3824,3824,0
23027042000,5936,5888,48
23027043000,6641,6542,99
23027044000,4514,4382,132
23027045000,6010,5936,74
23027046001,2273,2251,22
23027046002,5238,5184,54
23027047000,4635,4618,17
23029955100,2648,2632,16
23029955300,1410,1400,10
23029955400,1413,1403,10
23029955500,3018,2973,45
23029955600,2037,2028,9
23029955700,1390,1374,16
23029955800,2378,2346,32
23029955900,2594,2582,12
23029956100,2647,2610,37
23029956200,2823,2769,54
23029956300,2489,2475,14
23029956400,3166,3096,70
23029956500,3912,3656,256
23029990000,0,0,0
23031005100,4733,4669,64
23031005200,4553,4432,121
23031005300,7022,6748,274
23031005400,2700,2689,11
23031006101,5216,5178,38
23031006102,3511,3433,78
23031020000,8124,7957,167
23031021000,4416,4392,24
23031022000,3745,3674,71
23031022500,3254,3212,42
23031023000,2909,2903,6
23031023500,6661,6590,71
23031024000,7773,7762,11
23031024500,6308,6179,129
23031025100,3589,3518,71
23031025201,5001,4800,201
23031025202,7679,7312,367
23031025300,2917,2917,0
23031025400,2155,2101,54
23031026000,4160,4106,54
23031027000,3544,3544,0
23031028001,3428,3403,25
23031028002,7733,7723,10
23031029000,3046,3019,27
23031030100,4369,4357,12
23031030201,3331,3265,66
23031030202,5943,5855,88
23031030203,3907,3835,72
23031030300,3337,3265,72
23031031000,6118,6118,0
23031032000,7507,7453,54
23031033000,4643,4553,90
23031034001,5912,5912,0
23031034002,5251,5112,139
23031035000,7332,7289,43
23031036001,6785,6684,101
23031036002,5992,5976,16
23031037000,6318,6232,86
23031038001,6237,6000,237
23031038002,3377,3247,130
23031990100,0,0,0
24001000100,3590,3526,64
24001000200,4069,3825,244
24001000300,2596,2532,64
24001000400,2798,2771,27
24001000500,2401,2385,16
24001000600,2921,2897,24
24001000700,3514,3386,128
24001000800,2366,2274,92
24001001000,2411,2335,76
24001001100,1367,1367,0
24001001200,3116,3109,7
24001001300,5134,4973,161
24001001401,3859,3828,31
24001001402,1517,1498,19
24001001502,2000,1977,23
24001001503,1965,1957,8
24001001600,1726,1714,12
24001001700,4987,4884,103
24001001800,4900,4811,89
24001001900,3010,3010,0
24001002000,5780,5780,0
24001002100,3305,3265,40
24001002200,3728,3723,5
24003701101,4000,3860,140
24003701102,7734,7134,600
24003701200,9048,8831,217
24003701300,7833,7593,240
24003701400,3444,3413,31
24003702100,7308,6823,485
24003702204,4217,3931,286
24003702205,5584,5543,41
24003702206,6503,6144,359
24003702208,6865,6539,326
24003702209,4494,4214,280
24003702300,5726,5467,259
24003702402,6803,6145,658
24003702500,6105,4568,1537
24003702601,5545,5319,226
24003702602,5769,5360,409
24003702701,4808,4651,157
24003702702,3746,3648,98
24003706101,3525,3330,195
24003706301,4441,4101,340
24003706302,3176,3018,158
24003706401,7475,3595,3880
24003706402,2966,2638,328
24003706500,5269,4509,760
24003706600,5335,4608,727
24003706700,6211,5632,579
24003707001,6369,6177,192
24003707002,5010,4845,165
24003708001,3906,3820,86
24003708004,5852,5509,343
24003730100,9807,9515,292
24003730203,6040,5080,960
24003730204,6102,5790,312
24003730300,3386,3078,308
24003730401,5309,4887,422
24003730402,6192,5741,451
24003730502,5668,5463,205
24003730504,7805,7239,566
24003730505,4593,3986,607
24003730506,3568,3188,380
24003730601,7145,6672,473
24003730603,3116,3115,1
24003730604,7175,7148,27
24003730700,7344,7126,218
24003730800,2512,2480,32
24003730901,2601,2532,69
24003730902,3881,3572,309
24003731002,3380,3235,145
24003731003,4243,4002,241
24003731004,4471,4239,232
24003731102,7614,7398,216
24003731103,5207,4996,211
24003731104,4265,4043,222
24003731105,3346,3289,57
24003731201,6539,6380,159
24003731202,7278,7113,165
24003731203,7047,6792,255
24003731204,6303,5936,367
24003731303,6483,6443,40
24003731306,6069,5866,203
24003731307,6599,6510,89
24003731308,3744,3684,60
24003731309,5842,5642,200
24003731310,5343,5106,237
24003731311,8302,7904,398
24003740102,9809,9209,600
24003740103,8555,7884,671
24003740104,8629,7878,751
24003740105,4026,3716,310
24003740201,7754,6712,1042
24003740203,6067,5733,334
24003740303,4551,4023,528
24003740304,4706,4412,294
24003740305,11839,10768,1071
24003740400,5449,5214,235
24003740500,10492,9920,572
24003740601,4083,3545,538
24003740602,3100,2656,444
24003740603,2569,2215,354
24003740701,5718,5365,353
24003740702,9686,9158,528
24003740800,4490,4185,305
24003740900,7709,6933,776
24003741000,2270,2165,105
24003750101,4086,3820,266
24003750102,2703,2527,176
24003750201,3036,2828,208
24003750202,3133,2936,197
24003750203,1210,1118,92
24003750300,2757,2681,76
24003750400,4004,3913,91
24003750801,6306,6087,219
24003750803,8441,6275,2166
24003750804,3692,3451,241
24003750900,2781,2501,280
24003751000,3833,3545,288
24003751102,4044,3829,215
24003751103,5548,5503,45
24003751200,4189,4166,23
24003751400,3948,3818,130
24003751500,7155,5609,1546
24003751600,5147,5122,25
24003751700,2828,2752,76
24003980000,8,8,0
24003990000,0,0,0
24005400100,4259,4259,0
24005400200,2483,2355,128
24005400400,5724,5574,150
24005400500,2506,2430,76
24005400600,2970,2953,17
24005400701,2965,2751,214
24005400702,1935,1864,71
24005400800,2774,2563,211
24005400900,2082,1696,386
24005401000,2627,2579,48
24005401101,6535,6189,346
24005401102,1045,1018,27
24005401200,3075,2917,158
24005401301,3552,3380,172
24005401302,2625,2598,27
24005401400,1781,1734,47
24005401503,6653,6493,160
24005401504,6284,5673,611
24005401505,4557,4281,276
24005401506,5044,4926,118
24005401507,6070,5443,627
24005402201,3741,3670,71
24005402202,1509,1452,57
24005402302,5480,5135,345
24005402303,6866,6387,479
24005402304,3896,3840,56
24005402305,2206,2132,74
24005402306,4015,3881,134
24005402307,6468,6100,368
24005402403,2058,2054,4
24005402404,5234,4986,248
24005402405,3465,3124,341
24005402406,6404,5999,405
24005402407,1417,1362,55
24005402503,5048,5030,18
24005402504,4375,4290,85
24005402505,3671,3670,1
24005402506,4480,4386,94
24005402509,9218,9071,147
24005402602,2284,2208,76
24005402603,6847,6626,221
24005402604,6164,5979,185
24005403100,2342,2309,33
24005403201,3182,3073,109
24005403202,2017,1977,40
24005403300,2376,2228,148
24005403401,3398,3275,123
24005403402,5379,4522,857
24005403500,5210,5150,60
24005403601,4686,4655,31
24005403602,6068,5875,193
24005403701,7477,7140,337
24005403702,4898,4551,347
24005403801,1701,1674,27
24005403802,2944,2930,14
24005403803,3297,3286,11
24005404101,5054,4973,81
24005404102,5524,5088,436
24005404201,6700,6206,494
24005404202,9507,8012,1495
24005404402,6246,5972,274
24005404403,5042,4748,294
24005404404,4642,4375,267
24005404501,6951,6297,654
24005404502,4066,3216,850
24005404600,2700,2639,61
24005404800,1973,1904,69
24005404900,4308,4208,100
24005405000,4601,4502,99
24005406000,5661,5544,117
24005407001,3034,2981,53
24005407002,5942,5830,112
24005408100,5827,5651,176
24005408200,1843,1782,61
24005408302,3032,2988,44
24005408303,3439,3380,59
24005408304,5063,4931,132
24005408400,751,733,18
24005408502,5351,5189,162
24005408503,3320,3055,265
24005408505,3907,3702,205
24005408506,4607,3864,743
24005408507,6449,5818,631
24005408601,4036,3979,57
24005408602,2134,1995,139
24005408702,2434,2391,43
24005408703,6138,6055,83
24005408704,5661,5505,156
24005408800,2350,2295,55
24005408900,2697,2661,36
24005410100,5263,5183,80
24005410200,4924,4881,43
24005411101,2266,2243,23
24005411102,2951,2879,72
24005411201,3208,3161,47
24005411202,3563,3525,38
24005411302,3580,3440,140
24005411303,5750,5491,259
24005411306,5691,5634,57
24005411307,3751,3614,137
24005411308,3403,3364,39
24005411309,8531,8347,184
24005411404,3691,3620,71
24005411406,4385,4288,97
24005411407,10885,10643,242
24005411408,3377,3046,331
24005411409,5360,5158,202
24005411410,4821,4703,118
24005420100,3870,3849,21
24005420200,2345,2159,186
24005420301,2414,2221,193
24005420302,2480,2129,351
24005420303,1313,1309,4
24005420401,6419,6305,114
24005420402,2078,1948,130
24005420500,3381,2842,539
24005420600,4315,4059,256
24005420701,3360,3051,309
24005420702,1986,1931,55
24005420800,3088,2864,224
24005420900,3711,3526,185
24005421000,1746,1729,17
24005421101,3292,3015,277
24005421102,2375,2278,97
24005421200,1585,1567,18
24005421300,2823,2815,8
24005430101,4587,2672,1915
24005430104,2959,2619,340
24005430200,2887,2744,143
24005430300,5478,4599,879
24005430400,4534,4093,441
24005430600,2374,2309,65
24005430700,5459,5355,104
24005430800,3456,3430,26
24005430900,5632,5421,211
24005440100,4729,4533,196
24005440200,2340,2303,37
24005440300,2015,1895,120
24005440400,4886,4575,311
24005440500,3098,2977,121
24005440600,2295,2257,38
24005440701,7367,5932,1435
24005440702,4941,4698,243
24005440800,3401,3349,52
24005440900,3790,3581,209
24005441000,3355,3327,28
24005441101,2163,1992,171
24005441102,4990,4598,392
24005450100,3745,3613,132
24005450200,3272,3111,161
24005450300,3078,3010,68
24005450400,2410,2355,55
24005450501,4244,4170,74
24005450503,6506,5785,721
24005450504,5322,5100,222
24005450800,3773,3407,366
24005450900,3971,3950,21
24005451000,1729,1703,26
24005451100,2219,2147,72
24005451200,3602,3553,49
24005451300,3892,3608,284
24005451401,4111,3720,391
24005451402,5757,5003,754
24005451500,4087,4087,0
24005451600,2202,2175,27
24005451701,3419,3278,141
24005451702,1846,1840,6
24005451801,5676,5646,30
24005451802,3817,3781,36
24005451803,4051,3953,98
24005451900,2490,2490,0
24005452000,2515,2494,21
24005452100,3215,3024,191
24005452300,2948,2448,500
24005452400,3421,3421,0
24005452500,3489,3233,256
24005490100,3898,3758,140
24005490200,2843,2767,76
24005490301,6961,6395,566
24005490302,4727,4556,171
24005490400,1823,1784,39
24005490500,3687,3654,33
24005490601,2263,2186,77
24005490602,2774,2589,185
24005490603,2101,1974,127
24005490605,4956,4707,249
24005490701,1721,1716,5
24005490703,3085,2998,87
24005490800,3644,3585,59
24005490900,4495,4153,342
24005491000,2292,2176,116
24005491100,4111,4001,110
24005491201,1647,1609,38
24005491202,1873,1815,58
24005491300,3682,3482,200
24005491401,5780,5767,13
24005491402,3097,3097,0
24005491500,3723,3310,413
24005491600,3151,3024,127
24005491701,4005,3660,345
24005491900,1848,1715,133
24005492001,1484,1420,64
24005492002,3913,3762,151
24005492101,3582,3320,262
24005492102,2103,1959,144
24005492200,4938,4757,181
24005492300,4042,3730,312
24005492401,3648,3564,84
24005492402,6685,6457,228
24005492500,3268,3106,162
24005492600,3935,3910,25
24005980000,0,0,0
24005980100,0,0,0
24005980200,0,0,0
24009860101,3156,3084,72
24009860102,2496,2393,103
24009860200,6347,6162,185
24009860300,4643,4572,71
24009860401,9913,9592,321
24009860402,3609,3522,87
24009860501,6363,6252,111
24009860502,3101,2921,180
24009860600,7662,7504,158
24009860701,3139,3009,130
24009860702,3398,3141,257
24009860703,3776,3438,338
24009860801,6975,6850,125
24009860802,4814,4669,145
24009860900,6862,6482,380
24009861001,1104,1081,23
24009861003,6098,5879,219
24009861004,7071,6884,187
24009990100,0,0,0
24011955000,3446,2341,1105
24011955100,5265,5071,194
24011955201,3754,3594,160
24011955202,2047,2010,37
24011955301,4101,4015,86
24011955302,3292,2959,333
24011955400,2043,2029,14
24011955500,4281,4247,34
24011955600,4424,4286,138
24013501001,4510,4306,204
24013501002,4843,4820,23
24013502000,3909,3875,34
24013503000,5596,5319,277
24013504100,5161,5030,131
24013504201,6025,5993,32
24013504202,6133,6027,106
24013505101,4289,4203,86
24013505102,5780,5712,68
24013505203,3564,3564,0
24013505205,3397,3134,263
24013505206,3433,3368,65
24013505207,3805,3615,190
24013505208,5259,5102,157
24013506101,4524,4486,38
24013506102,3970,3870,100
24013506200,4980,4960,20
24013507500,4450,4314,136
24013507601,5204,4573,631
24013507602,4269,4226,43
24013507702,3841,3649,192
24013507703,3216,3199,17
24013507704,6254,6013,241
24013507801,5774,5401,373
24013507802,4661,4629,32
24013508101,4731,4723,8
24013508102,3118,3058,60
24013508200,7136,6841,295
24013509001,4225,4119,106
24013509002,2729,2624,105
24013510000,1495,1441,54
24013511000,3583,3510,73
24013512000,1457,1421,36
24013513001,4601,4431,170
24013513002,5566,5234,332
24013514100,3576,3530,46
24013514201,5052,4857,195
24013514202,3419,3262,157
24015030100,4771,4720,51
24015030200,5133,4750,383
24015030400,5277,4729,548
24015030501,4087,4085,2
24015030503,5413,4893,520
24015030505,3943,3837,106
24015030506,7601,7171,430
24015030601,3716,3656,60
24015030602,5188,4821,367
24015030700,5146,5116,30
24015030903,5709,5343,366
24015030904,7181,7162,19
24015030905,2975,2828,147
24015030906,10239,10151,88
24015031201,5944,5765,179
24015031202,5419,4994,425
24015031301,3448,3307,141
24015031302,6846,6735,111
24015031400,4139,4025,114
24017850101,5874,5349,525
24017850102,2394,2316,78
24017850201,1119,965,154
24017850202,4813,4630,183
24017850300,2183,2122,61
24017850400,3766,3766,0
24017850500,2754,2742,12
24017850600,4864,4738,126
24017850706,5387,5203,184
24017850708,5501,5354,147
24017850709,6789,6149,640
24017850710,5853,5624,229
24017850711,5189,4868,321
24017850712,5766,5565,201
24017850713,7519,6932,587
24017850801,4960,4716,244
24017850802,4256,3742,514
24017850901,5323,5120,203
24017850902,6163,5469,694
24017850904,7954,7491,463
24017850905,4388,4000,388
24017850906,4398,4317,81
24017851001,3584,3538,46
24017851002,9571,9099,472
24017851100,2709,2641,68
24017851200,4824,4784,40
24017851301,4601,4403,198
24017851302,4468,4314,154
24017851400,8918,8478,440
24017851500,8469,7983,486
24017990000,0,0,0
24019970100,2747,2575,172
24019970200,5113,4879,234
24019970300,4622,4443,179
24019970400,3594,3205,389
24019970500,3870,3648,222
24019970600,4768,4605,163
24019970702,4075,3929,146
24019970804,2080,2069,11
24019970900,1582,1582,0
24019990000,0,0,0
24021740200,4820,4634,186
24021750100,1398,1286,112
24021750200,1784,1739,45
24021750300,1595,1350,245
24021750503,6860,4224,2636
24021750504,5322,4952,370
24021750505,7510,4522,2988
24021750506,4361,3689,672
24021750600,2574,2356,218
24021750701,5459,4656,803
24021750702,3750,3334,416
24021750801,3237,2991,246
24021750802,4346,3847,499
24021750803,6591,5903,688
24021751001,970,894,76
24021751002,5091,4944,147
24021751003,5834,4905,929
24021751004,3823,3304,519
24021751201,4855,4409,446
24021751202,6360,5933,427
24021751203,2065,1987,78
24021751301,3247,3124,123
24021751302,3295,3189,106
24021751600,2945,2775,170
24021751701,2393,2287,106
24021751702,3974,3903,71
24021751801,4634,4327,307
24021751802,3738,3712,26
24021751901,4688,4520,168
24021751902,6133,5447,686
24021751903,6135,6120,15
24021751904,3265,3023,242
24021752001,5083,4940,143
24021752101,3111,3000,111
24021752102,4104,4013,91
24021752201,2152,2122,30
24021752202,4122,3743,379
24021752204,7373,6871,502
24021752301,4725,3909,816
24021752302,4064,3973,91
24021752303,3346,2998,348
24021752501,4992,4920,72
24021752502,2582,2545,37
24021752601,3964,3870,94
24021752602,2812,2693,119
24021752603,3819,3593,226
24021752801,2107,2101,6
24021752802,3620,3424,196
24021752900,3317,3175,142
24021753001,4868,4837,31
24021753002,2977,2977,0
24021765100,3854,3453,401
24021766800,6037,5840,197
24021767500,2848,2818,30
24021767600,3379,3043,336
24021770700,3504,3374,130
24021772200,1356,1244,112
24021773500,4343,4009,334
24021775302,4296,3914,382
24021775400,3750,3645,105
24021775600,3908,3650,258
24023000100,3993,3973,20
24023000200,4056,4051,5
24023000300,2854,2825,29
24023000400,3027,2969,58
24023000500,3949,3868,81
24023000600,6162,6130,32
24023000700,5636,5560,76
24025301102,3681,3473,208
24025301105,3837,3755,82
24025301106,3983,3914,69
24025301107,3369,3199,170
24025301108,3231,3091,140
24025301201,2058,2050,8
24025301202,7167,6963,204
24025301204,3878,3749,129
24025301205,4144,3725,419
24025301301,4638,4287,351
24025301302,6989,6543,446
24025301401,7295,6775,520
24025301402,2654,2406,248
24025301601,7173,6343,830
24025301602,8028,7169,859
24025301702,8702,8011,691
24025301703,5007,4840,167
24025301704,3475,3182,293
24025302100,2030,2001,29
24025302200,2895,2895,0
24025302400,3531,3487,44
24025302801,3651,3490,161
24025302802,5475,5044,431
24025302901,2599,2353,246
24025302902,3941,3814,127
24025303101,6044,6030,14
24025303102,2905,2768,137
24025303201,5671,5569,102
24025303203,3615,3468,147
24025303204,4698,4555,143
24025303205,1607,1607,0
24025303206,3337,3294,43
24025303300,6144,6112,32
24025303400,4396,4233,163
24025303501,6356,6241,115
24025303502,3614,3571,43
24025303602,3819,3744,75
24025303603,7206,7059,147
24025303605,5998,5716,282
24025303606,3263,3212,51
24025303700,3907,3615,292
24025303801,2585,2511,74
24025303802,2049,2000,49
24025303803,5147,5088,59
24025303900,2390,2346,44
24025304101,4295,4211,84
24025304102,3830,3830,0
24025304201,6716,6490,226
24025304202,7050,7013,37
24025305100,7253,7233,20
24025305200,2539,2527,12
24025305300,2258,2181,77
24025306100,3721,3537,184
24025306200,2226,2152,74
24025306300,2477,2442,35
24025306400,6549,6328,221
24025306500,2680,2326,354
24027601103,6487,6171,316
24027601104,6476,6169,307
24027601105,4534,4438,96
24027601107,5272,4317,955
24027601108,3905,3674,231
24027601201,8193,7454,739
24027601203,5154,4620,534
24027601204,5589,4783,806
24027602100,7719,7517,202
24027602201,3511,3366,145
24027602202,5477,5364,113
24027602302,7640,7432,208
24027602303,3861,3818,43
24027602304,5077,4865,212
24027602305,3790,3640,150
24027602306,5564,5389,175
24027602600,7356,6784,572
24027602700,5282,5022,260
24027602800,6335,6269,66
24027602900,5141,4904,237
24027603001,5863,5862,1
24027603003,3995,3854,141
24027603004,6500,6287,213
24027604001,6099,6020,79
24027604002,8113,7986,127
24027605102,10464,10042,422
24027605103,5027,4897,130
24027605104,5463,5304,159
24027605401,4900,4241,659
24027605402,7034,6042,992
24027605502,5346,5302,44
24027605503,6690,5999,691
24027605504,2849,2812,37
24027605505,6432,6271,161
24027605601,6751,6314,437
24027605602,7870,7126,744
24027606601,2858,2805,53
24027606603,7678,6339,1339
24027606604,4574,3996,578
24027606606,4943,4615,328
24027606607,5133,4205,928
24027606701,2824,2564,260
24027606704,7039,6241,798
24027606705,1970,1888,82
24027606706,4861,4738,123
24027606707,3849,3536,313
24027606803,5913,5863,50
24027606804,3592,3368,224
24027606805,4162,4026,136
24027606806,7296,6948,348
24027606901,6030,5924,106
24027606904,4735,4387,348
24027606905,7054,6478,576
24027606906,6093,5150,943
24027606907,6084,5426,658
24029950100,3919,3447,472
24029950200,4833,4640,193
24029950300,5593,5480,113
24029950400,2928,2862,66
24029950500,2546,2520,26
24029990000,0,0,0
24031700101,4495,4243,252
24031700103,5447,5089,358
24031700104,5837,4253,1584
24031700105,5963,5457,506
24031700204,1918,1798,120
24031700205,8668,7861,807
24031700206,5727,5128,599
24031700207,5686,4582,1104
24031700208,2342,2170,172
24031700304,8173,7464,709
24031700306,7243,6313,930
24031700308,6124,5013,1111
24031700309,5661,4542,1119
24031700310,6394,5244,1150
24031700311,10159,8776,1383
24031700312,6331,5584,747
24031700400,2081,2006,75
24031700500,6737,6341,396
24031700604,6509,5806,703
24031700606,4215,3968,247
24031700607,7743,7406,337
24031700608,5736,5259,477
24031700610,2188,1921,267
24031700611,6564,5866,698
24031700613,6406,5977,429
24031700614,5204,4181,1023
24031700615,3054,2851,203
24031700616,4708,4224,484
24031700704,3041,2218,823
24031700706,4259,3251,1008
24031700710,6584,4722,1862
24031700711,6055,4602,1453
24031700713,5957,3341,2616
24031700715,6523,4463,2060
24031700716,8529,6358,2171
24031700717,6875,3997,2878
24031700718,5137,4670,467
24031700719,9877,5723,4154
24031700720,3813,2565,1248
24031700721,3053,1893,1160
24031700722,4494,3587,907
24031700723,3774,2957,817
24031700724,3781,1699,2082
24031700810,5166,4164,1002
24031700811,4591,3042,1549
24031700812,4081,2870,1211
24031700813,5996,3740,2256
24031700815,6936,4891,2045
24031700816,8841,6373,2468
24031700817,5793,5044,749
24031700818,7092,5160,1932
24031700819,7346,5247,2099
24031700820,2755,1929,826
24031700822,1763,1214,549
24031700823,3550,3117,433
24031700824,2950,2859,91
24031700826,5526,5204,322
24031700828,2318,2244,74
24031700829,3280,2932,348
24031700830,2856,2237,619
24031700832,3259,2028,1231
24031700833,4003,2762,1241
24031700834,5179,3608,1571
24031700835,4871,3950,921
24031700901,3988,3775,213
24031700902,3797,3068,729
24031700903,2121,1344,777
24031700904,2958,2232,726
24031700905,4222,3919,303
24031701001,5836,4854,982
24031701002,3662,3398,264
24031701004,5532,5105,427
24031701005,3908,3422,486
24031701006,5374,5010,364
24031701007,3115,3073,42
24031701101,4812,3270,1542
24031701102,6263,3879,2384
24031701201,6225,4413,1812
24031701202,2791,2494,297
24031701205,6802,6448,354
24031701206,6592,5636,956
24031701210,3989,3810,179
24031701211,6660,6064,596
24031701212,2961,2698,263
24031701213,7100,6571,529
24031701214,3768,3318,450
24031701215,4818,4306,512
24031701216,4832,4362,470
24031701218,3023,2554,469
24031701219,4565,2732,1833
24031701220,3908,3718,190
24031701221,4428,4333,95
24031701303,3440,3335,105
24031701304,6134,5428,706
24031701306,3037,2870,167
24031701307,4357,4109,248
24031701308,3285,3097,188
24031701312,6344,5902,442
24031701313,3708,3335,373
24031701314,3226,2629,597
24031701315,4588,4127,461
24031701316,6421,5793,628
24031701317,4444,4220,224
24031701407,5618,5211,407
24031701408,6508,6071,437
24031701409,4759,3996,763
24031701410,8414,7302,1112
24031701414,7299,6274,1025
24031701415,7592,6476,1116
24031701417,6012,5490,522
24031701418,3561,3083,478
24031701420,6703,6014,689
24031701421,1821,1408,413
24031701422,3155,2934,221
24031701423,4783,4141,642
24031701503,6647,5770,877
24031701505,7137,5779,1358
24031701506,5183,4613,570
24031701507,4646,4269,377
24031701508,4102,3570,532
24031701509,6689,4429,2260
24031701601,2343,1383,960
24031701602,7280,2712,4568
24031701701,3435,3193,242
24031701702,2580,1853,727
24031701703,3627,2879,748
24031701704,2986,2629,357
24031701800,5011,4659,352
24031701900,3367,1812,1555
24031702000,5643,2037,3606
24031702101,5932,3430,2502
24031702102,3195,3144,51
24031702200,5013,3750,1263
24031702301,3499,2017,1482
24031702302,3987,3393,594
24031702401,2691,2482,209
24031702402,4691,4161,530
24031702500,6863,6488,375
24031702601,4499,3945,554
24031702602,4775,3983,792
24031702700,7077,5240,1837
24031702800,5087,4269,818
24031702900,5219,4809,410
24031703000,1967,1572,395
24031703100,4434,3376,1058
24031703201,7444,5359,2085
24031703202,5892,5088,804
24031703206,3501,2984,517
24031703207,6447,3051,3396
24031703208,5190,4506,684
24031703209,6625,5322,1303
24031703210,3700,2529,1171
24031703212,9484,7209,2275
24031703213,6494,3669,2825
24031703214,7979,4616,3363
24031703215,3335,2362,973
24031703216,3821,3295,526
24031703218,1902,1851,51
24031703219,3359,3295,64
24031703220,5242,4130,1112
24031703221,5517,4773,744
24031703301,4953,2877,2076
24031703302,4672,1952,2720
24031703401,5152,2550,2602
24031703402,3522,2046,1476
24031703403,3443,1773,1670
24031703404,3198,1113,2085
24031703501,6899,4206,2693
24031703502,2867,2377,490
24031703601,4762,3477,1285
24031703602,3224,2569,655
24031703701,4261,1773,2488
24031703702,4448,2546,1902
24031703800,3360,2458,902
24031703901,3179,2756,423
24031703902,7459,4968,2491
24031704000,6856,5047,1809
24031704100,4671,4282,389
24031704200,2111,1927,184
24031704300,4042,3722,320
24031704401,3481,2945,536
24031704403,1618,1449,169
24031704404,5239,4851,388
24031704501,3588,3137,451
24031704502,2492,2353,139
24031704503,4284,3892,392
24031704600,4863,4609,254
24031704700,3895,3637,258
24031704803,3723,3173,550
24031704804,1648,1454,194
24031704805,2091,1906,185
24031704806,3285,2942,343
24031705000,4486,4094,392
24031705100,5256,4903,353
24031705200,3172,2988,184
24031705300,1970,1845,125
24031705400,2948,2805,143
24031705501,2474,2267,207
24031705502,3991,3787,204
24031705601,2849,2649,200
24031705602,4642,4076,566
24031705701,4344,4158,186
24031705702,4672,4332,340
24031705800,6102,5861,241
24031705901,4049,3728,321
24031705902,4114,3848,266
24031705903,4387,4176,211
24031706005,4631,4260,371
24031706007,7646,7200,446
24031706008,5288,5123,165
24031706009,5355,4991,364
24031706010,3083,3030,53
24031706011,5225,4831,394
24031706012,3270,2779,491
24031706013,3118,2603,515
24033800102,2845,2397,448
24033800103,2054,1699,355
24033800105,3988,3340,648
24033800106,2662,2474,188
24033800108,3276,2810,466
24033800109,3676,2266,1410
24033800203,4386,3798,588
24033800206,3959,3642,317
24033800208,8161,7265,896
24033800209,4579,3434,1145
24033800210,2594,2386,208
24033800211,3060,2777,283
24033800212,4656,4260,396
24033800213,4585,3602,983
24033800214,2449,2139,310
24033800215,2611,2380,231
24033800401,2373,2231,142
24033800402,4562,4107,455
24033800403,4148,3765,383
24033800408,7165,6359,806
24033800409,5752,5354,398
24033800410,6770,6392,378
24033800411,3717,3381,336
24033800412,3586,2958,628
24033800413,4010,3876,134
24033800504,4957,4350,607
24033800505,2436,2187,249
24033800507,3116,2966,150
24033800509,9663,9479,184
24033800511,5205,4964,241
24033800513,5508,5060,448
24033800514,5837,5765,72
24033800515,4271,3945,326
24033800516,4080,3902,178
24033800517,5831,5733,98
24033800518,3452,3282,170
24033800519,4006,3670,336
24033800520,1955,1887,68
24033800601,1988,1850,138
24033800604,1821,1773,48
24033800605,5241,5014,227
24033800606,5243,5209,34
24033800607,6293,5684,609
24033800608,4681,4643,38
24033800701,5888,5780,108
24033800704,5132,5077,55
24033800705,4469,4376,93
24033800706,3946,3890,56
24033800707,3111,2942,169
24033800800,3410,2929,481
24033800900,1588,1587,1
24033801003,5714,5060,654
24033801004,4846,4693,153
24033801005,4094,3945,149
24033801006,3822,3761,61
24033801104,3336,2903,433
24033801207,4397,4231,166
24033801208,4351,4222,129
24033801209,5092,4681,411
24033801210,4455,4173,282
24033801211,3232,3042,190
24033801212,3816,3649,167
24033801213,3528,3193,335
24033801214,4084,3717,367
24033801215,2799,2507,292
24033801216,3803,3657,146
24033801217,3817,3615,202
24033801302,2683,2615,68
24033801305,6324,5251,1073
24033801307,3962,3777,185
24033801308,3914,3635,279
24033801309,3567,3440,127
24033801310,6413,6413,0
24033801311,6602,6442,160
24033801312,3597,3056,541
24033801313,3218,2814,404
24033801404,5365,4680,685
24033801405,4518,3170,1348
24033801406,2751,2568,183
24033801407,6605,6097,508
24033801408,3301,3159,142
24033801409,3327,2571,756
24033801410,3186,2994,192
24033801411,3247,2479,768
24033801500,2680,2258,422
24033801600,2611,2351,260
24033801701,4329,4179,150
24033801702,3980,3681,299
24033801704,5511,5232,279
24033801706,1526,1449,77
24033801707,6756,4945,1811
24033801708,3411,3195,216
24033801801,1984,1796,188
24033801802,3572,3542,30
24033801804,2124,2023,101
24033801805,2457,2417,40
24033801807,4607,4478,129
24033801808,4048,3696,352
24033801901,4738,4012,726
24033801904,3092,2793,299
24033801905,5262,5227,35
24033801906,1750,1470,280
24033801907,2574,2487,87
24033801908,3031,3031,0
24033802001,6035,5225,810
24033802002,3926,3630,296
24033802103,3239,3077,162
24033802104,1790,1649,141
24033802106,3638,3345,293
24033802107,3279,3258,21
24033802201,1847,1812,35
24033802203,4706,4003,703
24033802204,6170,6170,0
24033802301,3855,3544,311
24033802404,3742,3466,276
24033802405,3874,3707,167
24033802406,2303,2183,120
24033802407,3489,3349,140
24033802408,1508,1484,24
24033802501,2700,2683,17
24033802502,2637,2381,256
24033802600,3192,3040,152
24033802700,2988,2488,500
24033802803,5484,5402,82
24033802804,5125,4993,132
24033802805,4620,4288,332
24033802901,4218,3695,523
24033803001,2809,2286,523
24033803002,2641,2618,23
24033803100,2821,2686,135
24033803200,2899,2466,433
24033803300,4538,3725,813
24033803401,1313,984,329
24033803402,4573,4289,284
24033803508,4114,3748,366
24033803509,3126,2436,690
24033803512,6421,6104,317
24033803513,4268,4248,20
24033803514,4236,4236,0
24033803516,4918,4769,149
24033803519,5233,4931,302
24033803520,4249,4036,213
24033803521,5890,5735,155
24033803522,3620,3487,133
24033803523,4063,3937,126
24033803524,4220,4068,152
24033803525,1998,1915,83
24033803526,3212,3212,0
24033803527,3222,3140,82
24033803601,3661,3661,0
24033803602,2324,2002,322
24033803605,7001,4830,2171
24033803606,5340,4045,1295
24033803607,3374,2746,628
24033803608,5952,4180,1772
24033803610,3492,2495,997
24033803612,3347,2371,976
24033803613,5395,4098,1297
24033803700,2646,1480,1166
24033803801,2502,1299,1203
24033803803,6262,4042,2220
24033803900,3958,1229,2729
24033804001,4877,3993,884
24033804002,4275,1590,2685
24033804101,3322,2981,341
24033804102,5956,4714,1242
24033804200,3098,2721,377
24033804300,3331,2748,583
24033804400,2844,1519,1325
24033804600,3074,1616,1458
24033804700,3337,2373,964
24033804801,2450,1923,527
24033804802,3171,1347,1824
24033804900,4025,3245,780
24033805000,6714,3626,3088
24033805101,4188,1460,2728
24033805201,4718,2177,2541
24033805202,3721,3164,557
24033805500,4286,1253,3033
24033805601,6453,720,5733
24033805602,5509,589,4920
24033805700,6169,1582,4587
24033805801,4784,1961,2823
24033805802,4258,1668,2590
24033805904,3359,1804,1555
24033805906,3241,1682,1559
24033805907,3938,2618,1320
24033805908,2270,1629,641
24033805909,4937,3576,1361
24033806000,5282,2605,2677
24033806100,4308,2781,1527
24033806200,3924,3253,671
24033806300,2265,1213,1052
24033806400,3699,3300,399
24033806501,5682,2019,3663
24033806601,4585,1331,3254
24033806602,5541,3278,2263
24033806706,3311,2673,638
24033806708,3979,3830,149
24033806710,5758,5275,483
24033806711,5100,4653,447
24033806712,3517,3322,195
24033806713,3722,2700,1022
24033806714,3895,2243,1652
24033806800,4293,3111,1182
24033806900,5036,3407,1629
24033807000,6854,6041,813
24033807102,2409,2005,404
24033807200,13823,13140,683
24033807301,3658,3094,564
24033807304,2003,1168,835
24033807305,3464,2114,1350
24033807404,5832,3780,2052
24033807405,5918,4922,996
24033807407,6668,4763,1905
24033807408,5744,5285,459
24033807409,4214,2748,1466
24033807410,4340,3178,1162
24035810100,3290,3258,32
24035810200,2624,2427,197
24035810300,4614,4492,122
24035810400,6468,6378,90
24035810500,5004,4884,120
24035810600,5076,4534,542
24035810700,3952,3783,169
24035810800,5587,5505,82
24035810901,4894,4837,57
24035810902,2949,2884,65
24035811000,4254,4062,192
24035990000,0,0,0
24035990100,0,0,0
24035990200,0,0,0
24037875000,6697,6539,158
24037875100,5831,5762,69
24037875201,5045,4963,82
24037875202,6199,5979,220
24037875300,3022,2987,35
24037875400,6575,6575,0
24037875500,10577,10167,410
24037875600,8842,8626,216
24037875700,7150,6932,218
24037875801,1583,1405,178
24037875802,4148,4039,109
24037875901,6942,6473,469
24037875902,8963,7928,1035
24037876001,5341,4896,445
24037876002,9115,8371,744
24037876100,7844,7361,483
24037876200,6801,6536,265
24037990000,0,0,0
24039930101,6743,6707,36
24039930102,4038,3806,232
24039930200,1565,1541,24
24039930300,2057,1967,90
24039930500,4100,3988,112
24039930600,3125,2866,259
24039980400,4271,4087,184
24039990100,0,0,0
24041960100,4330,4330,0
24041960201,3872,3842,30
24041960300,3632,3294,338
24041960400,5257,4436,821
24041960501,5036,4655,381
24041960502,4237,3884,353
24041960600,1673,1652,21
24041960700,3430,3337,93
24041960800,2065,1965,100
24041960900,4136,3975,161
24041990000,0,0,0
24043000100,3461,3384,77
24043000200,3483,3420,63
24043000301,3357,3228,129
24043000302,2882,2721,161
24043000400,1830,1766,64
24043000500,5436,4774,662
24043000601,2625,2357,268
24043000602,3169,3146,23
24043000700,2925,2862,63
24043000800,3485,3304,181
24043000900,3660,3440,220
24043001001,5020,4666,354
24043001002,3953,3888,65
24043010100,1134,1108,26
24043010200,4552,4552,0
24043010300,7537,7163,374
24043010400,8461,7960,501
24043010500,6323,6273,50
24043010600,5370,5309,61
24043010700,3361,3342,19
24043010801,4472,4409,63
24043010802,2570,2558,12
24043010900,8371,7913,458
24043011000,6417,5904,513
24043011100,6043,5636,407
24043011201,9289,8588,701
24043011202,4388,4034,354
24043011301,4908,4752,156
24043011302,3833,3763,70
24043011400,5918,5906,12
24043011500,8397,8319,78
24043011600,2941,2843,98
24045000100,6343,5340,1003
24045000200,1822,1712,110
24045000300,1593,1479,114
24045000400,4099,3648,451
24045000500,3185,3065,120
24045010101,6388,6191,197
24045010102,3608,3521,87
24045010200,5205,4996,209
24045010300,8075,7715,360
24045010400,6720,6513,207
24045010501,4937,4749,188
24045010502,9596,9423,173
24045010603,7209,6930,279
24045010604,5225,5125,100
24045010605,4058,3987,71
24045010606,4282,4253,29
24045010701,4342,4190,152
24045010702,8289,7209,1080
24045010800,6551,6513,38
24047950000,1635,1582,53
24047950100,2263,2240,23
24047950300,3143,2910,233
24047950400,2821,2709,112
24047950600,3080,2858,222
24047950700,2579,2496,83
24047950800,5146,5146,0
24047950900,1727,1639,88
24047951000,4603,4268,335
24047951100,6236,6080,156
24047951200,3367,3246,121
24047951300,2710,2632,78
24047951400,3524,3352,172
24047951500,5106,5094,12
24047951700,3501,3463,38
24047980000,0,0,0
24047990000,0,0,0
24510010100,3176,3121,55
24510010200,3332,3086,246
24510010300,2479,2372,107
24510010400,2527,2430,97
24510010500,1743,1616,127
24510020100,1807,1573,234
24510020200,1798,1469,329
24510020300,3827,3547,280
24510030100,3424,2975,449
24510030200,2247,2093,154
24510040100,3868,3580,288
24510040200,835,791,44
24510060100,3009,2317,692
24510060200,3198,2693,505
24510060300,1944,1780,164
24510060400,1295,1272,23
24510070100,3180,2797,383
24510070200,3023,2827,196
24510070300,793,714,79
24510070400,1343,1328,15
24510080101,4080,4028,52
24510080102,2087,2087,0
24510080200,1541,1541,0
24510080301,1600,1600,0
24510080302,2770,2706,64
24510080400,1176,1082,94
24510080500,1690,1690,0
24510080600,2346,2346,0
24510080700,616,615,1
24510080800,1321,1253,68
24510090100,3950,3819,131
24510090200,2980,2913,67
24510090300,4109,3971,138
24510090400,1693,1580,113
24510090500,2172,2172,0
24510090600,3057,3057,0
24510090700,2899,2821,78
24510090800,2750,2691,59
24510090900,2673,2512,161
24510100100,2275,2275,0
24510100200,2733,2722,11
24510100300,4696,4492,204
24510110100,3315,3156,159
24510110200,5547,5143,404
24510120100,4531,4366,165
24510120201,1983,1944,39
24510120202,6155,5768,387
24510120300,3843,3707,136
24510120400,1786,1754,32
24510120500,2325,2248,77
24510120600,2748,2534,214
24510120700,2341,2256,85
24510130100,2650,2599,51
24510130200,3066,2942,124
24510130300,2159,2136,23
24510130400,2352,2259,93
24510130600,3893,3743,150
24510130700,4922,4704,218
24510130803,2594,2498,96
24510130804,1854,1802,52
24510130805,879,874,5
24510130806,1372,1288,84
24510140100,4905,4550,355
24510140200,2592,2571,21
24510140300,2832,2805,27
24510150100,3098,3098,0
24510150200,2846,2846,0
24510150300,2059,2059,0
24510150400,4240,4226,14
24510150500,1544,1473,71
24510150600,2733,2733,0
24510150701,1540,1525,15
24510150702,2191,2179,12
24510150800,4371,4319,52
24510150900,2954,2879,75
24510151000,4994,4893,101
24510151100,6962,6962,0
24510151200,4783,4655,128
24510151300,4606,4428,178
24510160100,2351,2333,18
24510160200,2469,2466,3
24510160300,1303,1303,0
24510160400,2795,2795,0
24510160500,4583,4480,103
24510160600,3054,2963,91
24510160700,4193,4153,40
24510160801,3048,3027,21
24510160802,3231,3146,85
24510170100,1594,1563,31
24510170200,3001,2995,6
24510170300,1827,1819,8
24510180100,2280,2225,55
24510180200,963,936,27
24510180300,1820,1799,21
24510190100,2121,1994,127
24510190200,2084,1880,204
24510190300,2372,2150,222
24510200100,1649,1647,2
24510200200,2686,2686,0
24510200300,1744,1623,121
24510200400,1667,1626,41
24510200500,3324,2902,422
24510200600,2604,2515,89
24510200701,5109,4991,118
24510200702,1049,1049,0
24510200800,2164,2123,41
24510210100,2376,2301,75
24510210200,2888,2785,103
24510220100,4196,3968,228
24510230100,1850,1795,55
24510230200,2245,2055,190
24510230300,1254,1205,49
24510240100,3118,3016,102
24510240200,3233,3100,133
24510240300,1996,1892,104
24510240400,2985,2798,187
24510250101,4427,4414,13
24510250102,3193,3177,16
24510250103,3693,3407,286
24510250203,1751,1615,136
24510250204,4083,3967,116
24510250205,4489,4229,260
24510250206,1827,1667,160
24510250207,2248,2132,116
24510250301,2346,2313,33
24510250303,2141,1911,230
24510250401,3715,3227,488
24510250402,4659,3944,715
24510250500,5462,4879,583
24510250600,0,0,0
24510260101,4811,4548,263
24510260102,4869,4711,158
24510260201,5308,5135,173
24510260202,5361,5325,36
24510260203,2838,2827,11
24510260301,4242,4220,22
24510260302,6353,6199,154
24510260303,890,828,62
24510260401,3473,2513,960
24510260402,2792,2792,0
24510260403,1743,1743,0
24510260404,2137,1403,734
24510260501,5806,3829,1977
24510260604,1445,1221,224
24510260605,4099,3031,1068
24510260700,2249,1386,863
24510260800,2440,1489,951
24510260900,2852,2733,119
24510261000,3184,2284,900
24510261100,1958,1863,95
24510270101,1659,1612,47
24510270102,3764,3726,38
24510270200,1648,1596,52
24510270301,3197,3005,192
24510270302,1926,1811,115
24510270401,6224,6111,113
24510270402,3073,3014,59
24510270501,4008,3767,241
24510270502,4151,4124,27
24510270600,4686,4649,37
24510270701,2613,2500,113
24510270702,1831,1809,22
24510270703,2650,2539,111
24510270801,4330,4249,81
24510270802,5775,5583,192
24510270803,6950,6899,51
24510270804,3148,2870,278
24510270805,5299,5124,175
24510270901,4074,3993,81
24510270902,5567,5500,67
24510270903,4644,4250,394
24510271001,2387,2375,12
24510271002,4125,4045,80
24510271101,1925,1905,20
24510271102,4431,4201,230
24510271200,6406,6237,169
24510271300,2877,2829,48
24510271400,3927,3742,185
24510271501,4119,3944,175
24510271503,922,901,21
24510271600,4681,4585,96
24510271700,4887,4877,10
24510271801,3219,3170,49
24510271802,2911,2904,7
24510271900,4072,3994,78
24510272003,6078,5881,197
24510272004,4235,4177,58
24510272005,3300,3263,37
24510272006,3789,3621,168
24510272007,4760,4299,461
24510280101,4093,3949,144
24510280102,6128,6069,59
24510280200,4668,4637,31
24510280301,3563,3499,64
24510280302,2377,2364,13
24510280401,3693,3636,57
24510280402,1762,1749,13
24510280403,6001,5842,159
24510280404,2386,2386,0
24510280500,2324,2309,15
25001010100,2962,2798,164
25001010206,3168,3158,10
25001010208,1589,1559,30
25001010304,2107,2084,23
25001010306,2817,2764,53
25001010400,3081,3003,78
25001010500,2766,2736,30
25001010600,3238,3040,198
25001010700,2904,2897,7
25001010800,4860,4840,20
25001010900,5019,4880,139
25001011002,4192,4105,87
25001011100,4525,4448,77
25001011200,3450,3391,59
25001011300,2804,2667,137
25001011400,3148,3032,116
25001011500,3912,3901,11
25001011600,2313,2178,135
25001011700,1890,1808,82
25001011801,2439,2418,21
25001011802,4028,3990,38
25001012001,5767,5753,14
25001012002,2743,2608,135
25001012101,5585,5431,154
25001012102,2986,2986,0
25001012200,5016,4970,46
25001012502,3390,2966,424
25001012601,3832,3584,248
25001012602,4278,3938,340
25001012700,3995,3979,16
25001012800,4051,4051,0
25001012900,3820,3725,95
25001013002,2987,2954,33
25001013100,5179,5167,12
25001013200,4882,4715,167
25001013300,3285,3199,86
25001013400,3848,3793,55
25001013500,6702,6646,56
25001013600,6657,6435,222
25001013700,4407,4340,67
25001013800,4951,4825,126
25001013900,5564,5270,294
25001014002,4118,3972,146
25001014100,756,642,114
25001014300,4175,4088,87
25001014402,6937,6675,262
25001014500,5328,5174,154
25001014600,4166,4101,65
25001014700,3653,3522,131
25001014800,3517,3500,17
25001014900,3768,3722,46
25001015001,4520,4499,21
25001015002,3727,3683,44
25001015100,3665,3473,192
25001015200,2168,2082,86
25001015300,3068,2877,191
25001990000,0,0,0
25003900100,3289,2747,542
25003900200,4227,4020,207
25003900300,2693,2614,79
25003900400,5224,4808,416
25003900500,3421,3290,131
25003900600,3601,3506,95
25003900700,2781,2725,56
25003900800,4777,4725,52
25003900900,5018,4504,514
25003901100,3516,3424,92
25003911100,3019,3019,0
25003912100,6682,6488,194
25003913100,5015,4871,144
25003914100,5856,5671,185
25003920101,4311,3974,337
25003920102,3281,3074,207
25003921300,4603,4329,274
25003921400,1592,1550,42
25003921500,3190,3101,89
25003922100,2476,2418,58
25003922200,3720,3703,17
25003922300,2070,2053,17
25003923100,3192,3126,66
25003924100,2110,2051,59
25003925100,6933,6190,743
25003926100,3205,3192,13
25003931100,1652,1649,3
25003931300,1557,1534,23
25003931400,1753,1725,28
25003932200,2247,2196,51
25003932300,1955,1948,7
25003933200,1235,1229,6
25003933300,1435,1415,20
25003933400,2445,2413,32
25003934200,1194,1173,21
25003934300,1776,1744,32
25003935100,2486,2464,22
25003935200,5085,4879,206
25003935300,3941,3801,140
25005600100,4022,3938,84
25005600202,4922,4814,108
25005600203,5644,5410,234
25005600204,3894,3856,38
25005610100,5455,5198,257
25005610202,5511,5376,135
25005610203,6777,6587,190
25005610204,5872,5604,268
25005611101,4531,4507,24
25005611102,5340,5119,221
25005611201,2943,2894,49
25005611202,6595,6595,0
25005612100,4695,4604,91
25005612200,9004,8803,201
25005613100,6806,6693,113
25005613300,7151,6880,271
25005613400,3447,3299,148
25005613600,3930,3624,306
25005613700,4263,4047,216
25005613800,4564,4247,317
25005613901,2743,2511,232
25005613902,5235,5026,209
25005614000,4606,3826,780
25005614101,6918,6499,419
25005614102,6841,6580,261
25005615100,7320,7248,72
25005616100,6589,6485,104
25005617101,5078,5005,73
25005617102,4033,3945,88
25005630101,2664,2452,212
25005630102,4371,4261,110
25005630200,8034,7445,589
25005630300,9003,8749,254
25005630400,4873,4827,46
25005631100,8089,7349,740
25005631200,7443,7137,306
25005631300,5132,5065,67
25005631400,2882,2507,375
25005631500,2826,2749,77
25005631600,4052,3347,705
25005631700,6476,6035,441
25005631800,7221,7093,128
25005632100,6997,6783,214
25005632200,7656,7563,93
25005633100,5598,5504,94
25005633200,6316,6270,46
25005640100,4865,4382,483
25005640200,5927,5164,763
25005640300,3975,3248,727
25005640400,2667,2506,161
25005640500,5256,4601,655
25005640600,4452,3973,479
25005640700,2924,2884,40
25005640800,3962,3662,300
25005640901,5420,4444,976
25005641000,2219,2032,187
25005641101,1647,1394,253
25005641200,3228,2991,237
25005641300,5322,4438,884
25005641400,2429,2115,314
25005641500,2165,2041,124
25005641600,1986,1961,25
25005641700,5232,4970,262
25005641800,2234,2104,130
25005641900,2158,1891,267
25005642000,3048,2437,611
25005642100,4047,3630,417
25005642200,3953,3518,435
25005642300,2130,2075,55
25005642400,3144,3001,143
25005642500,4512,4425,87
25005644101,6429,6429,0
25005644102,5216,5175,41
25005644200,6634,6570,64
25005645101,4674,4630,44
25005645102,5841,5773,68
25005645103,5734,5734,0
25005646101,7529,7506,23
25005646103,5488,5479,9
25005646104,2736,2736,0
25005650101,5708,5611,97
25005650102,4986,3984,1002
25005650201,3060,3021,39
25005650202,2242,2111,131
25005650300,3323,2821,502
25005650400,3454,3144,310
25005650500,3158,2810,348
25005650600,2766,1851,915
25005650700,2267,1050,1217
25005650800,3768,2765,1003
25005650900,2949,1775,1174
25005651001,2983,2799,184
25005651002,3706,3081,625
25005651100,4369,3070,1299
25005651200,2110,1374,736
25005651300,1991,1649,342
25005651400,3289,2739,550
25005651500,3056,2289,767
25005651600,3991,3295,696
25005651700,2372,1808,564
25005651800,1916,1639,277
25005651900,1753,1354,399
25005652000,2630,2105,525
25005652100,2785,2359,426
25005652200,2953,2906,47
25005652300,2914,2514,400
25005652400,2669,2246,423
25005652500,2663,2158,505
25005652600,2768,1391,1377
25005652700,3353,2334,1019
25005652800,3036,2921,115
25005653101,6446,6223,223
25005653102,5895,5637,258
25005653203,4952,4875,77
25005653204,3131,3063,68
25005653301,5182,5168,14
25005653304,3217,3217,0
25005654100,6858,6849,9
25005654200,3556,3399,157
25005655100,4283,4252,31
25005655200,4752,4530,222
25005655300,3332,3286,46
25005655400,3711,3702,9
25005985500,5732,5431,301
25005985600,5288,5068,220
25005990000,0,0,0
25007200100,4072,4061,11
25007200200,4647,4544,103
25007200300,4247,4153,94
25007200400,4171,4093,78
25007990000,0,0,0
25009201100,3471,3385,86
25009202101,2044,2019,25
25009202102,6264,5914,350
25009202200,5942,5856,86
25009203100,6859,6500,359
25009203200,4806,4739,67
25009203301,4100,4016,84
25009203302,4598,4386,212
25009204101,4974,4425,549
25009204102,5055,4441,614
25009204200,5141,4248,893
25009204300,3985,2300,1685
25009204400,3546,3050,496
25009204500,3177,3048,129
25009204600,5045,4635,410
25009204701,6267,4876,1391
25009204702,5614,4846,768
25009205100,4893,3365,1528
25009205200,5999,4186,1813
25009205300,4206,3804,402
25009205400,4703,4494,209
25009205500,4948,2510,2438
25009205600,4087,3090,997
25009205700,4888,3771,1117
25009205800,3632,1927,1705
25009205900,4387,2709,1678
25009206000,3453,1389,2064
25009206100,4110,2117,1993
25009206200,5280,2014,3266
25009206300,4186,2364,1822
25009206400,5457,3598,1859
25009206500,3146,1636,1510
25009206600,4097,2879,1218
25009206700,4472,2899,1573
25009206800,3637,1593,2044
25009206900,3819,2529,1290
25009207000,2359,1183,1176
25009207100,3502,1573,1929
25009207200,2813,1424,1389
25009208101,4944,4454,490
25009208102,3570,3123,447
25009208200,5601,5393,208
25009208300,7502,7340,162
25009208400,6156,5945,211
25009209100,6676,6449,227
25009209200,5813,5761,52
25009210100,6519,6159,360
25009210200,5296,5241,55
25009210300,8772,8644,128
25009210400,7067,6611,456
25009210500,6295,6058,237
25009210600,5026,3614,1412
25009210700,4253,3374,879
25009210800,4826,3960,866
25009210900,4181,3790,391
25009211100,4152,3912,240
25009211200,5868,5731,137
25009211300,7139,6949,190
25009211401,4240,3942,298
25009211402,6159,6003,156
25009212100,9514,8581,933
25009213100,8198,8083,115
25009214100,6434,6365,69
25009215101,5014,4940,74
25009215102,3122,3077,45
25009216100,5135,4946,189
25009217100,7588,7361,227
25009217201,4256,3962,294
25009217202,3415,3365,50
25009217300,4782,4454,328
25009217400,5902,5692,210
25009217500,6490,6071,419
25009217600,8534,8386,148
25009218100,5321,5221,100
25009220101,4172,4030,142
25009220102,2995,2995,0
25009221100,4568,4535,33
25009221300,4466,4422,44
25009221400,3373,3258,115
25009221500,2881,2830,51
25009221600,2761,2543,218
25009221700,2465,2383,82
25009221800,1827,1825,2
25009221901,3386,3366,20
25009221902,3819,3802,17
25009222100,3632,3614,18
25009223100,4503,4415,88
25009223200,3653,3601,52
25009223300,5526,5373,153
25009250100,2930,588,2342
25009250200,5484,1131,4353
25009250300,2205,198,2007
25009250400,3915,143,3772
25009250500,4092,191,3901
25009250600,5578,875,4703
25009250700,5106,611,4495
25009250800,7376,2625,4751
25009250900,2211,56,2155
25009251000,1658,81,1577
25009251100,2819,703,2116
25009251200,1544,115,1429
25009251300,3306,335,2971
25009251400,5150,1055,4095
25009251500,5876,1434,4442
25009251600,6536,1720,4816
25009251700,5734,1987,3747
25009251800,7817,4284,3533
25009252101,3810,2563,1247
25009252102,4075,3645,430
25009252201,3229,2888,341
25009252202,3166,2987,179
25009252300,6975,3875,3100
25009252400,4531,1395,3136
25009252501,3958,2574,1384
25009252502,4608,3691,917
25009252601,7350,6653,697
25009252602,4423,4057,366
25009252603,2918,2425,493
25009253100,5189,4847,342
25009253201,2969,2829,140
25009253202,6905,6041,864
25009253203,4504,4355,149
25009253204,5825,5706,119
25009253205,4313,4174,139
25009254100,6257,6067,190
25009254200,5355,5048,307
25009254301,4211,4152,59
25009254302,4549,4479,70
25009254401,3426,3225,201
25009254402,7204,6960,244
25009254403,3961,3826,135
25009260100,5899,3495,2404
25009260200,3414,2616,798
25009260301,4348,4257,91
25009260302,2796,2744,52
25009260401,3772,3728,44
25009260402,6491,6151,340
25009260500,3819,3560,259
25009260600,3413,2473,940
25009260700,4790,3546,1244
25009260800,5103,2354,2749
25009260900,5342,3935,1407
25009261000,3917,3320,597
25009261101,4665,4487,178
25009261102,4571,4131,440
25009262100,6695,6547,148
25009263100,4484,4465,19
25009264100,6681,6447,234
25009265101,3801,3730,71
25009265102,4713,4524,189
25009266100,4062,3965,97
25009266200,5441,5364,77
25009266300,3901,3767,134
25009266400,3678,3647,31
25009267101,3735,3626,109
25009267102,5147,5059,88
25009268100,2700,2625,75
25009268200,6354,6219,135
25009268300,4091,3979,112
25009268400,4692,4571,121
25009269100,6905,6830,75
25009270100,6145,6076,69
25009990100,0,0,0
25011040100,4583,4522,61
25011040200,4507,4390,117
25011040300,3006,2911,95
25011040400,3426,3365,61
25011040501,4246,4161,85
25011040502,3463,3407,56
25011040600,4786,4673,113
25011040701,4029,3808,221
25011040702,4296,4245,51
25011040800,5029,4765,264
25011040900,5054,4942,112
25011041000,3341,3254,87
25011041100,3697,3574,123
25011041200,3105,2917,188
25011041300,4479,4184,295
25011041400,2855,2243,612
25011041501,3392,3340,52
25011041502,3622,3616,6
25013800101,3902,2575,1327
25013800102,4881,2630,2251
25013800201,6919,3768,3151
25013800202,1226,822,404
25013800300,4258,2118,2140
25013800400,6008,2763,3245
25013800500,3381,1215,2166
25013800600,2951,354,2597
25013800700,4198,581,3617
25013800800,2225,504,1721
25013800900,4003,778,3225
25013801101,1963,564,1399
25013801102,1216,601,615
25013801200,2317,820,1497
25013801300,5161,2649,2512
25013801401,3623,1994,1629
25013801402,1974,1280,694
25013801501,5598,3505,2093
25013801502,3157,1928,1229
25013801503,4094,2487,1607
25013801601,4584,3815,769
25013801602,4587,3588,999
25013801603,4138,3453,685
25013801604,3843,3410,433
25013801605,4681,3601,1080
25013801700,7728,5648,2080
25013801800,4011,1944,2067
25013801901,3811,1728,2083
25013801902,3365,1305,2060
25013802000,3110,905,2205
25013802100,5915,3634,2281
25013802200,3529,1388,2141
25013802300,7886,4094,3792
25013802400,3978,3203,775
25013802500,6456,5724,732
25013802601,7418,4344,3074
25013802602,1896,1791,105
25013810100,6213,6067,146
25013810200,2637,2605,32
25013810300,3295,3168,127
25013810403,4215,3904,311
25013810404,3860,3701,159
25013810412,6048,5941,107
25013810414,7229,6397,832
25013810601,4012,3054,958
25013810602,2475,2444,31
25013810700,6856,5798,1058
25013810800,3913,3215,698
25013810901,1805,1306,499
25013810902,4251,3272,979
25013811000,4561,4026,535
25013811101,5052,3538,1514
25013811102,5889,3785,2104
25013811200,5565,4366,1199
25013811301,6019,5439,580
25013811302,5702,5351,351
25013811400,2674,167,2507
25013811500,2328,265,2063
25013811600,3627,466,3161
25013811700,2144,635,1509
25013811800,4439,1634,2805
25013811900,3685,3395,290
25013812001,2871,1647,1224
25013812002,4506,2467,2039
25013812101,5478,4406,1072
25013812103,3905,2138,1767
25013812104,4623,2930,1693
25013812201,5079,4535,544
25013812202,3809,2957,852
25013812300,5749,5120,629
25013812401,6312,5954,358
25013812403,3763,3494,269
25013812404,3863,3591,272
25013812500,7456,7207,249
25013812600,6486,6230,256
25013812701,3999,3489,510
25013812702,5944,4976,968
25013812800,6650,6097,553
25013812901,3566,3510,56
25013812902,4582,4141,441
25013812903,2803,2657,146
25013813000,7337,7225,112
25013813101,5950,5949,1
25013813102,3700,3686,14
25013813204,3236,3077,159
25013813205,7219,6857,362
25013813206,4134,3831,303
25013813207,4751,4082,669
25013813208,2959,2892,67
25013813209,6402,5940,462
25013813301,7498,7223,275
25013813303,4397,4126,271
25013813304,3942,3846,96
25013813401,5404,5331,73
25013813403,3897,3815,82
25013813404,6762,6460,302
25013813500,5190,5084,106
25013813601,8125,7726,399
25013813602,6391,6217,174
25013813701,3515,3497,18
25013813702,5226,5121,105
25013813801,4390,4289,101
25013813802,3718,3675,43
25015820101,6513,6385,128
25015820102,3390,3088,302
25015820202,1300,1205,95
25015820203,8244,8032,212
25015820204,6644,6551,93
25015820300,6829,6423,406
25015820400,13101,12404,697
25015820500,6342,6225,117
25015820600,1833,1714,119
25015820700,4970,4343,627
25015820801,5467,5242,225
25015820802,1182,1088,94
25015820900,6327,5891,436
25015821000,4157,4002,155
25015821100,7048,6598,450
25015821200,2344,2205,139
25015821300,4204,4009,195
25015821400,5338,5099,239
25015821500,3298,3284,14
25015821601,3446,2881,565
25015821602,3941,3550,391
25015821700,3635,3524,111
25015821901,3608,3464,144
25015821903,3237,2868,369
25015821904,2542,2353,189
25015822000,2257,2051,206
25015822200,5868,5445,423
25015822300,4942,4635,307
25015822401,5705,5446,259
25015822402,5395,4839,556
25015822500,6081,6057,24
25015822601,1962,1954,8
25015822603,1830,1774,56
25015822605,1243,1228,15
25015822606,3618,3561,57
25015822700,3194,3157,37
25017300100,3196,3141,55
25017301101,4092,4008,84
25017301102,5277,5185,92
25017310100,5962,4390,1572
25017310200,6735,4966,1769
25017310300,6353,4604,1749
25017310400,3306,2371,935
25017310500,3465,3270,195
25017310601,6411,5463,948
25017310602,5345,4523,822
25017310700,4749,3807,942
25017311100,2498,1768,730
25017311200,3411,2961,450
25017311300,3853,3572,281
25017311400,5700,4930,770
25017311500,3131,2275,856
25017311600,5642,5155,487
25017311700,4954,4289,665
25017311800,3335,2644,691
25017311900,2525,1872,653
25017312000,3060,2184,876
25017312100,3038,2257,781
25017312200,4143,3268,875
25017312300,4814,4428,386
25017312400,2592,1478,1114
25017312501,4384,3705,679
25017312502,4090,3859,231
25017313101,6227,6133,94
25017313102,5906,5879,27
25017314101,6643,6445,198
25017314102,7611,7039,572
25017314200,5422,5039,383
25017314301,8205,7794,411
25017314302,3059,3022,37
25017315100,6062,5844,218
25017315200,7867,7683,184
25017315401,3869,3767,102
25017315402,3063,2993,70
25017315403,1779,1771,8
25017315500,7738,7738,0
25017316101,4974,4890,84
25017316102,6758,6507,251
25017316201,4212,4182,30
25017316202,4607,4499,108
25017316300,8500,8330,170
25017316400,6999,6457,542
25017316500,6178,5745,433
25017317101,6197,5679,518
25017317102,4661,4494,167
25017317103,5065,5015,50
25017317201,2771,2733,38
25017317202,3565,3489,76
25017317203,4195,4173,22
25017317301,2735,2581,154
25017317302,5717,5486,231
25017318100,7150,7072,78
25017318200,4515,4394,121
25017318300,8109,7886,223
25017318400,4076,3964,112
25017320102,5449,5368,81
25017320103,2910,2874,36
25017320104,7898,7726,172
25017321100,6854,6096,758
25017321200,6339,5175,1164
25017321300,8084,5409,2675
25017321400,2903,2707,196
25017321500,7483,6237,1246
25017321600,7882,7019,863
25017322100,4642,4509,133
25017322200,3817,3752,65
25017322300,6203,5695,508
25017322400,5018,4725,293
25017323100,7027,6858,169
25017324101,4936,4905,31
25017324102,4602,4568,34
25017325100,7929,7552,377
25017326101,4242,4168,74
25017326102,6940,6846,94
25017327101,3973,3935,38
25017327102,4297,4097,200
25017327103,3761,3722,39
25017328100,3310,3290,20
25017330100,8730,8636,94
25017330200,6746,6659,87
25017331101,3347,3316,31
25017331102,7277,7156,121
25017331200,5436,5406,30
25017331300,7250,7054,196
25017332100,6407,6373,34
25017332200,8515,8229,286
25017332300,6948,6891,57
25017332400,3828,3674,154
25017333100,7829,7770,59
25017333200,4769,4522,247
25017333300,3896,3663,233
25017333400,6014,5832,182
25017333501,5268,5138,130
25017333502,3548,3320,228
25017333600,7896,7519,377
25017334100,7251,6946,305
25017334200,3966,3894,72
25017334300,7640,7574,66
25017334400,6633,6566,67
25017335100,5655,5639,16
25017335200,6334,6074,260
25017335301,4242,3991,251
25017335302,5101,4895,206
25017335400,5067,4897,170
25017336100,5567,5383,184
25017336200,6091,6005,86
25017336300,6437,6305,132
25017336401,4597,4308,289
25017336402,5095,4943,152
25017337101,3136,3078,58
25017337102,5017,4978,39
25017337201,3091,2987,104
25017337202,4874,4586,288
25017337300,5713,5602,111
25017338100,3213,3137,76
25017338200,4133,4028,105
25017338300,3294,3254,40
25017338400,5931,5842,89
25017338500,5920,5855,65
25017339100,6280,5899,381
25017339200,5779,5642,137
25017339300,2872,2791,81
25017339400,3333,3044,289
25017339500,5849,5535,314
25017339600,5382,5269,113
25017339700,4413,4102,311
25017339801,4947,4382,565
25017339802,4419,4060,359
25017339900,4742,4572,170
25017340000,2539,2393,146
25017340100,6625,6342,283
25017341101,3977,3882,95
25017341102,4019,3693,326
25017341200,7725,7200,525
25017341300,5145,4835,310
25017341400,6902,6308,594
25017341500,5476,4617,859
25017341600,6403,5922,481
25017341700,5205,4890,315
25017341800,5915,4639,1276
25017341901,1482,1373,109
25017341902,8483,7510,973
25017342101,4601,3140,1461
25017342102,3699,2772,927
25017342201,4661,3596,1065
25017342202,4109,3563,546
25017342300,7414,5972,1442
25017342400,7025,5432,1593
25017342500,7979,6552,1427
25017342600,5148,3820,1328
25017350103,1392,1335,57
25017350104,7484,6067,1417
25017350200,6601,6138,463
25017350300,2635,2267,368
25017350400,5631,5409,222
25017350500,1510,1432,78
25017350600,4264,4003,261
25017350700,6424,6174,250
25017350800,2027,1934,93
25017350900,3727,3654,73
25017351000,7692,7302,390
25017351100,6059,5417,642
25017351203,4751,4326,425
25017351204,4375,3783,592
25017351300,4248,3964,284
25017351403,4304,3434,870
25017351404,3994,3225,769
25017351500,2389,2142,247
25017352101,1726,1387,339
25017352102,2376,2128,248
25017352200,1691,1578,113
25017352300,3911,3393,518
25017352400,2087,1704,383
25017352500,2760,2551,209
25017352600,2597,2178,419
25017352700,2184,1993,191
25017352800,2078,1839,239
25017352900,2909,2772,137
25017353000,3482,3185,297
25017353101,2598,2243,355
25017353102,4801,4357,444
25017353200,5040,4614,426
25017353300,3619,3434,185
25017353400,2943,2638,305
25017353500,2671,2564,107
25017353600,4827,4398,429
25017353700,5754,5262,492
25017353800,4652,4185,467
25017353900,6287,5602,685
25017354000,4153,3861,292
25017354100,2791,2655,136
25017354200,3408,3297,111
25017354300,3282,3107,175
25017354400,1775,1663,112
25017354500,2224,2102,122
25017354600,5461,5211,250
25017354700,2750,2629,121
25017354800,2154,2068,86
25017354900,6553,5839,714
25017355000,3213,3026,187
25017356100,3026,2855,171
25017356300,5125,4653,472
25017356400,7399,7313,86
25017356500,6793,6634,159
25017356601,4297,4156,141
25017356602,4330,4119,211
25017356701,6500,6385,115
25017356702,6938,6656,282
25017357100,4386,4340,46
25017357200,3291,3169,122
25017357300,3097,2907,190
25017357400,2373,2187,186
25017357500,2111,2058,53
25017357600,2613,2400,213
25017357700,3708,3457,251
25017357800,3976,3785,191
25017358100,5390,5292,98
25017358300,5855,5718,137
25017358400,5104,4912,192
25017358500,5162,5115,47
25017358600,6246,6231,15
25017358700,5179,5085,94
25017359100,6731,6200,531
25017359300,7357,7185,172
25017360100,1873,1636,237
25017360200,4778,4547,231
25017361100,5853,5701,152
25017361200,7487,6698,789
25017361300,6092,5956,136
25017362100,5125,5034,91
25017363102,6044,5901,143
25017363103,3627,3588,39
25017363104,6472,6222,250
25017363201,3348,3285,63
25017363202,3718,3699,19
25017364101,5407,5191,216
25017364102,5119,5063,56
25017365100,7867,7759,108
25017365201,5971,5837,134
25017365202,4756,4700,56
25017366100,4843,4769,74
25017366201,3514,3324,190
25017366202,5187,5013,174
25017367100,3954,3714,240
25017367200,7992,7736,256
25017368101,6091,5760,331
25017368102,3796,3651,145
25017368200,4436,3950,486
25017368300,5226,4427,799
25017368400,8755,8155,600
25017368500,3246,2175,1071
25017368600,5432,3971,1461
25017368700,2383,1446,937
25017368800,4790,3748,1042
25017368901,7176,6489,687
25017368902,4444,3947,497
25017369000,1629,1557,72
25017369100,5295,5078,217
25017370101,7641,6405,1236
25017370102,7472,6914,558
25017370201,3663,3582,81
25017370202,4491,3984,507
25017370300,5331,4743,588
25017370400,5251,4839,412
25017373100,4942,4799,143
25017373200,4700,4380,320
25017373300,3155,3027,128
25017373400,3542,3356,186
25017373500,6367,5964,403
25017373600,6196,5659,537
25017373700,3555,3419,136
25017373800,5868,5578,290
25017373900,6492,6039,453
25017374000,5410,5058,352
25017374100,4751,4467,284
25017374200,4437,4307,130
25017374300,3656,3532,124
25017374400,5880,5632,248
25017374500,4641,4448,193
25017374600,5056,4520,536
25017374700,4929,4690,239
25017374800,4740,4518,222
25017382100,5057,4962,95
25017382200,5503,5120,383
25017382300,5877,5645,232
25017382400,4812,4683,129
25017382500,4869,4691,178
25017382601,4661,4420,241
25017382602,4606,4438,168
25017383101,3269,2358,911
25017383102,5645,2758,2887
25017383200,6063,4140,1923
25017383300,3086,2758,328
25017383400,6131,5018,1113
25017383501,4931,3687,1244
25017383502,3837,3629,208
25017383600,5974,5403,571
25017383700,5285,5090,195
25017383800,5521,5244,277
25017383901,8079,7862,217
25017383902,5401,5239,162
25017384001,1522,1398,124
25017384002,5999,5690,309
25017385100,6953,6406,547
25017385201,2572,2468,104
25017385202,7895,7616,279
25017386100,4255,4146,109
25017387100,4297,4154,143
25017387201,5868,5588,280
25017387202,4159,3974,185
25017388100,5287,5197,90
25017388200,7433,6401,1032
25017388300,6375,4476,1899
25017980000,0,0,0
25019950100,1437,1392,45
25019950200,5181,4673,508
25019950307,408,393,15
25019950400,2638,1954,684
25019950500,1030,1014,16
25019990000,0,0,0
25021400100,5071,4447,624
25021400200,6074,5786,288
25021400300,4354,4110,244
25021400400,5675,5344,331
25021400500,5279,5058,221
25021400600,5323,5012,311
25021400700,3365,3255,110
25021400800,5480,5240,240
25021400900,4399,4078,321
25021401000,3259,3025,234
25021401100,4332,4192,140
25021401200,6569,6354,215
25021402101,3488,3376,112
25021402102,4316,3706,610
25021402200,2239,1921,318
25021402300,4259,3924,335
25021402400,6479,6213,266
25021402500,4491,4368,123
25021403100,6681,6431,250
25021403300,4167,4134,33
25021403400,6995,6797,198
25021403500,6427,6190,237
25021404100,4122,3905,217
25021404201,3895,3803,92
25021404202,5022,4665,357
25021404301,5610,5489,121
25021404302,3680,3483,197
25021404400,6580,6183,397
25021405100,5864,5702,162
25021406101,5866,5808,58
25021406102,6644,6283,361
25021407100,8110,7706,404
25021408101,8122,7738,384
25021408102,5013,4937,76
25021409101,6356,5594,762
25021409102,5283,5193,90
25021410100,6374,6219,155
25021410300,4668,4557,111
25021410400,6306,6082,224
25021411100,8154,7738,416
25021411200,7039,6960,79
25021411301,5828,5609,219
25021411302,3892,3619,273
25021412100,6591,6324,267
25021412200,3738,3738,0
25021412300,5035,4872,163
25021413100,5804,5426,378
25021413200,6107,6042,65
25021413300,4977,4771,206
25021413401,2988,2739,249
25021413402,4539,4357,182
25021413500,4603,4035,568
25021414100,5604,5196,408
25021414200,7458,7264,194
25021414300,5131,5092,39
25021415101,4953,4627,326
25021415102,8023,7643,380
25021415200,5789,5638,151
25021415300,3797,3750,47
25021416101,5763,5576,187
25021416102,3889,3747,142
25021416200,6725,6401,324
25021416300,4923,4500,423
25021416400,6051,5950,101
25021417100,4470,4411,59
25021417200,8234,8083,151
25021417300,2988,2922,66
25021417400,2365,2258,107
25021417501,5117,4987,130
25021417502,4530,4529,1
25021417601,5121,5044,77
25021417602,5012,4983,29
25021417701,5283,5127,156
25021417702,2912,2849,63
25021417801,4814,4605,209
25021417802,3213,3073,140
25021417901,6264,6098,166
25021417902,3875,3852,23
25021418002,6905,6685,220
25021418003,2685,2515,170
25021418004,4406,4280,126
25021418101,4785,4668,117
25021418102,3392,3112,280
25021418200,6978,6320,658
25021419100,5890,5700,190
25021419200,5504,5376,128
25021419300,4139,3997,142
25021419400,2950,2943,7
25021419500,2917,2780,137
25021419600,7160,7077,83
25021419700,4125,4090,35
25021419800,4381,4263,118
25021420100,7798,7208,590
25021420201,3627,3458,169
25021420202,6369,6000,369
25021420301,7149,6388,761
25021420302,8583,7871,712
25021421100,5498,5023,475
25021421200,5510,5092,418
25021422100,5969,5794,175
25021422200,7127,6987,140
25021422301,3130,3083,47
25021422302,6462,6350,112
25021422400,7837,7627,210
25021422501,4947,4510,437
25021422502,5342,5023,319
25021422600,7132,6972,160
25021422700,3686,3634,52
25021422800,3969,3945,24
25021423100,8316,8268,48
25021440100,8892,8850,42
25021441202,2965,2913,52
25021441203,3943,3899,44
25021441204,4575,4471,104
25021442101,5826,5717,109
25021442102,7088,6869,219
25021442103,7273,7030,243
25021442201,4004,3963,41
25021442202,8682,8472,210
25021443101,8087,7854,233
25021443102,8746,8666,80
25021456101,4313,4257,56
25021456102,4865,4437,428
25021456200,3792,3708,84
25021456301,1811,1740,71
25021456302,5272,5097,175
25021456401,2743,2590,153
25021456402,5464,5269,195
25021457100,4476,4277,199
25021457200,5897,5771,126
25023500101,3909,3757,152
25023500103,2209,2157,52
25023500104,4319,4224,95
25023501101,3238,3185,53
25023501102,8714,8692,22
25023501201,3824,3664,160
25023501202,7125,7107,18
25023502101,6204,6187,17
25023502102,5637,5589,48
25023502200,5884,5697,187
25023503101,7274,7186,88
25023503102,7058,7028,30
25023504101,5691,5601,90
25023504102,5154,5047,107
25023505101,6360,6273,87
25023505102,5212,5170,42
25023505200,6818,6616,202
25023506101,6479,6479,0
25023506102,5880,5779,101
25023506202,2627,2608,19
25023506203,5098,5038,60
25023506204,5512,5437,75
25023507101,5386,5320,66
25023507103,4452,4417,35
25023507104,5606,5606,0
25023508101,6637,6362,275
25023508102,5213,5083,130
25023508200,6316,6198,118
25023509101,7112,6944,168
25023509102,5994,5828,166
25023510100,4732,4531,201
25023510200,6827,6147,680
25023510300,3621,3059,562
25023510400,3318,3012,306
25023510501,2621,2604,17
25023510502,5500,5145,355
25023510503,4726,4273,453
25023510600,2977,2680,297
25023510700,6264,5519,745
25023510800,6899,5974,925
25023510900,2345,2083,262
25023511000,3191,2880,311
25023511100,5415,4945,470
25023511200,4905,4423,482
25023511301,5724,4945,779
25023511302,3360,2814,546
25023511400,4085,3818,267
25023511500,4665,3958,707
25023511600,6562,5638,924
25023511701,4437,4281,156
25023511702,2639,2474,165
25023520100,6743,6626,117
25023520201,3575,3541,34
25023520202,5878,5620,258
25023521101,4338,4286,52
25023521102,3583,3424,159
25023521201,3106,3073,33
25023521202,3740,3732,8
25023522101,4915,4910,5
25023522102,5562,5394,168
25023523100,3357,3118,239
25023523201,3003,2972,31
25023523202,7862,7862,0
25023524101,3155,2942,213
25023524102,3889,3681,208
25023525101,6264,6159,105
25023525104,6825,6521,304
25023525203,5677,5603,74
25023525204,3771,3746,25
25023525300,1851,1480,371
25023526100,7753,7521,232
25023530100,4032,3755,277
25023530200,3469,3271,198
25023530300,3913,3878,35
25023530400,6007,5831,176
25023530500,5007,5007,0
25023530600,6475,6153,322
25023530700,5115,5105,10
25023530801,5893,5845,48
25023530802,5077,4948,129
25023530901,8605,8341,264
25023530902,4623,4606,17
25023540101,3878,3821,57
25023540102,2841,2788,53
25023540103,4474,4409,65
25023541100,5439,5289,150
25023542101,7652,7527,125
25023542102,2429,2413,16
25023542200,6546,6510,36
25023542300,7415,7296,119
25023543100,2913,2832,81
25023544100,5946,5859,87
25023544200,5611,5579,32
25023545100,7445,7301,144
25023545200,5334,5260,74
25023545300,4083,4083,0
25023545400,5610,5389,221
25023560100,6216,6131,85
25023561100,5014,4975,39
25023561200,2993,2748,245
25023990003,0,0,0
25025000100,4185,3484,701
25025000201,3553,3322,231
25025000202,3697,2984,713
25025000301,2590,2394,196
25025000302,3110,3010,100
25025000401,5127,4732,395
25025000402,3277,3024,253
25025000502,5904,5329,575
25025000503,2076,1991,85
25025000504,4516,4051,465
25025000601,3522,3226,296
25025000602,3575,2908,667
25025000701,3923,3542,381
25025000703,1958,1757,201
25025000704,4520,4205,315
25025000802,6570,5335,1235
25025000803,6351,5698,653
25025010103,3695,3252,443
25025010104,4837,4303,534
25025010203,5058,4390,668
25025010204,3277,3057,220
25025010300,5360,4842,518
25025010403,2907,2503,404
25025010404,5076,4581,495
25025010405,6015,5348,667
25025010408,1410,1310,100
25025010500,3311,2917,394
25025010600,3146,3022,124
25025010701,2793,2581,212
25025010702,2486,2297,189
25025010801,3253,2994,259
25025010802,3162,2798,364
25025020101,4418,4370,48
25025020200,3782,3380,402
25025020301,2360,2194,166
25025020302,1011,986,25
25025020303,3702,3132,570
25025030100,2186,2155,31
25025030200,1686,1493,193
25025030300,5562,5311,251
25025030400,2846,2727,119
25025030500,2665,2534,131
25025040100,2502,2318,184
25025040200,1920,1332,588
25025040300,4176,4028,148
25025040401,2610,2478,132
25025040600,2973,2872,101
25025040801,4133,3182,951
25025050101,5450,1980,3470
25025050200,6263,1811,4452
25025050300,2143,1344,799
25025050400,2556,1071,1485
25025050500,2481,1079,1402
25025050600,2540,731,1809
25025050700,5476,1614,3862
25025050901,4698,1420,3278
25025051000,4460,2615,1845
25025051101,7121,3850,3271
25025051200,2592,1722,870
25025060101,3604,3482,122
25025060200,2414,2392,22
25025060301,3499,3439,60
25025060400,5554,5383,171
25025060501,4136,3997,139
25025060600,2891,2804,87
25025060700,2563,1630,933
25025060800,4461,4181,280
25025061000,3138,2136,1002
25025061101,2211,1266,945
25025061200,3901,3749,152
25025070101,6212,5793,419
25025070200,5630,5425,205
25025070300,4548,4201,347
25025070402,1897,1773,124
25025070500,5887,4736,1151
25025070600,2485,2372,113
25025070700,2736,2501,235
25025070800,3570,3029,541
25025070900,3154,2469,685
25025071101,4150,3574,576
25025071201,3493,2503,990
25025080100,2771,1989,782
25025080300,2075,1601,474
25025080401,3129,1864,1265
25025080500,3195,1685,1510
25025080601,4524,3886,638
25025080801,4298,2775,1523
25025080900,3727,3550,177
25025081001,4792,3926,866
25025081100,4156,3377,779
25025081200,3416,1603,1813
25025081300,5300,3086,2214
25025081400,2754,2335,419
25025081500,2242,1576,666
25025081700,3404,2865,539
25025081800,3738,2610,1128
25025081900,3350,2352,998
25025082000,2825,2424,401
25025082100,5245,3466,1779
25025090100,4872,3526,1346
25025090200,2481,1484,997
25025090300,3559,2446,1113
25025090400,4198,2637,1561
25025090600,2581,2074,507
25025090700,4549,3745,804
25025090901,3918,2979,939
25025091001,3232,3153,79
25025091100,5318,4976,342
25025091200,3147,2594,553
25025091300,2696,1973,723
25025091400,2952,1942,1010
25025091500,4873,3844,1029
25025091600,3401,2784,617
25025091700,3315,2433,882
25025091800,3825,3256,569
25025091900,4018,3199,819
25025092000,5294,3821,1473
25025092101,6750,6257,493
25025092200,3216,2833,383
25025092300,3383,2804,579
25025092400,5817,3871,1946
25025100100,6072,4409,1663
25025100200,2919,2528,391
25025100300,3731,3231,500
25025100400,5596,4861,735
25025100500,7350,6425,925
25025100601,5626,5156,470
25025100603,2070,1992,78
25025100700,4473,4364,109
25025100800,6409,6095,314
25025100900,4258,3910,348
25025101001,6856,5978,878
25025101002,5307,4035,1272
25025101101,3721,2925,796
25025101102,5099,4405,694
25025110103,6547,4868,1679
25025110201,2476,1750,726
25025110301,2712,1966,746
25025110401,3873,2551,1322
25025110403,4590,3348,1242
25025110501,3590,3019,571
25025110502,4670,3513,1157
25025110601,2834,2676,158
25025110607,5277,4876,401
25025120103,1661,1576,85
25025120104,2295,1848,447
25025120105,2719,2534,185
25025120201,3638,2318,1320
25025120301,4813,3217,1596
25025120400,6757,6055,702
25025120500,2665,1435,1230
25025120600,2407,2234,173
25025120700,2205,1753,452
25025130100,6551,6252,299
25025130200,5016,4909,107
25025130300,4590,4354,236
25025130402,5041,4452,589
25025130404,3209,2621,588
25025130406,5650,4540,1110
25025140102,5041,4194,847
25025140105,3928,2784,1144
25025140106,1912,1411,501
25025140107,2532,1844,688
25025140201,2397,1863,534
25025140202,6282,4580,1702
25025140300,6961,5175,1786
25025140400,8971,7426,1545
25025160101,8972,1703,7269
25025160200,4347,562,3785
25025160300,2553,1774,779
25025160400,3067,977,2090
25025160501,4999,1341,3658
25025160502,4524,1521,3003
25025160601,4633,2665,1968
25025160602,5149,2599,2550
25025170100,7720,5614,2106
25025170200,5105,3675,1430
25025170300,8799,7358,1441
25025170400,5392,3944,1448
25025170501,3645,2668,977
25025170502,2718,2579,139
25025170601,5561,3459,2102
25025170701,2057,1544,513
25025170702,6357,3653,2704
25025170800,5799,3579,2220
25025180101,4786,3565,1221
25025180200,3783,3618,165
25025180301,3170,3040,130
25025180400,2014,1696,318
25025180500,4278,3935,343
25025980101,339,317,22
25025980300,383,264,119
25025980700,11,11,0
25025981000,0,0,0
25025981100,551,436,115
25025981201,0,0,0
25025981202,195,195,0
25025981300,428,308,120
25025981501,0,0,0
25025981502,12,12,0
25025981600,0,0,0
25025981700,0,0,0
25025981800,53,53,0
25025990101,0,0,0
25027700100,6171,6118,53
25027701100,8575,8310,265
25027702200,3394,3335,59
25027703100,4410,4281,129
25027703200,3680,3214,466
25027703300,3535,3431,104
25027704200,2820,2774,46
25027705100,8131,8078,53
25027706100,4537,4453,84
25027707100,4317,3956,361
25027707200,2052,1857,195
25027707300,3968,3827,141
25027707400,4519,4364,155
25027707500,5478,4916,562
25027708100,7480,7281,199
25027709100,4101,3666,435
25027709201,6715,5995,720
25027709202,7447,6153,1294
25027709400,4603,3119,1484
25027709501,2178,2012,166
25027709502,5719,5093,626
25027709600,2733,2059,674
25027709701,5112,4212,900
25027709702,2696,2197,499
25027710100,3775,2574,1201
25027710200,6849,5673,1176
25027710300,3103,2539,564
25027710400,2267,1720,547
25027710500,3391,2362,1029
25027710600,6809,4128,2681
25027710700,1537,983,554
25027710800,4595,2984,1611
25027711000,3056,2316,740
25027711100,5059,4761,298
25027712101,6717,6510,207
25027712102,4370,4029,341
25027713100,8092,7595,497
25027715100,5113,4967,146
25027716100,7723,6792,931
25027716200,2636,2078,558
25027716300,3400,2739,661
25027717100,3061,3023,38
25027718100,4480,4385,95
25027719100,7954,7512,442
25027720100,3451,3244,207
25027721101,1825,1780,45
25027721102,8402,8213,189
25027722100,5456,5379,77
25027723100,4109,3999,110
25027724100,3767,3703,64
25027725100,4761,4713,48
25027726100,6011,5931,80
25027726200,5790,5374,416
25027727100,4849,4429,420
25027728100,4383,4131,252
25027728200,4055,3956,99
25027728300,4713,4552,161
25027728400,5149,4919,230
25027729100,5693,4883,810
25027729200,2151,2055,96
25027730100,6254,5755,499
25027730200,4981,4753,228
25027730300,4961,4297,664
25027730401,5290,3953,1337
25027730402,1728,1301,427
25027730500,3430,2964,466
25027730600,9451,8927,524
25027730700,6895,6117,778
25027730801,3542,3415,127
25027730802,2094,1888,206
25027730901,3380,3190,190
25027730902,4087,3907,180
25027731001,2366,2022,344
25027731002,5797,4830,967
25027731101,4173,3164,1009
25027731102,2640,2557,83
25027731202,1510,1360,150
25027731203,6131,4127,2004
25027731204,2168,1320,848
25027731300,3573,1983,1590
25027731400,4388,2415,1973
25027731500,4743,2390,2353
25027731600,6384,5899,485
25027731700,2720,1960,760
25027731800,6546,4237,2309
25027731900,5090,3723,1367
25027732001,3762,1163,2599
25027732002,4421,3827,594
25027732201,2650,2505,145
25027732202,3091,2646,445
25027732203,3516,2886,630
25027732301,4462,4081,381
25027732302,4096,3470,626
25027732400,6704,3680,3024
25027732500,2002,1172,830
25027732600,4340,2556,1784
25027732700,3991,3002,989
25027732801,4610,4141,469
25027732802,4558,4022,536
25027732901,7404,6140,1264
25027732902,1405,1257,148
25027733000,3987,2660,1327
25027733101,2170,1998,172
25027733102,2186,1829,357
25027735100,6584,6416,168
25027735200,4645,4323,322
25027736100,2704,2533,171
25027736200,3682,3521,161
25027736300,2471,2327,144
25027736400,3054,2975,79
25027736500,4482,4268,214
25027737100,4984,4897,87
25027737200,1791,1703,88
25027737300,6656,6506,150
25027738100,4718,4356,362
25027738201,3988,3831,157
25027738202,6227,6203,24
25027739100,9744,9424,320
25027739200,6543,6424,119
25027739300,3693,3645,48
25027739400,8920,8418,502
25027739500,7594,7243,351
25027740101,5747,5564,183
25027740102,5915,5791,124
25027740200,3184,3142,42
25027741101,4540,4458,82
25027741102,5428,5306,122
25027742300,4057,3872,185
25027742401,5398,5284,114
25027742402,3710,3609,101
25027743100,7703,7443,260
25027744101,7307,7040,267
25027744102,5150,4657,493
25027744200,7571,7007,564
25027744300,4049,3456,593
25027744400,4352,3723,629
25027745100,5942,5696,246
25027746100,5963,5894,69
25027747101,5192,5069,123
25027747102,3876,3788,88
25027748100,3218,3156,62
25027749100,7417,7238,179
25027749200,6348,6348,0
25027750100,6310,5980,330
25027750200,7360,7267,93
25027750300,2711,2538,173
25027751101,6195,6181,14
25027751102,3013,3013,0
25027752100,8665,8003,662
25027753100,7604,6694,910
25027753200,6240,6142,98
25027754100,5782,5587,195
25027754200,3788,3156,632
25027754300,3214,2522,692
25027754400,4054,3665,389
25027755100,3614,3487,127
25027755200,7994,7888,106
25027756101,4495,4450,45
25027756102,8797,8630,167
25027757100,4441,3105,1336
25027757200,2484,1182,1302
25027757300,2643,1448,1195
25027757400,3020,2136,884
25027757500,4236,3369,867
25027758101,1683,1586,97
25027758102,7768,7623,145
25027759100,2259,2227,32
25027760100,3386,3386,0
25027761100,5178,5136,42
25027761200,5541,5144,397
25027761300,3397,2882,515
25027761400,6570,6259,311
26001000100,1799,1795,4
26001970100,2306,2284,22
26001970400,2858,2829,29
26001970500,2018,1942,76
26001970600,1480,1466,14
26001990000,0,0,0
26003000100,3767,3718,49
26003000200,2759,2715,44
26003000300,2870,2836,34
26003990000,0,0,0
26005030200,3180,3067,113
26005030300,7569,7375,194
26005030401,7617,7352,265
26005030402,5086,5052,34
26005030500,7523,7309,214
26005030600,5123,5095,28
26005030702,4842,4692,150
26005030703,2680,1864,816
26005030704,4910,3974,936
26005030800,5137,4920,217
26005030901,3065,2768,297
26005030902,2477,2095,382
26005031000,6001,5086,915
26005031100,6300,6098,202
26005031200,5745,5358,387
26005031300,4666,4386,280
26005031800,4455,4419,36
26005031900,5134,5008,126
26005032000,5234,5174,60
26005032100,4625,4568,57
26005032200,4973,4208,765
26005032401,1947,938,1009
26005032402,3941,3555,386
26005032600,1436,1256,180
26005990000,0,0,0
26007000100,4672,4619,53
26007000200,4252,4199,53
26007000300,3332,3315,17
26007000400,3041,3023,18
26007000500,1807,1783,24
26007000600,3192,3151,41
26007000700,2869,2826,43
26007000800,2964,2875,89
26007000900,2800,2763,37
26007990000,0,0,0
26009960100,2547,2458,89
26009960200,3334,3305,29
26009960300,2755,2754,1
26009960400,3347,3335,12
26009960500,3248,3093,155
26009960600,3156,3064,92
26009960700,4828,4752,76
26009990000,0,0,0
26011970100,2398,2297,101
26011970200,3142,3102,40
26011970300,2661,2629,32
26011970400,2872,2836,36
26011970500,4254,4172,82
26011990000,0,0,0
26011990100,0,0,0
26013000100,4003,3970,33
26013000200,4609,4520,89
26013990100,0,0,0
26015010100,5852,5547,305
26015010200,5573,5377,196
26015010300,7914,7625,289
26015010401,3327,3127,200
26015010402,4096,4020,76
26015010500,3422,3323,99
26015010600,6630,6628,2
26015010700,5023,4958,65
26015010800,3236,3186,50
26015011300,7932,7720,212
26015011400,6311,6277,34
26017280300,1340,1160,180
26017280400,2914,2485,429
26017280500,3482,3321,161
26017280600,2882,2582,300
26017280700,3012,2742,270
26017280800,3561,3355,206
26017280900,2991,2896,95
26017281000,4009,3735,274
26017281300,2975,2714,261
26017285100,3418,3250,168
26017285201,5816,5611,205
26017285202,3705,3583,122
26017285300,4437,4060,377
26017285400,3562,3526,36
26017285500,6809,6518,291
26017285600,6953,6691,262
26017285700,3808,3669,139
26017285800,6571,6444,127
26017285900,4630,4457,173
26017286000,3157,3071,86
26017286100,7613,7515,98
26017286200,4930,4824,106
26017286300,3855,3709,146
26017286400,2733,2628,105
26017286500,1870,1672,198
26017286600,5074,4539,535
26017990000,0,0,0
26019000100,7306,7218,88
26019000200,3088,3023,65
26019000300,1681,1631,50
26019000400,2244,2141,103
26019000500,3143,3052,91
26019990000,0,0,0
26021000300,2101,2052,49
26021000400,2358,2287,71
26021000500,1806,1790,16
26021000600,3287,3287,0
26021000700,2945,2924,21
26021000800,5333,5267,66
26021000900,1778,1745,33
26021001000,1790,1752,38
26021001100,4168,4003,165
26021001300,2129,2067,62
26021001400,4457,4344,113
26021001500,3189,3124,65
26021001600,2429,2405,24
26021001700,4481,4389,92
26021001800,4767,4481,286
26021001900,1724,1603,121
26021002000,3403,3198,205
26021002100,2288,1997,291
26021002200,3039,2883,156
26021002300,2357,1493,864
26021002400,1770,1567,203
26021002500,2146,2100,46
26021010100,3632,3575,57
26021010200,6646,6583,63
26021010300,4907,4882,25
26021010400,2821,2550,271
26021010500,2364,2051,313
26021010600,5030,4399,631
26021011000,2736,2588,148
26021011100,5165,5134,31
26021011200,3091,3061,30
26021011300,4286,4151,135
26021011400,2454,2434,20
26021011500,1449,1442,7
26021011600,1824,1647,177
26021020100,2547,2509,38
26021020200,5339,5198,141
26021020300,2631,2542,89
26021020400,3657,3155,502
26021020500,2881,2457,424
26021020600,3169,3088,81
26021020700,2989,2946,43
26021020900,3738,3579,159
26021021000,5495,5275,220
26021021100,1919,1883,36
26021021200,1481,1464,17
26021021300,5541,4920,621
26021021400,3597,3030,567
26021990000,0,0,0
26023950100,3901,3800,101
26023950200,3643,3590,53
26023950300,3835,3779,56
26023950800,4632,4495,137
26023950900,2084,2075,9
26023951000,2273,2254,19
26023951100,2897,2836,61
26023951200,4424,4022,402
26023951300,5164,4997,167
26023951400,4348,3935,413
26023951500,2860,2798,62
26023951600,3542,3132,410
26025000200,3553,3313,240
26025000300,1817,1565,252
26025000500,3533,3143,390
26025000600,2550,2390,160
26025000700,3146,2886,260
26025000800,3265,3064,201
26025000900,3756,3627,129
26025001000,3874,3635,239
26025001100,4149,4062,87
26025001200,2613,2578,35
26025001300,3866,3463,403
26025001400,4240,4030,210
26025001500,5243,4902,341
26025001600,2718,2502,216
26025001700,4260,4004,256
26025001800,5841,5657,184
26025001900,3867,3795,72
26025002000,5135,5015,120
26025002100,1139,1048,91
26025002200,3379,3242,137
26025002300,4070,3941,129
26025002400,2943,2861,82
26025002500,3854,3769,85
26025002600,2136,2026,110
26025002700,6233,6086,147
26025002800,4506,4467,39
26025002900,3054,3023,31
26025003000,2303,2256,47
26025003100,2965,2881,84
26025003200,2215,2160,55
26025003300,1987,1928,59
26025003400,2198,2180,18
26025003500,2704,2541,163
26025003600,2121,1866,255
26025003700,4555,4407,148
26025003800,4340,4185,155
26025003900,4485,4303,182
26025004000,4038,3719,319
26025004100,2040,1662,378
26027001000,3788,3682,106
26027001100,2911,2908,3
26027001200,2937,2908,29
26027001500,3922,3822,100
26027001600,3779,3698,81
26027001700,5037,4943,94
26027001800,8400,8081,319
26027001900,4978,4844,134
26027002000,4504,4063,441
26027002100,5590,5312,278
26027002200,5949,5734,215
26029000100,1769,1740,29
26029000200,1267,1267,0
26029000300,2309,2266,43
26029000400,2757,2742,15
26029000500,584,573,11
26029000800,2851,2784,67
26029000900,1882,1765,117
26029001000,2357,2317,40
26029001100,1933,1876,57
26029001200,3187,3170,17
26029001300,1512,1512,0
26029001400,1229,1229,0
26029001500,2535,2480,55
26029990000,0,0,0
26031960100,3005,2956,49
26031960200,2745,2589,156
26031960300,4385,4360,25
26031960400,3640,3604,36
26031960500,2630,2608,22
26031960600,2446,2430,16
26031960700,3059,3039,20
26031960800,3669,3669,0
26031990000,0,0,0
26033970100,3128,3101,27
26033970200,3404,3360,44
26033970300,4256,4200,56
26033970400,2554,2524,30
26033970500,3727,3674,53
26033970600,4943,4854,89
26033970700,966,965,1
26033970800,4143,4088,55
26033970900,4687,4552,135
26033971000,3005,2997,8
26033971100,1569,1559,10
26033980100,0,0,0
26033980200,1734,1609,125
26033980300,214,208,6
26033990000,0,0,0
26033990100,0,0,0
26035000100,1482,1474,8
26035000200,1436,1416,20
26035000300,2398,2352,46
26035000400,3659,3635,24
26035000500,1434,1409,25
26035000600,3650,3600,50
26035000700,3410,3381,29
26035000800,4348,4180,168
26035000900,1842,1830,12
26035001000,2987,2922,65
26035001300,3962,3839,123
26037010104,3341,3211,130
26037010105,3763,3705,58
26037010107,3760,3557,203
26037010108,4038,3868,170
26037010201,2224,2141,83
26037010203,1452,1303,149
26037010204,1803,1729,74
26037010300,5149,4979,170
26037010400,5298,4911,387
26037010500,3600,3371,229
26037010600,2604,2521,83
26037010701,2100,2033,67
26037010702,2404,2177,227
26037010801,4071,3860,211
26037010802,3802,3659,143
26037010901,2974,2884,90
26037010902,4616,4517,99
26037011001,3837,3712,125
26037011002,3522,3468,54
26037011101,4077,3858,219
26037011104,6138,5870,268
26037011200,2672,2548,124
26039960100,2192,2122,70
26039960200,3633,3569,64
26039960300,3601,3575,26
26039960400,2322,2304,18
26039960500,2092,2026,66
26041970100,1667,1655,12
26041970200,2510,2481,29
26041970300,2363,2321,42
26041970400,5433,5393,40
26041970500,4244,4208,36
26041970600,3883,3839,44
26041970700,3720,3707,13
26041970800,4272,4241,31
26041970900,2520,2410,110
26041971000,2596,2555,41
26041971100,3362,3343,19
26041990000,0,0,0
26041990100,0,0,0
26043950100,1691,1690,1
26043950200,4221,4202,19
26043950300,4635,4537,98
26043950400,4689,4589,100
26043950500,2930,2886,44
26043950600,4304,4259,45
26043950700,3419,3380,39
26045020101,2961,2868,93
26045020102,3232,2848,384
26045020103,4314,3902,412
26045020104,4066,3348,718
26045020201,2747,2428,319
26045020202,4677,4280,397
26045020302,6145,5881,264
26045020303,3424,3251,173
26045020304,4821,4649,172
26045020402,2918,2918,0
26045020403,2730,2600,130
26045020404,4418,4251,167
26045020500,3562,3406,156
26045020601,3771,3582,189
26045020602,3584,3474,110
26045020700,3899,3768,131
26045020800,5062,4930,132
26045020901,3430,3051,379
26045020902,4057,3923,134
26045021001,4602,4460,142
26045021002,3933,3790,143
26045021100,5352,5173,179
26045021201,3007,2972,35
26045021202,3447,3382,65
26045021301,3042,2922,120
26045021302,3233,3170,63
26045021401,3526,3285,241
26045021402,4584,4431,153
26047970100,2232,2176,56
26047970200,5556,5516,40
26047970300,4283,4248,35
26047970400,2743,2719,24
26047970500,4424,4352,72
26047970600,5800,5748,52
26047970700,4197,4126,71
26047970800,3856,3700,156
26047990000,0,0,0
26049000100,2660,2616,44
26049000200,1454,1443,11
26049000300,2855,2855,0
26049000400,1341,1283,58
26049000500,1944,1895,49
26049000600,1804,1719,85
26049000700,2305,2292,13
26049000800,972,923,49
26049000900,3230,3133,97
26049001000,1988,1977,11
26049001100,1812,1812,0
26049001200,3429,3385,44
26049001300,2656,2589,67
26049001400,1212,1192,20
26049001500,1276,1252,24
26049001600,5184,4783,401
26049001700,1455,1432,23
26049001800,1963,1789,174
26049001900,2969,2720,249
26049002000,879,811,68
26049002200,1947,1778,169
26049002300,2025,1659,366
26049002400,2940,2930,10
26049002600,2719,2445,274
26049002700,3880,3587,293
26049002800,2596,2561,35
26049002900,2212,2113,99
26049003000,4430,4250,180
26049003100,2192,2172,20
26049003200,2215,2213,2
26049003300,1984,1911,73
26049003400,2047,1994,53
26049003500,3088,2975,113
26049003600,6035,5742,293
26049003700,2298,2065,233
26049003800,1506,1454,52
26049004000,4217,4159,58
26049010110,2553,2504,49
26049010111,1298,1293,5
26049010112,2397,2339,58
26049010113,2386,2173,213
26049010114,2591,2575,16
26049010115,986,962,24
26049010201,1621,1578,43
26049010202,1605,1578,27
26049010304,3600,3504,96
26049010305,4952,4806,146
26049010501,2241,2143,98
26049010502,3788,3511,277
26049010503,2270,2176,94
26049010504,3941,3788,153
26049010603,5499,5237,262
26049010604,2630,2534,96
26049010610,5413,5095,318
26049010700,4940,4745,195
26049010810,5034,4863,171
26049010811,2344,2338,6
26049010812,3370,3348,22
26049010813,4580,4277,303
26049010910,3170,3015,155
26049010911,3807,3505,302
26049010912,2932,2869,63
26049011010,5636,5606,30
26049011101,8757,8651,106
26049011102,5621,5373,248
26049011209,6292,6177,115
26049011210,1909,1851,58
26049011211,5093,4998,95
26049011212,6409,6222,187
26049011213,5180,5055,125
26049011214,5549,5511,38
26049011301,5005,4885,120
26049011302,3783,3561,222
26049011401,3114,3094,20
26049011402,4007,3885,122
26049011502,3026,2849,177
26049011503,4777,4651,126
26049011505,2516,2419,97
26049011508,2767,2680,87
26049011601,3193,2929,264
26049011610,6789,6631,158
26049011710,2486,2452,34
26049011711,2510,2425,85
26049011712,2598,2449,149
26049011713,3504,3438,66
26049011714,3068,2907,161
26049011800,2993,2876,117
26049011901,2504,2419,85
26049011902,2946,2933,13
26049012003,3295,3224,71
26049012006,2642,2481,161
26049012007,1633,1586,47
26049012008,2815,2689,126
26049012009,2482,2372,110
26049012100,2573,2461,112
26049012201,2476,2366,110
26049012202,1209,1201,8
26049012310,2979,2906,73
26049012311,1623,1570,53
26049012401,1854,1748,106
26049012402,2688,2674,14
26049012501,1935,1863,72
26049012503,2690,2646,44
26049012504,2189,2176,13
26049012601,3373,3331,42
26049012602,1626,1573,53
26049012603,2647,2583,64
26049012702,5617,5471,146
26049012703,2935,2902,33
26049012704,4394,4260,134
26049012801,4584,4361,223
26049012802,2048,2003,45
26049012904,6139,6121,18
26049012905,3633,3464,169
26049012906,2628,2544,84
26049012907,2329,2282,47
26049013001,2537,2483,54
26049013002,4157,4057,100
26049013110,2097,2054,43
26049013111,3006,2981,25
26049013112,4447,4349,98
26049013113,3868,3833,35
26049013202,5567,5256,311
26049013204,5904,5617,287
26049013301,5740,5666,74
26049013401,6011,5975,36
26049013402,1822,1803,19
26049013500,5665,5629,36
26049013600,1534,1511,23
26049980000,0,0,0
26049980100,0,0,0
26051000100,2812,2770,42
26051000200,1393,1370,23
26051000300,1780,1780,0
26051000400,3437,3400,37
26051000500,3797,3704,93
26051000600,1787,1765,22
26051000700,4520,4501,19
26051000800,4010,3918,92
26051000900,1831,1805,26
26053950100,2506,2401,105
26053950200,2255,2248,7
26053950300,2394,2380,14
26053950400,1063,1052,11
26053950500,2166,2142,24
26053950600,2934,2912,22
26053950700,2332,2327,5
26053990000,0,0,0
26055550101,5907,5788,119
26055550102,3532,3527,5
26055550200,4422,4366,56
26055550300,7413,7289,124
26055550400,7082,6866,216
26055550500,5710,5345,365
26055550600,9740,9717,23
26055550700,8685,8126,559
26055550800,5857,5809,48
26055550900,4847,4847,0
26055551000,4428,4312,116
26055551100,3741,3588,153
26055551200,3269,3234,35
26055551300,7980,7555,425
26055551400,5030,4898,132
26055551500,3072,3070,2
26055990000,0,0,0
26057000100,4065,3983,82
26057000200,4858,4537,321
26057000300,4324,3966,358
26057000400,3722,3534,188
26057000500,5509,5439,70
26057000600,4230,3785,445
26057000700,3276,2996,280
26057000800,4100,3946,154
26057000900,3346,3259,87
26057001000,4246,3883,363
26059050100,4556,4471,85
26059050200,3056,2993,63
26059050300,2328,2277,51
26059050400,4504,4408,96
26059050500,4253,4210,43
26059050600,3731,3647,84
26059050700,5051,4851,200
26059050800,2150,2132,18
26059050900,4975,4885,90
26059051000,3980,3871,109
26059051100,3882,3812,70
26059051200,3558,3492,66
26061000100,2777,2722,55
26061000200,2847,2804,43
26061000300,2285,2263,22
26061000400,3371,3333,38
26061000500,3435,3378,57
26061000600,3882,3766,116
26061000700,3255,3250,5
26061000800,6218,6055,163
26061000900,5522,5515,7
26061001000,2973,2950,23
26061990000,0,0,0
26061990100,0,0,0
26063950100,1421,1400,21
26063950200,2149,2100,49
26063950300,2362,2354,8
26063950400,822,822,0
26063950500,2296,2239,57
26063950600,2728,2663,65
26063950700,3448,3383,65
26063950800,3337,3229,108
26063950900,3609,3536,73
26063951000,3813,3693,120
26063951100,2200,2162,38
26063951200,3836,3742,94
26063990000,0,0,0
26065000100,1960,1630,330
26065000400,2530,2325,205
26065000600,1829,1686,143
26065000700,2117,1711,406
26065000800,3153,2428,725
26065001000,1979,1782,197
26065001200,2293,1811,482
26065001703,4017,3638,379
26065002000,3541,3114,427
26065002101,2093,1815,278
26065002200,1592,1490,102
26065002300,3270,2762,508
26065002600,1896,1597,299
26065002700,3218,2794,424
26065002800,2737,2402,335
26065002901,3445,3323,122
26065002902,4344,3927,417
26065003103,6524,5913,611
26065003200,2126,1760,366
26065003301,3146,2727,419
26065003302,2222,1999,223
26065003400,2184,1826,358
26065003500,2957,2260,697
26065003601,3349,3080,269
26065003602,3379,2979,400
26065003700,5247,4406,841
26065003801,3879,3658,221
26065003802,4486,4234,252
26065003901,2002,1813,189
26065003902,4006,3935,71
26065004000,3554,3499,55
26065004100,4914,4695,219
26065004301,5196,4996,200
26065004302,2414,2317,97
26065004402,1739,1510,229
26065004403,1293,1240,53
26065004490,3946,3737,209
26065004491,1220,1162,58
26065004492,3464,3330,134
26065004493,1696,1591,105
26065004494,3427,3325,102
26065004500,3566,3319,247
26065004600,4427,4338,89
26065004700,2924,2797,127
26065004801,4582,4310,272
26065004802,3329,3120,209
26065004901,7290,7188,102
26065004902,4238,4065,173
26065005001,6501,6159,342
26065005002,3814,3728,86
26065005100,3755,3343,412
26065005201,5691,4571,1120
26065005202,3243,3123,120
26065005302,6756,6509,247
26065005303,4400,3951,449
26065005304,3396,3253,143
26065005401,3520,3433,87
26065005402,3845,3660,185
26065005501,5889,5666,223
26065005502,5520,5262,258
26065005600,2906,2736,170
26065005700,5219,4988,231
26065005800,5530,5236,294
26065005900,5205,5059,146
26065006001,3474,3280,194
26065006002,3595,3449,146
26065006100,4377,4158,219
26065006200,5474,5271,203
26065006301,4778,4427,351
26065006302,4041,3853,188
26065006401,4177,4093,84
26065006402,3163,3116,47
26065006500,4206,3956,250
26065006600,2912,2511,401
26065006700,3973,3458,515
26065006800,4166,3544,622
26065007000,5345,4996,349
26065980000,934,912,22
26065980100,14,14,0
26065980200,0,0,0
26065980300,0,0,0
26067030100,6604,6397,207
26067030200,2835,2747,88
26067030300,2931,2827,104
26067030400,6940,6482,458
26067031200,5116,4761,355
26067031300,8018,7793,225
26067031400,4723,4626,97
26067031500,5614,5368,246
26067031600,5428,5300,128
26067031700,4946,4426,520
26067031900,5924,5709,215
26067032100,1784,1685,99
26067982200,3263,3031,232
26069000100,2486,2325,161
26069000200,4051,4035,16
26069000300,2729,2686,43
26069000400,3277,3245,32
26069000500,3679,3558,121
26069000600,2804,2770,34
26069000700,2845,2791,54
26069000800,1593,1578,15
26069000900,1909,1887,22
26069990000,0,0,0
26071000100,2377,2321,56
26071000200,1530,1516,14
26071000300,2785,2756,29
26071000400,2334,2272,62
26071000500,2367,2338,29
26073000100,3343,3278,65
26073000200,4736,4632,104
26073000300,5320,5225,95
26073000400,5995,5883,112
26073000500,4147,4071,76
26073000600,4382,4223,159
26073000700,8299,7900,399
26073000800,3254,3206,48
26073000900,4043,3784,259
26073940100,4403,4305,98
26073940200,5824,5462,362
26073940300,5463,5185,278
26073940400,3795,3537,258
26073940500,2579,2406,173
26073940600,4991,4864,127
26075000100,2511,2381,130
26075000200,3254,3061,193
26075000400,4176,3933,243
26075000500,1783,1663,120
26075000600,1082,1082,0
26075000800,4538,4340,198
26075000900,3292,3154,138
26075001000,2453,2329,124
26075001100,2397,2226,171
26075001200,2453,2225,228
26075001300,2531,2319,212
26075005000,2461,2376,85
26075005100,4505,4468,37
26075005200,6513,6334,179
26075005301,4758,4579,179
26075005302,3878,3679,199
26075005400,6435,6223,212
26075005500,4887,4725,162
26075005600,7239,6975,264
26075005700,2865,2865,0
26075005800,5023,4645,378
26075005900,4200,3999,201
26075006000,7044,6734,310
26075006100,6335,6221,114
26075006200,6764,6615,149
26075006301,2945,2907,38
26075006303,4742,4684,58
26075006304,2674,2634,40
26075006401,2995,2938,57
26075006402,7121,7068,53
26075006500,6702,6660,42
26075006600,4880,4798,82
26075006701,4989,4780,209
26075006702,4715,4567,148
26075006801,3175,3126,49
26075006803,2742,2673,69
26075006804,5731,5657,74
26075006900,2695,2533,162
26077000100,2953,2598,355
26077000201,1977,1938,39
26077000202,1028,978,50
26077000300,4230,4141,89
26077000500,3837,3623,214
26077000600,4698,4359,339
26077000900,1064,858,206
26077001000,6535,5543,992
26077001100,1945,1615,330
26077001200,2998,2962,36
26077001300,1931,1892,39
26077001501,4574,4165,409
26077001502,4799,4502,297
26077001503,4805,4552,253
26077001504,5426,5188,238
26077001506,7343,7119,224
26077001507,6647,6095,552
26077001601,2599,2493,106
26077001603,1533,1412,121
26077001604,1864,1771,93
26077001701,3669,3618,51
26077001702,4145,3739,406
26077001801,3781,3615,166
26077001802,4576,4282,294
26077001803,2187,1929,258
26077001905,5972,5544,428
26077001906,4564,4431,133
26077001907,4158,3999,159
26077002002,3694,3612,82
26077002003,5942,5872,70
26077002004,4143,3935,208
26077002005,4163,4020,143
26077002101,7987,7455,532
26077002102,2941,2920,21
26077002201,2386,2194,192
26077002202,8082,7995,87
26077002601,4826,4726,100
26077002700,7923,7742,181
26077002801,4280,3845,435
26077002802,6208,6208,0
26077002901,3850,3828,22
26077002903,5195,4951,244
26077002904,9568,9118,450
26077002905,7705,7514,191
26077003002,2303,2252,51
26077003003,8401,8248,153
26077003004,7704,7518,186
26077003302,6312,6074,238
26077003400,3921,3887,34
26077003500,4290,4102,188
26077005501,3864,3613,251
26077005502,5253,4965,288
26077006102,3659,3611,48
26077006103,4967,4952,15
26077006601,4386,4277,109
26077006701,2631,2492,139
26077006702,6183,5859,324
26079950200,4770,4551,219
26079950300,4903,4868,35
26079950400,3722,3701,21
26079950601,2075,2066,9
26079950602,1789,1780,9
26081000100,2330,2225,105
26081000200,2531,2386,145
26081000300,4962,4785,177
26081000400,2933,2784,149
26081000500,3903,3707,196
26081000600,4271,4083,188
26081000700,3188,2455,733
26081000800,3096,2407,689
26081000900,3196,2927,269
26081001000,4301,4087,214
26081001101,5451,5186,265
26081001102,4296,4153,143
26081001200,3352,3074,278
26081001300,3336,2742,594
26081001400,2334,2109,225
26081001500,3388,2345,1043
26081001600,5648,4519,1129
26081001700,4324,4248,76
26081001800,6343,6228,115
26081001900,4955,3854,1101
26081002000,1969,1851,118
26081002100,2908,2785,123
26081002200,4607,4208,399
26081002300,4106,3870,236
26081002400,3306,3236,70
26081002500,4860,4343,517
26081002600,3626,1166,2460
26081002700,3771,2873,898
26081002800,1575,1080,495
26081002900,1367,1188,179
26081003000,1692,1500,192
26081003100,3597,2783,814
26081003200,4585,4043,542
26081003300,4000,3738,262
26081003400,5414,5231,183
26081003500,5799,5189,610
26081003600,2710,1678,1032
26081003700,4624,3585,1039
26081003800,4504,966,3538
26081003900,3803,834,2969
26081004000,3695,822,2873
26081004100,4950,4050,900
26081004200,4037,3568,469
26081004300,3825,3789,36
26081004400,7751,7571,180
26081004500,8108,7729,379
26081004600,6068,5618,450
26081010101,5683,5586,97
26081010102,2656,2621,35
26081010200,4366,4085,281
26081010301,5226,4671,555
26081010302,5913,5722,191
26081010401,5246,4983,263
26081010402,4126,3809,317
26081010600,11484,11136,348
26081010700,5412,5260,152
26081010801,8231,8068,163
26081010802,6041,5880,161
26081010902,3873,3817,56
26081010903,7033,6862,171
26081010904,7047,6913,134
26081011001,4024,3924,100
26081011002,3809,3769,40
26081011101,4334,4205,129
26081011102,5185,5069,116
26081011200,4226,3996,230
26081011301,4831,4532,299
26081011302,6336,6059,277
26081011401,2351,2112,239
26081011403,2625,2620,5
26081011405,3015,2767,248
26081011406,5762,4630,1132
26081011500,7568,7198,370
26081011600,7174,6650,524
26081011701,5071,4922,149
26081011702,4645,4538,107
26081011801,7381,7186,195
26081011803,4901,4771,130
26081011804,5051,4959,92
26081011901,6678,6333,345
26081011902,7360,7188,172
26081012002,6650,6359,291
26081012003,6593,6593,0
26081012004,4761,4685,76
26081012201,6754,6640,114
26081012202,7134,7134,0
26081012203,4425,4338,87
26081012300,3392,3380,12
26081012400,4086,4009,77
26081012500,4661,4526,135
26081012604,5931,5628,303
26081012605,3092,3041,51
26081012606,5310,4580,730
26081012607,5957,5042,915
26081012608,3814,3644,170
26081012701,7071,6318,753
26081012702,4451,4266,185
26081012703,4993,4605,388
26081012800,4441,4220,221
26081012901,4797,3481,1316
26081012902,4789,4273,516
26081013000,3532,3144,388
26081013100,5208,4695,513
26081013200,7102,6533,569
26081013300,5078,2173,2905
26081013400,5603,4875,728
26081013500,4705,2978,1727
26081013600,2175,1645,530
26081013700,6838,5679,1159
26081013801,1477,1378,99
26081013802,7256,5048,2208
26081013900,6764,6061,703
26081014000,7061,5514,1547
26081014100,2008,1423,585
26081014200,4035,2778,1257
26081014300,3402,2822,580
26081014501,10818,10196,622
26081014502,7579,6606,973
26081014601,8012,7724,288
26081014602,10458,10119,339
26081014701,3494,2980,514
26081014703,4677,3905,772
26081014704,3131,3030,101
26081014803,3121,3015,106
26081014804,8249,7926,323
26081014805,6944,6692,252
26081014806,5370,5310,60
26081014807,8094,7987,107
26083000100,2188,2164,24
26083980100,7,7,0
26083990100,0,0,0
26085960100,2294,2268,26
26085961100,3370,3326,44
26085961200,2735,2596,139
26085961300,3016,2933,83
26087330000,3662,3539,123
26087330500,3123,3032,91
26087331000,1760,1687,73
26087331500,2797,2767,30
26087332000,5722,5637,85
26087332500,3635,3357,278
26087333000,3108,3031,77
26087333500,5477,5461,16
26087334000,2617,2521,96
26087334500,2157,2106,51
26087336000,5250,5066,184
26087336500,1172,1145,27
26087337000,3293,3251,42
26087337500,4077,3812,265
26087338000,5135,5045,90
26087338500,4751,4562,189
26087339000,3130,2468,662
26087339500,3588,2608,980
26087340000,3939,3818,121
26087340500,2746,2710,36
26087341000,4771,4701,70
26087341500,4253,4107,146
26087342000,4526,4494,32
26087342100,3621,3403,218
26089970100,2189,2091,98
26089970200,5378,4922,456
26089970300,2704,2569,135
26089970400,1583,1529,54
26089970500,4746,4692,54
26089970600,5164,5089,75
26089990000,0,0,0
26091060100,3556,3494,62
26091060301,4816,4634,182
26091060302,3878,3787,91
26091060401,3520,3466,54
26091060402,3250,3240,10
26091060500,3466,3166,300
26091060600,5422,5143,279
26091060700,7401,7091,310
26091060800,3431,3222,209
26091061200,1700,1542,158
26091061301,4407,3490,917
26091061302,2861,2074,787
26091061400,3642,3015,627
26091061500,6067,5399,668
26091061600,4009,2847,1162
26091061700,9226,8531,695
26091061800,3860,3702,158
26091061900,4697,4471,226
26091062000,2768,2639,129
26091062100,4069,3897,172
26091062200,2464,2382,82
26091062300,5223,5172,51
26091062400,4940,4702,238
26093710100,2526,2444,82
26093710300,4112,4032,80
26093710500,1787,1778,9
26093710700,1846,1846,0
26093711000,4218,4210,8
26093712101,2934,2907,27
26093712102,2840,2754,86
26093712601,3983,3983,0
26093712602,3427,3313,114
26093713100,4507,4501,6
26093713300,1650,1634,16
26093713500,3778,3606,172
26093713700,4904,4829,75
26093720100,3577,3324,253
26093721100,3341,3319,22
26093722100,3088,2936,152
26093722300,2889,2663,226
26093722500,2188,2138,50
26093724001,2136,2098,38
26093724002,2416,2366,50
26093724003,2349,2311,38
26093725000,4770,4643,127
26093725100,4686,4533,153
26093730101,2753,2626,127
26093730102,3936,3873,63
26093730600,3938,3843,95
26093731100,3841,3815,26
26093732100,3395,3347,48
26093733100,1935,1912,23
26093733601,2703,2640,63
26093733602,3754,3662,92
26093740200,3890,3754,136
26093740300,1826,1826,0
26093740500,2269,2240,29
26093740600,3085,3084,1
26093740700,2612,2577,35
26093740800,2746,2664,82
26093740900,1928,1858,70
26093741100,2398,2357,41
26093741601,1861,1850,11
26093741602,3291,3205,86
26093742201,3238,3203,35
26093742202,2005,1991,14
26093742401,1146,1141,5
26093742402,3814,3708,106
26093742500,2140,2078,62
26093742700,3786,3648,138
26093742900,3882,3772,110
26093743300,2597,2565,32
26093743400,3769,3667,102
26093743500,1970,1912,58
26093743600,2843,2790,53
26093743700,2748,2708,40
26093743800,3723,3666,57
26093743900,3853,3775,78
26093744200,3588,3465,123
26093744400,2325,2289,36
26093744600,1941,1916,25
26093744700,3096,3020,76
26093744800,4484,4356,128
26093744900,2780,2776,4
26095960100,4326,4171,155
26095960200,2125,2098,27
26095980000,0,0,0
26095990000,0,0,0
26097950100,1519,1513,6
26097950200,2348,2321,27
26097950300,1775,1746,29
26097950400,2904,2847,57
26097950500,2452,2404,48
26097990000,0,0,0
26099206700,3919,3702,217
26099210000,4497,4431,66
26099211000,5840,5745,95
26099212000,5471,5273,198
26099214000,2739,2543,196
26099214500,4383,4355,28
26099215000,5327,5129,198
26099215200,7266,7025,241
26099215300,4335,4250,85
26099215500,7438,6908,530
26099216000,3953,3935,18
26099217000,3061,3048,13
26099218000,7582,7463,119
26099220001,7840,7555,285
26099220002,4426,4375,51
26099221100,6498,6346,152
26099221200,6273,5980,293
26099221500,1166,1136,30
26099221800,5236,4982,254
26099222101,5415,5308,107
26099222102,8411,8241,170
26099222500,3937,3857,80
26099222800,3230,3224,6
26099223400,9924,9657,267
26099223500,1432,1430,2
26099223800,14955,14784,171
26099223900,8216,7998,218
26099224000,13466,13054,412
26099224100,8997,8813,184
26099224200,8187,7858,329
26099224300,4794,4789,5
26099224400,5241,5232,9
26099224500,4043,4043,0
26099224600,5941,5688,253
26099225100,3044,3022,22
26099225200,6077,6006,71
26099225300,4614,4516,98
26099225400,7566,7383,183
26099225500,5654,5467,187
26099225600,4233,4017,216
26099225701,5687,5383,304
26099225702,1505,1455,50
26099225800,6772,6525,247
26099225900,5220,5154,66
26099226100,7875,7861,14
26099226400,2457,2393,64
26099226700,4490,4431,59
26099227000,7361,7183,178
26099227300,4275,4196,79
26099228000,3291,3198,93
26099228100,1547,1395,152
26099230000,4448,4193,255
26099230200,5063,4959,104
26099230300,4448,4338,110
26099230400,3766,3766,0
26099230500,3506,3136,370
26099230601,7171,7076,95
26099230602,6252,6183,69
26099230700,5494,5419,75
26099230800,4681,4477,204
26099230900,7927,7538,389
26099231000,4210,4084,126
26099231100,3594,3502,92
26099231200,3652,3612,40
26099231400,6277,6262,15
26099231500,5047,4980,67
26099231600,4989,4941,48
26099231700,6717,6594,123
26099231800,4090,4010,80
26099231900,5666,5563,103
26099232000,2318,2310,8
26099232100,6791,6563,228
26099232200,5061,4876,185
26099232300,4702,4581,121
26099232400,6065,6028,37
26099232500,4439,4265,174
26099233000,5295,5263,32
26099240000,4280,4089,191
26099240300,4290,4140,150
26099240400,5238,5191,47
26099240500,2111,1952,159
26099240600,7015,6695,320
26099240700,4066,4026,40
26099240800,5927,5803,124
26099240900,1857,1799,58
26099241000,4851,4711,140
26099241200,4764,4760,4
26099241300,2395,2307,88
26099241400,3363,3333,30
26099241500,3556,3435,121
26099241600,2601,2486,115
26099241700,4656,4426,230
26099241800,5975,5906,69
26099241900,5001,4959,42
26099242000,5788,5665,123
26099242100,2778,2650,128
26099242500,6244,6212,32
26099243000,4539,4487,52
26099243500,5731,5557,174
26099244000,2167,2141,26
26099245000,3773,3736,37
26099245100,3994,3863,131
26099245200,2903,2876,27
26099245300,4188,4188,0
26099245400,1532,1420,112
26099247100,1042,837,205
26099247200,6468,6347,121
26099247300,6247,6165,82
26099247400,2629,2540,89
26099247500,1705,1682,23
26099247601,1933,1885,48
26099247602,4866,4682,184
26099250000,2498,2448,50
26099250100,2216,2162,54
26099250200,2684,2667,17
26099250300,3240,3106,134
26099250400,1561,1529,32
26099250500,1974,1968,6
26099250600,2756,2697,59
26099250700,2885,2808,77
26099250800,3008,2855,153
26099250900,2620,2581,39
26099251000,1621,1583,38
26099251100,2110,2073,37
26099251200,3214,3203,11
26099251300,2392,2347,45
26099251400,2873,2804,69
26099251500,1822,1813,9
26099251600,3097,3032,65
26099251700,3052,2967,85
26099251800,4006,3968,38
26099251900,2779,2760,19
26099252000,2670,2610,60
26099252100,2169,2135,34
26099252200,2729,2684,45
26099254000,1718,1681,37
26099254100,4260,3977,283
26099254200,4445,4322,123
26099254500,4197,4177,20
26099255000,4357,4283,74
26099255100,3463,3450,13
26099255200,3949,3898,51
26099255300,4156,4041,115
26099255400,2544,2385,159
26099255500,1638,1565,73
26099255600,3568,3534,34
26099255700,1557,1533,24
26099255800,2426,2372,54
26099255900,1717,1680,37
26099256000,2093,2071,22
26099256100,2442,2382,60
26099256200,1824,1791,33
26099256300,1932,1877,55
26099256400,1356,1321,35
26099256500,1568,1485,83
26099256600,3544,3492,52
26099256700,2042,1895,147
26099256800,1430,1420,10
26099258000,2977,2793,184
26099258100,3786,3645,141
26099258200,2760,2697,63
26099258300,2693,2529,164
26099258400,4936,4817,119
26099258500,1942,1935,7
26099258600,4516,4433,83
26099258700,2612,2525,87
26099258800,3941,3788,153
26099258900,2485,2446,39
26099260000,3154,3078,76
26099260100,2981,2870,111
26099260200,2298,2265,33
26099260300,2965,2884,81
26099260400,4243,4150,93
26099260600,2777,2610,167
26099260700,3298,3279,19
26099260800,2792,2766,26
26099260900,4695,4635,60
26099261000,3322,3212,110
26099261100,4633,4620,13
26099261200,2774,2769,5
26099261300,3169,3133,36
26099261400,2744,2656,88
26099261500,2938,2841,97
26099261600,1421,1370,51
26099261700,2273,2273,0
26099261800,2790,2722,68
26099261900,2840,2702,138
26099262000,3451,3230,221
26099262100,1135,1118,17
26099262200,4214,4152,62
26099262300,4653,4605,48
26099262400,3157,3127,30
26099262500,5495,5456,39
26099262600,2312,2269,43
26099262700,5215,5044,171
26099262800,2073,1994,79
26099262900,4317,4267,50
26099263200,2898,2828,70
26099263400,3867,3800,67
26099263500,4285,4196,89
26099263600,4866,4796,70
26099263700,4471,4414,57
26099263800,3239,2908,331
26099263900,3394,3375,19
26099264000,2082,2069,13
26099264200,4038,3902,136
26099267600,1441,1425,16
26099268000,5643,5575,68
26099268100,2670,2588,82
26099268200,4217,4200,17
26099268300,2686,2662,24
26099268400,3568,3485,83
26099982000,5,5,0
26099982100,0,0,0
26099982200,34,28,6
26099982300,71,71,0
26099990100,0,0,0
26101000100,3275,3195,80
26101000200,1923,1855,68
26101000300,1978,1943,35
26101000400,2299,2228,71
26101000500,3862,3725,137
26101000600,1469,1440,29
26101000700,4377,4334,43
26101000800,3238,3145,93
26101000900,2044,1920,124
26101990000,0,0,0
26103000100,2174,2158,16
26103000200,2265,2228,37
26103000300,2056,2019,37
26103000400,1952,1913,39
26103000500,2434,2366,68
26103000600,2574,2553,21
26103000700,3275,3240,35
26103001100,1588,1581,7
26103001200,5871,5850,21
26103001300,3968,3878,90
26103001500,2951,2943,8
26103001600,2341,2298,43
26103001700,2349,2330,19
26103001800,2884,2854,30
26103001900,1500,1500,0
26103002000,2360,2360,0
26103002100,3181,3155,26
26103002200,3397,3372,25
26103002300,1862,1833,29
26103002400,3209,3016,193
26103002500,2253,2241,12
26103002600,1997,1997,0
26103002800,4920,4763,157
26103002900,4057,4029,28
26103990000,0,0,0
26105950100,2462,2288,174
26105950200,3452,3390,62
26105950300,3423,3340,83
26105950400,4676,4547,129
26105950500,3588,3283,305
26105950600,5234,4937,297
26105950700,3070,2979,91
26105950800,2850,2734,116
26105990000,0,0,0
26107960100,2446,2370,76
26107960200,2857,2755,102
26107960300,2966,2940,26
26107960400,4486,4482,4
26107960500,4049,4000,49
26107960600,3689,3518,171
26107960700,6777,6669,108
26107960800,4855,4745,110
26107960900,3177,3164,13
26107961000,5969,5783,186
26107981300,1988,1938,50
26109960100,3539,3528,11
26109960200,3954,3837,117
26109960300,2380,2296,84
26109960400,3503,3494,9
26109960500,2951,2940,11
26109960600,3883,3852,31
26109960700,3358,3238,120
26109990000,0,0,0
26111290100,3621,3504,117
26111290200,3752,3532,220
26111290300,3855,3750,105
26111290400,2294,2201,93
26111290500,1921,1842,79
26111290600,2553,2476,77
26111290700,3546,3489,57
26111290800,5226,4994,232
26111290900,7835,7634,201
26111291000,6294,6294,0
26111291101,3550,3537,13
26111291102,9513,9406,107
26111291200,5177,5075,102
26111291300,4635,4439,196
26111291400,3940,3805,135
26111291500,4234,4173,61
26111291601,2529,2521,8
26111291602,4740,4577,163
26111291700,4344,4220,124
26113960100,3851,3769,82
26113960200,3240,3188,52
26113960300,4908,4846,62
26113960400,3033,2849,184
26115830100,3532,3430,102
26115830200,5688,5302,386
26115830300,3673,3545,128
26115830400,4049,3994,55
26115830500,3917,3889,28
26115830600,2977,2952,25
26115830700,3499,3388,111
26115830800,6701,6614,87
26115830900,2517,2497,20
26115831000,3298,3145,153
26115831100,2324,2260,64
26115831200,7009,6809,200
26115831300,4751,4568,183
26115831400,7249,6995,254
26115831500,3231,3188,43
26115831600,3437,3235,202
26115831700,4000,3780,220
26115831800,1318,1228,90
26115831900,1433,1179,254
26115832000,1629,1598,31
26115832100,3065,3020,45
26115832200,1862,1780,82
26115832300,4493,4441,52
26115832400,4357,4187,170
26115832500,4489,4376,113
26115832600,2235,2043,192
26115832700,2572,2517,55
26115832800,4874,4668,206
26115832900,4499,4289,210
26115833000,4513,4442,71
26115833100,5182,5015,167
26115833200,4248,4130,118
26115833300,6476,6323,153
26115833500,4965,4916,49
26115833600,3059,2833,226
26115833700,2761,2708,53
26115833800,4858,4730,128
26115833900,5205,4882,323
26115990000,0,0,0
26117970100,4334,4195,139
26117970200,3283,3100,183
26117970300,3148,3029,119
26117970400,3279,3169,110
26117970500,7769,7620,149
26117970600,5438,5380,58
26117970700,5293,5189,104
26117970800,4455,4309,146
26117970900,3312,3169,143
26117971000,6937,6586,351
26117971100,5008,4685,323
26117971200,5988,5863,125
26117971300,4678,4533,145
26119910100,2374,2343,31
26119910200,1564,1564,0
26119910300,1755,1718,37
26119910400,2275,2240,35
26119910500,1349,1336,13
26121000100,4648,4532,116
26121000300,3291,2924,367
26121000401,4735,4218,517
26121000402,4299,4000,299
26121000500,4746,4164,582
26121000601,1716,1478,238
26121000800,3397,3056,341
26121000900,3590,3512,78
26121001000,1149,1106,43
26121001200,2094,2055,39
26121001300,2573,2536,37
26121001402,4442,4313,129
26121001500,3785,3727,58
26121001600,2872,2810,62
26121001700,4701,4597,104
26121001800,4523,4382,141
26121001901,3711,3301,410
26121001902,5364,4963,401
26121002000,3952,3544,408
26121002100,3063,2908,155
26121002200,3813,3694,119
26121002300,5692,5276,416
26121002400,3385,3334,51
26121002500,7156,6992,164
26121002601,3625,3406,219
26121002602,4233,3966,267
26121002700,7606,7332,274
26121002800,6229,6011,218
26121002900,5410,5116,294
26121003000,4407,4120,287
26121003100,4473,4175,298
26121003200,5393,5105,288
26121003300,5153,4726,427
26121003400,3915,3736,179
26121003500,4083,4037,46
26121003600,6626,6482,144
26121003700,5547,5369,178
26121003800,3554,3259,295
26121003900,1792,1643,149
26121004000,2035,1967,68
26121004200,3687,3458,229
26121004300,1683,1645,38
26121990000,0,0,0
26123970100,4674,4596,78
26123970300,3878,3598,280
26123970400,5293,4933,360
26123970500,4627,4343,284
26123970600,3943,3841,102
26123970700,4319,4219,100
26123970800,3007,2951,56
26123970900,4277,4177,100
26123971000,4819,4511,308
26123971100,4244,3813,431
26123971200,4876,4228,648
26125120000,3045,2951,94
26125120300,3436,3388,48
26125121000,2857,2683,174
26125121400,4421,4343,78
26125121500,3511,3424,87
26125121700,5652,5534,118
26125121800,4844,4699,145
26125122200,3592,3536,56
26125122400,6873,6642,231
26125122700,2921,2921,0
26125122900,2137,1972,165
26125123000,2317,2263,54
26125123100,3256,3188,68
26125124000,5361,5238,123
26125124500,6171,5760,411
26125125000,3415,3353,62
26125125600,2960,2679,281
26125126200,2679,2497,182
26125126300,4670,4562,108
26125126400,3694,3640,54
26125126500,3204,3129,75
26125127000,5424,5294,130
26125127100,5382,5373,9
26125127200,1681,1649,32
26125127300,4377,4040,337
26125127400,1700,1576,124
26125127500,6783,6719,64
26125127600,4446,4306,140
26125127700,7117,6710,407
26125128000,3506,3456,50
26125128100,2765,2610,155
26125128200,3438,3395,43
26125128300,4752,4544,208
26125128400,3816,3441,375
26125128500,3629,3191,438
26125128600,3425,3237,188
26125128700,2070,1970,100
26125128800,1432,1388,44
26125128900,5496,5186,310
26125129000,3040,2954,86
26125130000,3064,2952,112
26125130100,2328,2271,57
26125130200,5746,5639,107
26125130300,4140,3953,187
26125130400,2848,2808,40
26125130500,3073,3003,70
26125130600,2974,2949,25
26125130700,6595,6489,106
26125131100,2266,2266,0
26125131300,4954,4913,41
26125131400,2020,1978,42
26125131500,3873,3745,128
26125131600,2711,2677,34
26125131800,3817,3798,19
26125132100,5864,5726,138
26125132500,3478,3447,31
26125132600,4096,4011,85
26125132700,2956,2910,46
26125133001,2852,2810,42
26125133002,3269,3209,60
26125133003,3027,2914,113
26125133100,4585,3988,597
26125134000,4806,4754,52
26125134300,4971,4885,86
26125134400,4469,4382,87
26125134500,2953,2873,80
26125134600,4132,4003,129
26125134700,3238,3138,100
26125134800,3007,2929,78
26125134900,3864,3718,146
26125135000,3339,2988,351
26125135100,5685,5587,98
26125135200,3463,3390,73
26125135300,5037,5022,15
26125136000,2513,2494,19
26125136101,4948,4745,203
26125136102,4231,4028,203
26125136300,5043,4936,107
26125136500,5774,5635,139
26125136600,8457,7830,627
26125136700,5354,5229,125
26125136800,4010,3722,288
26125137100,9819,9658,161
26125137400,6429,6249,180
26125137700,1773,1731,42
26125137800,3303,3184,119
26125138100,4969,4768,201
26125138301,3691,3446,245
26125138302,6057,6057,0
26125138600,2530,2469,61
26125139200,6707,6479,228
26125139400,4978,4714,264
26125140100,1215,1079,136
26125140301,4035,3817,218
26125140302,3444,3357,87
26125140500,2352,2151,201
26125140600,2645,2490,155
26125140700,2588,2342,246
26125140800,4576,4350,226
26125140900,4453,3637,816
26125141000,5691,4841,850
26125141100,3094,2418,676
26125141200,3512,2607,905
26125141300,3991,3136,855
26125141400,4420,2917,1503
26125141500,6674,5770,904
26125141600,4382,3350,1032
26125141700,2384,1651,733
26125142000,2334,1875,459
26125142100,1555,1348,207
26125142200,2541,2306,235
26125142300,2351,2314,37
26125142400,3319,3086,233
26125142500,2065,2014,51
26125142600,3408,3135,273
26125142700,3746,3180,566
26125143500,6090,5817,273
26125144100,4325,4257,68
26125144200,4471,4152,319
26125144300,3630,3517,113
26125144400,4926,4593,333
26125144500,3110,2948,162
26125144600,3820,3698,122
26125144701,3948,3624,324
26125144800,2669,2500,169
26125144900,3615,3365,250
26125145100,2257,2198,59
26125145200,3612,3527,85
26125145300,4473,4127,346
26125145400,4372,3542,830
26125145501,3641,3457,184
26125145502,3910,3662,248
26125145600,4830,4542,288
26125145700,2552,2166,386
26125145900,2872,2579,293
26125150000,5252,5098,154
26125150100,3293,3215,78
26125150200,2297,2260,37
26125150300,5049,4956,93
26125150400,2774,2664,110
26125150500,2818,2814,4
26125150600,2844,2744,100
26125150700,4555,4537,18
26125150800,4397,4198,199
26125150900,3847,3823,24
26125151000,4847,4736,111
26125152000,3984,3946,38
26125152600,3931,3824,107
26125152700,2923,2867,56
26125152900,3936,3817,119
26125153000,2120,2007,113
26125153100,2243,2178,65
26125153200,1912,1862,50
26125153300,3588,3497,91
26125154000,1688,1643,45
26125154100,2897,2856,41
26125154200,3022,2714,308
26125154500,2517,2431,86
26125154600,2856,2805,51
26125156000,2381,2352,29
26125156100,4491,4422,69
26125156200,6698,6467,231
26125156300,4023,3882,141
26125156400,3598,3521,77
26125156500,4398,4265,133
26125156900,3114,3114,0
26125157000,2186,2109,77
26125157100,1913,1899,14
26125157200,3967,3918,49
26125157300,3080,3047,33
26125157400,2565,2565,0
26125157500,3448,3397,51
26125157600,4921,4876,45
26125157700,2765,2765,0
26125157800,3545,3537,8
26125157900,2936,2905,31
26125158000,3992,3892,100
26125158100,3175,3090,85
26125158200,3283,3251,32
26125159000,4374,4334,40
26125160000,4127,4116,11
26125160300,3003,2836,167
26125160400,2659,2622,37
26125160500,4169,4160,9
26125160600,4511,4376,135
26125160700,1669,1669,0
26125160800,3653,3619,34
26125160900,4148,4138,10
26125161000,2045,2002,43
26125161100,3409,3409,0
26125161200,5065,5024,41
26125161300,3531,3419,112
26125161400,3868,3831,37
26125161500,1838,1817,21
26125161600,2474,2467,7
26125161700,2709,2656,53
26125161800,4312,4269,43
26125161900,2423,2320,103
26125162000,3416,3413,3
26125162100,3160,3103,57
26125162200,1236,1225,11
26125162300,4102,4061,41
26125162400,2265,2206,59
26125162500,3390,3343,47
26125165000,3043,3021,22
26125165100,3975,3915,60
26125165200,3508,3405,103
26125166000,2438,2382,56
26125166100,3639,3518,121
26125166200,2748,2738,10
26125166400,3231,3156,75
26125166500,2952,2845,107
26125166600,3907,3790,117
26125166700,2371,2306,65
26125166800,3359,3232,127
26125166900,3743,3624,119
26125167000,5423,5332,91
26125167300,3446,3407,39
26125167400,5410,5130,280
26125167500,5725,5497,228
26125167800,4380,4242,138
26125167900,2736,2639,97
26125168100,2377,2295,82
26125168400,3577,3503,74
26125168500,2776,2747,29
26125168600,5755,5610,145
26125168700,3954,3881,73
26125168800,2416,2348,68
26125168900,4791,4748,43
26125170000,2609,2576,33
26125170100,2798,2703,95
26125170200,3456,3354,102
26125170300,2645,2607,38
26125170400,3731,3608,123
26125171000,4660,4432,228
26125171100,3189,3113,76
26125171200,2245,2200,45
26125171300,3305,3305,0
26125171400,6943,6914,29
26125171500,5770,5515,255
26125171600,2005,1964,41
26125172400,1634,1634,0
26125172500,2479,2463,16
26125173000,4400,4062,338
26125173100,1755,1692,63
26125173200,2738,2689,49
26125173300,1658,1612,46
26125173400,5381,5175,206
26125173500,2709,2656,53
26125173600,1526,1434,92
26125175000,2960,2954,6
26125175100,5512,5492,20
26125175200,4017,3948,69
26125175300,4098,4073,25
26125180000,2818,2440,378
26125180100,2853,2775,78
26125180200,3544,3389,155
26125180300,2793,2767,26
26125181000,4347,4155,192
26125181100,2856,2856,0
26125181200,6288,6268,20
26125181300,5773,5689,84
26125181400,3111,3100,11
26125181500,2379,2342,37
26125181600,5414,5174,240
26125183000,3590,3525,65
26125183100,4559,4453,106
26125183200,3203,3177,26
26125183300,3066,3022,44
26125183400,2805,2703,102
26125183500,2206,2191,15
26125183600,4370,4303,67
26125183700,5408,5110,298
26125183800,4375,4276,99
26125183900,2562,2467,95
26125184000,2915,2775,140
26125184100,2962,2902,60
26125184200,4243,4243,0
26125184300,2733,2638,95
26125184400,2879,2795,84
26125184500,2398,2354,44
26125184600,2904,2829,75
26125184700,1645,1591,54
26125187000,2562,2520,42
26125188000,3954,3931,23
26125188100,2376,2342,34
26125190200,3781,3733,48
26125190400,3199,3097,102
26125190500,2496,2432,64
26125190700,5127,4872,255
26125190800,3489,3356,133
26125191000,1689,1570,119
26125191100,2422,2397,25
26125191200,4580,4498,82
26125191300,4278,4202,76
26125192000,6314,6051,263
26125192200,6096,5974,122
26125192400,4942,4828,114
26125192500,3136,2982,154
26125192700,3114,3015,99
26125192800,2332,2218,114
26125193000,3185,3044,141
26125193100,3572,3510,62
26125193300,4772,4324,448
26125193400,4522,4301,221
26125193500,2640,2292,348
26125193600,2325,2218,107
26125193700,4493,4334,159
26125194000,5659,5272,387
26125194100,2955,2824,131
26125194200,1890,1882,8
26125194300,3836,3720,116
26125194400,3241,3047,194
26125194500,1040,1040,0
26125194600,4410,4410,0
26125196000,6106,5861,245
26125196100,5896,5824,72
26125196200,4040,4019,21
26125196300,3580,3497,83
26125196400,3917,3819,98
26125196500,5292,5153,139
26125196600,2136,2098,38
26125196700,2690,2617,73
26125196800,4583,4583,0
26125196900,3568,3493,75
26125197000,4729,4652,77
26125197100,2666,2619,47
26125197200,3558,3519,39
26125197300,4924,4829,95
26125197400,1853,1818,35
26125197500,4095,3854,241
26125197600,2112,2104,8
26125197701,5163,4988,175
26125197702,1976,1943,33
26125197900,3586,3484,102
26125198000,3745,3618,127
26125198100,2767,2726,41
26125981000,0,0,0
26127010300,6921,5521,1400
26127010400,4004,3056,948
26127010500,3231,2516,715
26127010600,5420,5187,233
26127010800,2658,2463,195
26127010900,2281,2082,199
26127011000,1637,1556,81
26127990000,0,0,0
26129950100,2334,2328,6
26129950200,3101,3061,40
26129950300,1606,1568,38
26129950400,2820,2800,20
26129950500,4490,4382,108
26129950600,2664,2610,54
26129950900,4088,3959,129
26131970100,1759,1752,7
26131970200,2633,2598,35
26131970300,1773,1741,32
26131990100,0,0,0
26133970100,4101,4068,33
26133970200,4003,3954,49
26133970300,3059,3037,22
26133970400,3371,3237,134
26133970500,4271,4193,78
26133970600,4367,4296,71
26135970201,1539,1532,7
26135970202,1737,1737,0
26135970300,1684,1660,24
26135970400,2028,1983,45
26135970500,1386,1352,34
26137950100,2952,2774,178
26137950200,5699,5607,92
26137950300,5433,5394,39
26137950400,2059,2059,0
26137950500,3237,3191,46
26137950600,4818,4792,26
26139020100,5169,5066,103
26139020200,4329,4140,189
26139020400,4268,4171,97
26139020501,3068,3040,28
26139020503,3848,3816,32
26139020504,2885,2777,108
26139020600,3347,3253,94
26139020900,4325,4286,39
26139021000,5294,5242,52
26139021100,4719,4626,93
26139021201,5132,5000,132
26139021202,7040,6535,505
26139021301,3232,2912,320
26139021303,2836,2662,174
26139021304,5212,5044,168
26139021400,7902,7870,32
26139021500,8101,7920,181
26139021603,4512,4458,54
26139021604,7667,7305,362
26139021605,4177,4045,132
26139021606,4949,4899,50
26139021700,4416,4244,172
26139021801,4639,4560,79
26139021802,4482,4397,85
26139021901,4681,4251,430
26139021902,7651,7155,496
26139022001,5159,4482,677
26139022002,4211,3806,405
26139022103,1423,1410,13
26139022105,5623,4550,1073
26139022106,3773,3626,147
26139022107,1185,1052,133
26139022108,6436,6145,291
26139022203,9726,6273,3453
26139022206,4511,4268,243
26139022600,1944,1787,157
26139022900,6401,5604,797
26139023001,5795,5466,329
26139023002,6776,6482,294
26139023100,11331,8140,3191
26139023200,2618,2594,24
26139023500,4672,4613,59
26139023600,2502,2440,62
26139024300,5094,4785,309
26139024400,9213,8416,797
26139024500,9622,9135,487
26139024600,5359,5230,129
26139024900,7167,5545,1622
26139025100,6922,4912,2010
26139025200,5622,4652,970
26139025500,3900,3701,199
26139025700,5345,4536,809
26139025800,6372,3601,2771
26139990000,0,0,0
26141950100,1806,1775,31
26141950200,2490,2485,5
26141950300,2194,2142,52
26141950400,2346,2319,27
26141950500,2640,2623,17
26141950600,1479,1466,13
26141990000,0,0,0
26143970100,1739,1724,15
26143970200,1838,1794,44
26143970300,2895,2840,55
26143970400,2146,2143,3
26143970500,872,870,2
26143970600,2053,2032,21
26143970700,2751,2744,7
26143971000,4019,3872,147
26143971100,2829,2792,37
26143971200,2758,2725,33
26145000100,1008,937,71
26145000200,1445,1421,24
26145000400,866,813,53
26145000600,1851,1502,349
26145000700,1791,1447,344
26145000800,2693,2480,213
26145000900,3580,3284,296
26145001000,3809,3269,540
26145001100,2796,2406,390
26145001200,3278,2173,1105
26145001300,2587,2223,364
26145001400,2918,2342,576
26145001500,3927,3437,490
26145001600,3638,3034,604
26145001700,2415,2138,277
26145001800,1493,1386,107
26145001900,2041,1567,474
26145002000,3242,2657,585
26145002100,4311,3653,658
26145010100,9804,9464,340
26145010200,5030,4759,271
26145010302,7953,7667,286
26145010303,3461,3397,64
26145010304,4739,4468,271
26145010401,2662,2454,208
26145010402,5540,5054,486
26145010403,5515,5046,469
26145010501,2477,2246,231
26145010502,5449,4953,496
26145010600,2460,2303,157
26145010700,5907,5037,870
26145010800,2589,2372,217
26145011000,6111,5789,322
26145011100,1735,1617,118
26145011200,1841,1793,48
26145011300,7284,7184,100
26145011500,2683,2190,493
26145011600,3366,2883,483
26145011701,1624,1541,83
26145011702,2522,2357,165
26145011800,2039,1726,313
26145011901,1752,1672,80
26145011902,2160,2112,48
26145012001,3413,3291,122
26145012002,3748,3691,57
26145012003,4530,4407,123
26145012100,4043,3842,201
26145012200,1568,1440,128
26145012300,3006,2907,99
26145012400,1985,1917,68
26145012500,3906,3784,122
26145012600,3393,3181,212
26145012700,4429,4198,231
26145012900,4547,4412,135
26145013000,4386,4240,146
26145013100,5855,5635,220
26147620000,4497,3901,596
26147621000,3913,3867,46
26147622000,4147,4002,145
26147623000,2760,2693,67
26147624000,1643,1603,40
26147625000,1620,1561,59
26147626000,2079,1964,115
26147627000,2717,2658,59
26147628000,3220,3079,141
26147629000,2574,2505,69
26147630100,1203,1174,29
26147630400,5702,5677,25
26147631100,1901,1877,24
26147631600,2488,2442,46
26147632000,3932,3724,208
26147633100,2713,2600,113
26147633200,2767,2647,120
26147634100,3845,3747,98
26147634600,5334,5017,317
26147635000,6152,6031,121
26147636000,4290,3803,487
26147637100,3792,3701,91
26147637200,3603,3278,325
26147637300,2380,2360,20
26147640100,2118,2097,21
26147640200,2291,2263,28
26147640600,2318,2267,51
26147641000,3478,3435,43
26147642000,5395,5305,90
26147643000,3727,3715,12
26147644000,4415,4393,22
26147645000,3252,3243,9
26147646000,4645,4617,28
26147647000,3095,3095,0
26147648000,1134,1128,6
26147649000,4047,3951,96
26147650100,3899,3899,0
26147650200,1184,1161,23
26147651100,1800,1800,0
26147651200,2258,2170,88
26147651600,4006,3979,27
26147652100,2427,2412,15
26147652600,3201,3145,56
26147655100,4974,4808,166
26147655600,3425,3370,55
26147657100,1902,1552,350
26147657200,5464,5066,398
26147658100,2605,2544,61
26147658500,3737,3685,52
26147990000,0,0,0
26149040100,3625,3530,95
26149040200,1817,1699,118
26149040300,2990,2823,167
26149040400,2126,1955,171
26149040500,2992,2655,337
26149040600,2743,2134,609
26149040700,3302,1945,1357
26149040800,3267,2906,361
26149040900,4246,4186,60
26149041000,3451,3411,40
26149041101,4290,3998,292
26149041102,3013,2952,61
26149041200,2887,2733,154
26149041300,6766,6668,98
26149041400,5221,5106,115
26149041500,4592,4448,144
26149041600,3595,3318,277
26151970100,1733,1689,44
26151970200,2479,2409,70
26151970300,3545,3472,73
26151970400,3912,3837,75
26151970500,2229,2201,28
26151970600,2095,2086,9
26151970700,1591,1580,11
26151970800,6084,5598,486
26151970900,4926,4674,252
26151971000,4259,4148,111
26151971100,3634,3527,107
26151971200,5274,5020,254
26151990000,0,0,0
26153000100,2502,2477,25
26153000200,2544,2539,5
26153000300,3140,3098,42
26153990000,0,0,0
26155030100,5850,5796,54
26155030200,3624,3451,173
26155030300,4864,4778,86
26155030400,2783,2657,126
26155030500,3547,3400,147
26155030600,1725,1609,116
26155030700,3035,2866,169
26155030800,3284,3149,135
26155031301,4275,4136,139
26155031302,4192,4158,34
26155031401,5798,5680,118
26155031402,3726,3662,64
26155031500,6303,6149,154
26155031600,4089,3878,211
26155031700,3898,3848,50
26155031800,4113,4019,94
26155031900,3694,3665,29
26157000100,4074,3970,104
26157000200,3097,3015,82
26157000300,3366,3090,276
26157000400,3384,3227,157
26157000500,5106,4905,201
26157000600,4428,4275,153
26157000700,3505,3314,191
26157000800,3916,3815,101
26157000900,4936,4793,143
26157001000,5542,5444,98
26157001100,3314,3257,57
26157001200,4604,4540,64
26157001300,4742,4655,87
26157990000,0,0,0
26159010100,6786,6540,246
26159010200,6044,5211,833
26159010300,2183,2168,15
26159010400,2760,2621,139
26159010500,3352,2944,408
26159010600,2826,2118,708
26159010900,7479,6930,549
26159011002,6868,6420,448
26159011300,4485,3756,729
26159011400,4580,3213,1367
26159011500,3372,2817,555
26159011600,6020,5535,485
26159011800,6938,6429,509
26159011900,5224,4854,370
26159012000,6299,5378,921
26159990000,0,0,0
26161400100,2059,1918,141
26161400200,6066,5816,250
26161400300,7248,7043,205
26161400400,3394,3217,177
26161400500,6619,6413,206
26161400600,4111,4048,63
26161400700,2577,2439,138
26161400800,2818,2628,190
26161402100,2800,2686,114
26161402200,5007,4817,190
26161402300,2657,2605,52
26161402500,2216,2155,61
26161402600,2114,1935,179
26161402700,5390,4986,404
26161403100,1452,1392,60
26161403200,3050,2906,144
26161403300,4112,3956,156
26161403400,3218,3139,79
26161403500,2641,2541,100
26161403600,5570,5341,229
26161403800,3234,3037,197
26161404100,3348,3021,327
26161404200,2117,2061,56
26161404300,2717,2552,165
26161404400,2161,2089,72
26161404500,4209,4137,72
26161404600,4817,4693,124
26161405100,2333,1981,352
26161405200,4808,4763,45
26161405300,5372,5247,125
26161405400,1934,1898,36
26161405500,2211,2175,36
26161405600,4997,4646,351
26161406000,3374,3213,161
26161407000,4681,4550,131
26161407400,5629,5066,563
26161407600,3173,3173,0
26161410100,2973,2563,410
26161410200,2229,2158,71
26161410300,4060,3935,125
26161410400,3730,3431,299
26161410500,2437,2059,378
26161410600,2405,2313,92
26161410700,1281,1242,39
26161410800,1690,1637,53
26161410900,1425,1382,43
26161411000,3164,2965,199
26161411100,2844,2713,131
26161411200,2669,2501,168
26161411700,2150,2027,123
26161411900,3541,3139,402
26161412000,3496,3314,182
26161412100,3265,2850,415
26161412300,3282,3263,19
26161412600,2584,2436,148
26161412700,5420,5305,115
26161413000,3871,3707,164
26161413200,4558,4054,504
26161413401,4392,4211,181
26161413402,5464,5203,261
26161413403,2102,2083,19
26161414000,3504,3302,202
26161414200,2894,2647,247
26161414300,3356,3188,168
26161414500,2885,2795,90
26161414700,1564,1472,92
26161414900,3646,3569,77
26161415200,1902,1828,74
26161415400,2066,1919,147
26161415600,2100,2077,23
26161415800,3433,3361,72
26161416000,3465,2981,484
26161416200,4237,4210,27
26161420000,3615,3577,38
26161420200,3324,3265,59
26161421100,3893,3705,188
26161421900,1460,1224,236
26161422200,7262,6926,336
26161422900,2257,2132,125
26161423400,6715,6556,159
26161423600,2387,2298,89
26161425000,4493,4393,100
26161426000,3761,3682,79
26161431000,4672,4637,35
26161432000,5049,4949,100
26161444000,6153,6073,80
26161445000,2735,2678,57
26161446200,2165,2165,0
26161446400,2975,2851,124
26161447000,2916,2877,39
26161448000,3717,3656,61
26161453000,4972,4869,103
26161454000,4883,4519,364
26161455000,4942,4640,302
26161456000,5740,5406,334
26161461000,7308,7154,154
26161464000,5867,5579,288
26161465000,5966,5743,223
26161466000,2517,2477,40
26161984000,20,20,0
26163500100,3049,3049,0
26163500200,2666,2666,0
26163500300,2234,2223,11
26163500400,1154,1110,44
26163500500,1632,1618,14
26163500600,2928,2928,0
26163500700,4467,4467,0
26163500800,2727,2718,9
26163500900,3415,3415,0
26163501000,3083,3083,0
26163501100,2825,2737,88
26163501200,1713,1713,0
26163501300,3468,3434,34
26163501400,3737,3700,37
26163501500,4554,4493,61
26163501600,1981,1981,0
26163501700,2247,2224,23
26163501800,4754,4664,90
26163501900,3113,3032,81
26163502000,2370,2353,17
26163503100,3286,3286,0
26163503200,2465,2465,0
26163503300,3620,3542,78
26163503400,1213,1213,0
26163503500,3330,3276,54
26163503600,1688,1687,1
26163503900,1808,1688,120
26163504000,1396,1396,0
26163504100,1488,1488,0
26163504200,1965,1963,2
26163504300,2214,2207,7
26163504400,1656,1656,0
26163504700,1741,1741,0
26163504800,875,875,0
26163504900,3298,3298,0
26163505000,1125,1125,0
26163505100,3365,3365,0
26163505200,3141,3115,26
26163505400,2480,2480,0
26163505500,1300,1292,8
26163506100,2016,2016,0
26163506200,2306,2291,15
26163506300,2038,2038,0
26163506400,1979,1941,38
26163506500,2496,2482,14
26163506600,2769,2721,48
26163506700,1136,1131,5
26163506800,3708,3678,30
26163506900,3570,3570,0
26163507000,2884,2884,0
26163507100,2633,2632,1
26163507200,1217,1201,16
26163507300,1872,1864,8
26163507400,2564,2492,72
26163507500,1937,1912,25
26163507800,520,519,1
26163507900,1443,1421,22
26163508000,1164,1164,0
26163508100,1155,1110,45
26163510400,613,613,0
26163510500,4706,4667,39
26163510600,4975,4975,0
26163510700,1807,1801,6
26163511000,1890,1846,44
26163511200,1343,1343,0
26163511300,2272,2272,0
26163511400,2747,2718,29
26163511900,1521,1506,15
26163512100,2886,2886,0
26163512200,1408,1408,0
26163512300,1433,1429,4
26163512400,1313,1313,0
26163512600,1389,1389,0
26163512900,1401,1401,0
26163513200,1661,1657,4
26163513300,2374,2368,6
26163513600,1392,1392,0
26163513700,3645,3637,8
26163513900,1926,1910,16
26163514100,3029,3029,0
26163514200,2562,2562,0
26163514300,2626,2626,0
26163514500,1235,1235,0
26163515200,2127,1992,135
26163515300,2886,2816,70
26163515400,1674,1640,34
26163515600,1429,1429,0
26163515700,3781,3760,21
26163515900,1621,1619,2
26163516000,1929,1919,10
26163516100,467,460,7
26163516200,825,825,0
26163516300,710,699,11
26163516400,850,850,0
26163516500,1709,1692,17
26163516600,2507,2499,8
26163516700,3247,3247,0
26163516800,898,898,0
26163516900,2308,2308,0
26163517000,3268,3219,49
26163517100,1145,1135,10
26163517200,2277,2167,110
26163517300,2276,2248,28
26163517500,2644,2626,18
26163518000,2420,2347,73
26163518400,404,404,0
26163518500,918,913,5
26163518600,396,395,1
26163518800,696,696,0
26163518900,2122,2117,5
26163520200,2742,2684,58
26163520300,1722,1599,123
26163520400,2321,2270,51
26163520700,2371,2245,126
26163520800,1611,1524,87
26163521100,2287,1096,1191
26163521300,835,683,152
26163521400,1350,1035,315
26163521500,1577,1491,86
26163521800,1436,1427,9
26163521900,3040,2854,186
26163522000,1890,1842,48
26163522100,843,843,0
26163522200,615,585,30
26163522300,1038,1034,4
26163522400,976,968,8
26163522500,1570,1537,33
26163523100,1741,631,1110
26163523200,4065,637,3428
26163523300,3446,840,2606
26163523400,2518,1454,1064
26163523800,4487,1035,3452
26163524000,3362,682,2680
26163524100,3930,1635,2295
26163524200,5489,1728,3761
26163524300,2709,724,1985
26163524500,282,122,160
26163524700,3976,3705,271
26163524800,2994,2769,225
26163524900,1329,488,841
26163525000,900,682,218
26163525400,2841,1402,1439
26163525500,1287,823,464
26163525600,1884,424,1460
26163525700,5445,1236,4209
26163525800,1959,574,1385
26163526000,3200,1861,1339
26163526100,2728,1983,745
26163526200,3364,1558,1806
26163526300,3121,645,2476
26163526400,1630,244,1386
26163526500,2214,1567,647
26163527200,660,587,73
26163527300,976,949,27
26163530100,2250,2250,0
26163530200,4838,4725,113
26163530300,1606,1582,24
26163530400,1332,1332,0
26163530500,2633,2633,0
26163530800,1784,1771,13
26163530900,1427,1416,11
26163531100,930,918,12
26163531200,2899,2874,25
26163531300,1154,1153,1
26163531400,1450,1421,29
26163531500,3290,3236,54
26163531600,1688,1642,46
26163531700,1656,1656,0
26163531800,1850,1850,0
26163531900,1173,1137,36
26163532200,1219,1212,7
26163532300,798,798,0
26163532400,1416,1381,35
26163532600,2051,1989,62
26163532700,830,824,6
26163533000,1521,1441,80
26163533100,1334,1326,8
26163533200,1285,1276,9
26163533300,1243,1243,0
26163533400,2731,2731,0
26163533500,1029,1029,0
26163533600,2095,2043,52
26163533700,917,903,14
26163533900,3298,3288,10
26163534100,1707,1707,0
26163534200,3814,3751,63
26163534300,1600,1593,7
26163534400,1604,1584,20
26163534500,795,795,0
26163534600,1834,1554,280
26163534700,3056,3056,0
26163535000,2931,2931,0
26163535100,1626,1622,4
26163535200,2217,2217,0
26163535300,4270,4269,1
26163535400,1512,1506,6
26163535500,2956,2843,113
26163535600,3890,3890,0
26163535700,1294,1225,69
26163536100,3136,3076,60
26163536200,2038,2038,0
26163536300,2536,2531,5
26163536400,2413,2413,0
26163536500,2408,2357,51
26163536600,2749,2749,0
26163536700,1392,1392,0
26163536800,1618,1617,1
26163536900,3336,3327,9
26163537000,3496,3436,60
26163537100,1886,1886,0
26163537200,758,754,4
26163537300,2542,2542,0
26163537500,2693,2693,0
26163537600,3839,3760,79
26163537700,2912,2912,0
26163537800,1639,1639,0
26163538100,2398,2370,28
26163538200,1947,1915,32
26163538300,1695,1675,20
26163538400,3912,3891,21
26163538500,5495,5489,6
26163538600,5134,5120,14
26163538700,4188,4188,0
26163538800,1723,1710,13
26163538900,2688,2688,0
26163539000,2697,2659,38
26163539100,2035,2035,0
26163539200,3935,3866,69
26163539300,3586,3586,0
26163539400,3754,3716,38
26163539500,3219,3219,0
26163539600,3329,3299,30
26163539700,1969,1969,0
26163540100,3131,3131,0
26163540200,3488,3426,62
26163540300,4295,4295,0
26163540400,2772,2751,21
26163540500,3678,3678,0
26163540600,3401,3401,0
26163540700,3818,3718,100
26163540800,2332,2325,7
26163540900,3292,3292,0
26163541000,4469,4469,0
26163541100,2752,2749,3
26163541200,2001,2000,1
26163541300,2670,2643,27
26163541400,2733,2733,0
26163541500,4025,4011,14
26163541700,2239,2213,26
26163541800,2700,2683,17
26163542100,4064,3994,70
26163542200,3407,3196,211
26163542300,1814,1814,0
26163542400,2320,2320,0
26163542500,2796,2783,13
26163542600,3320,3320,0
26163542700,990,976,14
26163542800,2358,2347,11
26163542900,3346,3334,12
26163543000,2238,2184,54
26163543100,2612,2612,0
26163543200,3112,3089,23
26163543400,3272,3222,50
26163543500,1415,1404,11
26163543600,1121,1114,7
26163543700,2748,2689,59
26163543800,845,733,112
26163543900,790,778,12
26163544000,2269,2219,50
26163544100,1930,1930,0
26163544200,2187,2044,143
26163544300,2618,2618,0
26163545100,987,987,0
26163545200,2935,2935,0
26163545300,1802,1802,0
26163545400,1036,990,46
26163545500,4296,4143,153
26163545600,4568,4117,451
26163545700,2880,2327,553
26163545800,4607,4018,589
26163545900,3601,3396,205
26163546000,2848,2848,0
26163546100,3598,3437,161
26163546200,3524,3496,28
26163546300,1917,1917,0
26163546400,1175,1175,0
26163546500,2387,2355,32
26163546600,2064,2050,14
26163546700,2995,2982,13
26163546800,4003,3978,25
26163546900,1123,1123,0
26163550100,4056,3990,66
26163550200,3862,3764,98
26163550300,3358,3313,45
26163550400,1588,1551,37
26163550500,3668,3583,85
26163550600,2189,2097,92
26163550700,5585,5376,209
26163550800,1491,1461,30
26163550900,2873,2779,94
26163551100,4631,4557,74
26163551200,4050,3980,70
26163551300,3612,3590,22
26163551400,4358,4227,131
26163551500,2430,2285,145
26163551600,3495,3492,3
26163551700,3343,3319,24
26163551800,3761,3741,20
26163552000,2890,2819,71
26163552100,4399,4357,42
26163552200,3684,3621,63
26163552300,3111,3053,58
26163552400,2690,2653,37
26163552800,5211,5165,46
26163553000,1226,1221,5
26163553100,1729,1729,0
26163553200,728,728,0
26163553300,865,860,5
26163553400,2588,2582,6
26163553600,2186,2116,70
26163553800,1656,1635,21
26163554100,3927,3822,105
26163554200,3026,2877,149
26163554300,5005,4944,61
26163554400,3170,3054,116
26163554500,2931,2883,48
26163554600,3703,3606,97
26163554700,2738,2522,216
26163554800,3529,3387,142
26163554900,3506,3465,41
26163555100,4398,4210,188
26163555300,3134,3033,101
26163555400,2734,2668,66
26163555500,2957,2938,19
26163555600,2653,2641,12
26163556100,3635,3528,107
26163556200,2690,2603,87
26163556300,3125,3041,84
26163556400,4406,4353,53
26163556500,2129,2108,21
26163556600,3583,3569,14
26163556700,2575,2493,82
26163556800,1875,1844,31
26163556900,3876,3727,149
26163557000,3012,2935,77
26163557100,2438,2429,9
26163557200,2065,2007,58
26163557300,2191,2106,85
26163557400,3369,3358,11
26163557500,3815,3760,55
26163557600,2951,2929,22
26163557700,4383,4344,39
26163557900,4955,4879,76
26163558000,4197,4051,146
26163558100,3237,3220,17
26163558200,4492,4445,47
26163558300,1884,1805,79
26163558400,3835,3758,77
26163558500,3942,3899,43
26163558600,1924,1850,74
26163558700,2563,2492,71
26163558800,2694,2630,64
26163558900,1800,1734,66
26163559000,2750,2687,63
26163559100,2407,2121,286
26163559200,2051,1905,146
26163560100,2683,2672,11
26163560200,5549,5171,378
26163560300,3157,3140,17
26163560400,5804,5585,219
26163561200,6372,5940,432
26163561300,7842,7482,360
26163561600,3994,3864,130
26163561700,2209,2086,123
26163561900,6834,6716,118
26163562300,2141,2046,95
26163562400,5278,5245,33
26163562500,1984,1942,42
26163562600,3526,3483,43
26163562700,3446,3379,67
26163562800,3160,3133,27
26163562900,3391,3199,192
26163563200,2983,2966,17
26163563300,2961,2883,78
26163563400,5252,5159,93
26163563500,6180,6110,70
26163563600,2022,1987,35
26163563700,1686,1667,19
26163563800,3079,3044,35
26163563900,2312,2289,23
26163564000,1650,1637,13
26163564100,4054,3864,190
26163564200,3835,3675,160
26163564300,2527,2403,124
26163564401,5177,5063,114
26163564402,4560,4464,96
26163564501,4568,4484,84
26163564502,3483,3405,78
26163564503,3250,3041,209
26163564504,6749,6485,264
26163564600,6734,6551,183
26163564700,4738,4660,78
26163564800,4840,4582,258
26163564900,2496,2469,27
26163565000,4515,4452,63
26163565100,3516,3437,79
26163565200,5384,5277,107
26163565300,5024,4910,114
26163565600,2212,2200,12
26163565700,3445,3307,138
26163565800,3699,3599,100
26163565900,2748,2677,71
26163566400,993,932,61
26163566500,2146,2116,30
26163566600,2099,2079,20
26163566700,4051,3838,213
26163566800,2869,2803,66
26163566900,4985,4878,107
26163567000,3327,3218,109
26163567100,3689,3536,153
26163567201,3657,3354,303
26163567202,3073,3020,53
26163567300,4501,4413,88
26163567400,2820,2803,17
26163567800,5219,5173,46
26163567900,3013,2936,77
26163568000,2201,2064,137
26163568200,3782,3758,24
26163568300,3960,3842,118
26163568400,3262,3034,228
26163568500,4524,4267,257
26163568700,3240,3112,128
26163568800,2987,2912,75
26163568900,2935,2852,83
26163569100,2588,2460,128
26163569200,2828,2717,111
26163569300,3374,3100,274
26163569400,2571,2499,72
26163569500,2820,2796,24
26163569600,3455,3350,105
26163569700,4239,4013,226
26163569800,2562,2489,73
26163569900,2572,2492,80
26163570100,4213,3993,220
26163570200,2768,2721,47
26163570400,4505,4505,0
26163570500,3691,3580,111
26163570600,2236,2201,35
26163570800,3009,2781,228
26163570900,2087,2040,47
26163571000,2229,2210,19
26163571500,4621,4530,91
26163571600,1894,1836,58
26163571700,2432,2361,71
26163571800,3048,2865,183
26163571900,2720,2622,98
26163572000,1817,1804,13
26163572100,6399,6097,302
26163572200,5902,5764,138
26163572400,1047,1006,41
26163572500,1785,1744,41
26163572600,4896,4546,350
26163572700,4176,3809,367
26163572800,5786,5365,421
26163572900,2654,2562,92
26163573000,3205,3205,0
26163573100,3947,3927,20
26163573300,4657,4562,95
26163573400,3634,3568,66
26163573500,4477,4472,5
26163573600,6955,6693,262
26163573701,2113,2005,108
26163573702,6248,6222,26
26163573800,4574,4462,112
26163573900,5506,5478,28
26163574000,5230,5114,116
26163574100,4254,4099,155
26163574202,3039,2953,86
26163574300,3494,3436,58
26163574600,4737,4546,191
26163574700,4541,4331,210
26163574800,4092,3999,93
26163574900,1673,1615,58
26163575000,4010,3798,212
26163575100,2560,2462,98
26163575200,3774,3573,201
26163575300,3633,3458,175
26163575400,2988,2811,177
26163575500,3537,3434,103
26163575600,1435,1213,222
26163576000,1871,1522,349
26163576100,5868,5005,863
26163576200,2387,2133,254
26163576300,2416,2246,170
26163576400,3555,3382,173
26163576500,3923,3486,437
26163576600,4068,3695,373
26163576700,3431,3287,144
26163577000,4082,2880,1202
26163577100,2632,2187,445
26163577200,3313,2561,752
26163577300,3083,2628,455
26163577400,3476,2673,803
26163577500,3561,2732,829
26163577600,3512,3020,492
26163577700,2300,1934,366
26163577800,4639,3731,908
26163577900,4067,3410,657
26163578000,2490,2146,344
26163578500,4941,4109,832
26163578600,5496,4368,1128
26163579100,1597,1292,305
26163579200,3403,2609,794
26163579300,2609,2570,39
26163579500,1998,1539,459
26163579600,2802,2802,0
26163579700,2856,2254,602
26163579800,1614,1423,191
26163579900,4359,4264,95
26163580100,1883,1695,188
26163580200,2765,2586,179
26163580300,2963,2777,186
26163580400,2498,2397,101
26163580500,3178,3043,135
26163580600,3026,2673,353
26163580700,3650,3582,68
26163580800,1474,1411,63
26163580900,3788,3573,215
26163581100,3700,3400,300
26163581200,3465,3008,457
26163581500,2204,2100,104
26163581600,5800,5274,526
26163581800,2695,2512,183
26163581900,4429,4183,246
26163582000,3109,2955,154
26163582100,3953,3821,132
26163583000,2750,2571,179
26163583100,4044,3974,70
26163583200,2609,2426,183
26163583300,2630,2376,254
26163583400,4810,4301,509
26163583500,2471,2415,56
26163583600,2786,2576,210
26163583700,3784,3328,456
26163583800,4693,4468,225
26163583900,3713,3616,97
26163584000,4252,4092,160
26163584100,1635,1583,52
26163584200,3840,3714,126
26163584300,1899,1810,89
26163584400,2964,2858,106
26163584500,2641,2441,200
26163584600,1999,1895,104
26163584700,2317,2067,250
26163584800,5879,5815,64
26163585500,1875,1867,8
26163585600,3373,3282,91
26163585700,1701,1555,146
26163585800,4606,4447,159
26163585900,2973,2928,45
26163586200,6934,6901,33
26163586300,1995,1989,6
26163587000,3896,3716,180
26163587900,6413,6399,14
26163588000,6251,6021,230
26163588100,2343,2304,39
26163588200,2924,2894,30
26163588300,5354,5348,6
26163588400,4982,4820,162
26163589300,4070,3926,144
26163589400,5272,5016,256
26163590400,6811,6769,42
26163590500,6657,6512,145
26163590600,2221,2127,94
26163591501,2920,2821,99
26163591502,2992,2933,59
26163591600,2160,1842,318
26163591700,6446,5616,830
26163591800,6345,5561,784
26163591900,5385,4931,454
26163592000,4437,4283,154
26163593000,5609,5397,212
26163593200,3755,3683,72
26163593300,3226,2984,242
26163594000,2478,2389,89
26163594100,4240,4132,108
26163594200,2465,2434,31
26163594300,3225,3046,179
26163594400,2643,2467,176
26163594500,3375,3220,155
26163595000,3834,3523,311
26163595100,5761,5577,184
26163595200,2613,2577,36
26163596100,3394,3367,27
26163596200,4090,3934,156
26163596300,2677,2625,52
26163597000,4547,4371,176
26163598000,3209,3143,66
26163599000,5756,5401,355
26163599100,4080,3925,155
26163985000,0,0,0
26163985100,288,288,0
26163985200,0,0,0
26163985300,86,86,0
26163985400,0,0,0
26163985500,0,0,0
26163985600,0,0,0
26163985700,0,0,0
26163985900,0,0,0
26163990100,0,0,0
26163990200,0,0,0
26165380100,5079,4920,159
26165380200,4658,4628,30
26165380300,2879,2846,33
26165380400,4407,4344,63
26165380500,6561,6432,129
26165380600,3159,3101,58
26165380700,2813,2772,41
26165380800,3273,3206,67
27001770100,2245,2229,16
27001770200,2166,2155,11
27001770300,3466,3420,46
27001770400,3021,2936,85
27001790501,1810,1806,4
27001790502,3014,2990,24
27003050107,2811,2811,0
27003050108,5070,5021,49
27003050109,5264,5235,29
27003050110,2634,2622,12
27003050111,3720,3720,0
27003050114,2805,2785,20
27003050115,5529,5065,464
27003050116,4562,4329,233
27003050208,3327,3195,132
27003050210,3980,3916,64
27003050215,4288,4177,111
27003050216,5692,5615,77
27003050217,3027,2954,73
27003050218,3159,3159,0
27003050219,2883,2816,67
27003050220,6777,6394,383
27003050221,7221,7151,70
27003050222,5512,5329,183
27003050223,2952,2894,58
27003050224,3087,3077,10
27003050225,6548,6387,161
27003050226,3068,3010,58
27003050227,4581,4447,134
27003050228,5093,4910,183
27003050229,5419,5183,236
27003050230,2326,2268,58
27003050232,3907,3849,58
27003050233,3205,3205,0
27003050234,3080,2909,171
27003050235,2818,2785,33
27003050236,4293,4191,102
27003050237,5515,5475,40
27003050401,2664,2583,81
27003050402,3550,3508,42
27003050501,3480,3100,380
27003050504,2621,2607,14
27003050505,5010,4939,71
27003050602,2583,2535,48
27003050605,5931,5499,432
27003050606,1897,1878,19
27003050607,4640,4394,246
27003050608,4668,4117,551
27003050609,3325,3284,41
27003050610,6642,6275,367
27003050702,3073,2994,79
27003050704,4632,4343,289
27003050706,3351,3227,124
27003050707,6380,6354,26
27003050709,2350,2162,188
27003050710,3562,3460,102
27003050711,4843,4747,96
27003050712,4282,4187,95
27003050805,6809,6809,0
27003050806,6497,6243,254
27003050807,3261,3177,84
27003050808,2113,2082,31
27003050809,6161,5599,562
27003050810,4021,3978,43
27003050811,2728,2607,121
27003050813,6955,6544,411
27003050816,5008,4913,95
27003050818,5447,5207,240
27003050819,4258,4190,68
27003050820,3195,3153,42
27003050821,4757,4713,44
27003050901,1965,1925,40
27003050902,4947,4887,60
27003051001,2739,2635,104
27003051002,3532,3183,349
27003051101,4710,4479,231
27003051102,4758,3669,1089
27003051103,3239,3117,122
27003051201,3515,3217,298
27003051202,3149,2926,223
27003051203,5648,5347,301
27003051206,2428,2302,126
27003051302,3888,3589,299
27003051304,2342,1934,408
27003051305,3001,2547,454
27003051400,5161,4747,414
27003051501,3143,2729,414
27003051502,2953,2641,312
27003051600,5284,5236,48
27005450100,2872,2852,20
27005450200,2406,2382,24
27005450300,5120,5000,120
27005450400,2476,2411,65
27005450500,4344,4181,163
27005450600,3644,3601,43
27005450700,3342,3332,10
27005450800,2303,2286,17
27005450900,3040,2993,47
27005940000,3828,3750,78
27007450100,6400,6301,99
27007450200,6847,6746,101
27007450300,4322,4295,27
27007450400,2874,2809,65
27007450500,1589,1581,8
27007450600,5111,4981,130
27007450701,4803,4777,26
27007450702,5462,5360,102
27007940001,5959,5647,312
27007940002,2277,2202,75
27009020100,5699,5594,105
27009020202,2800,2772,28
27009020203,2554,2476,78
27009020205,3150,3105,45
27009020206,2591,2508,83
27009020300,3199,3132,67
27009021101,8335,8147,188
27009021102,4565,4456,109
27009021200,6564,6476,88
27011950100,1467,1461,6
27011950200,1645,1637,8
27011950300,1986,1936,50
27013170100,4786,4730,56
27013170200,5988,5615,373
27013170300,3139,3015,124
27013170400,3557,3500,57
27013170500,4599,4390,209
27013170600,2147,2081,66
27013170700,2861,2766,95
27013170800,4980,4868,112
27013170900,3227,3146,81
27013171000,3478,3435,43
27013171101,6465,6187,278
27013171202,6180,6074,106
27013171300,3790,3689,101
27013171400,3547,3460,87
27013171500,2795,2659,136
27013171600,3985,3893,92
27015960101,1959,1896,63
27015960102,1244,1205,39
27015960200,4540,4453,87
27015960300,2933,2773,160
27015960400,4344,4333,11
27015960500,3738,3214,524
27015960600,3172,3088,84
27015960700,3397,3378,19
27017070100,5262,5071,191
27017070200,4075,4021,54
27017070300,5232,5190,42
27017070400,7870,7776,94
27017070500,6824,6696,128
27017070600,3324,3300,24
27017940000,2895,2838,57
27019090100,5934,5836,98
27019090200,4116,4070,46
27019090301,7027,6879,148
27019090302,5281,5146,135
27019090401,5549,5402,147
27019090402,5709,5599,110
27019090501,2371,2261,110
27019090502,3213,2996,217
27019090503,2562,2512,50
27019090601,4247,3967,280
27019090602,2966,2915,51
27019090701,6707,6457,250
27019090702,2730,2716,14
27019090800,8617,8288,329
27019090900,5351,5189,162
27019091000,10721,9200,1521
27019091100,6403,6282,121
27019091201,4893,4859,34
27019091202,2746,2642,104
27021940001,4159,4113,46
27021940002,2928,2810,118
27021960100,1988,1948,40
27021960200,2308,2295,13
27021960301,884,880,4
27021960302,1194,1194,0
27021960600,2995,2963,32
27021960700,4262,4235,27
27021960801,3514,3450,64
27021960802,4401,4224,177
27023950300,1951,1908,43
27023950400,2205,2132,73
27023950500,2223,2090,133
27023950600,5747,5266,481
27025110100,3870,3826,44
27025110200,7039,6924,115
27025110301,4111,3963,148
27025110302,6046,5870,176
27025110401,8642,8507,135
27025110402,4622,4601,21
27025110501,3685,3627,58
27025110502,7270,7065,205
27025110600,4740,4628,112
27025110700,4016,3986,30
27027020100,5128,4671,457
27027020202,2390,2065,325
27027020300,2888,2675,213
27027020400,5085,4727,358
27027020500,5777,5648,129
27027020600,4125,3997,128
27027030102,5800,5565,235
27027030103,7723,7348,375
27027030104,8137,7983,154
27027030106,2137,2112,25
27027030107,1771,1752,19
27027030201,5772,5662,110
27027030202,4669,4614,55
27029000100,2747,2724,23
27029000200,2852,2773,79
27029000300,3165,3117,48
27031480100,3496,3407,89
27031480200,1719,1710,9
27031990000,0,0,0
27033270100,2867,2568,299
27033270200,2437,2370,67
27033270300,3322,3063,259
27033270400,2931,2770,161
27035950100,1830,1814,16
27035950204,1451,1451,0
27035950400,5546,5482,64
27035950501,2739,2724,15
27035950502,2355,2330,25
27035950700,6162,5998,164
27035950800,4945,4880,65
27035950900,5442,5442,0
27035951000,3958,3929,29
27035951100,4697,4472,225
27035951200,2795,2705,90
27035951301,4741,4706,35
27035951302,6061,6059,2
27035951400,5288,5215,73
27035951600,2551,2501,50
27035951700,2760,2753,7
27037060101,3535,2973,562
27037060102,2636,2233,403
27037060103,2423,2281,142
27037060104,5695,4832,863
27037060105,5490,3454,2036
27037060201,2854,2409,445
27037060202,3368,3210,158
27037060301,4271,3508,763
27037060302,3610,3083,527
27037060401,2478,2201,277
27037060402,3452,2872,580
27037060502,4619,3537,1082
27037060503,4881,4278,603
27037060505,5791,5238,553
27037060506,5462,5238,224
27037060507,3548,3318,230
27037060508,5985,5561,424
27037060509,5327,4890,437
27037060603,4486,4256,230
27037060604,3468,3361,107
27037060605,1593,1527,66
27037060606,2754,2613,141
27037060709,5406,5098,308
27037060710,3804,3304,500
27037060711,4596,4397,199
27037060713,2991,2922,69
27037060714,4710,4365,345
27037060716,3856,3520,336
27037060717,2128,2040,88
27037060721,2651,2421,230
27037060725,3775,3524,251
27037060726,2689,2502,187
27037060727,3050,2919,131
27037060728,4838,4578,260
27037060729,3849,3787,62
27037060730,5992,5686,306
27037060731,4517,4412,105
27037060732,5559,5478,81
27037060733,4129,4062,67
27037060734,4387,4146,241
27037060735,5157,4757,400
27037060737,4871,4489,382
27037060738,3321,2761,560
27037060739,5666,4307,1359
27037060741,7283,6600,683
27037060742,3459,3436,23
27037060743,1672,1499,173
27037060744,1535,1419,116
27037060745,4454,4026,428
27037060746,3434,3126,308
27037060747,3747,3636,111
27037060748,3416,3385,31
27037060749,1559,1390,169
27037060750,4531,4042,489
27037060805,3136,2306,830
27037060806,5548,5383,165
27037060811,5078,4820,258
27037060812,6139,5897,242
27037060813,4675,4593,82
27037060814,6335,6021,314
27037060815,5164,5049,115
27037060816,5890,5736,154
27037060817,8723,8463,260
27037060818,7469,6931,538
27037060819,6660,6434,226
27037060820,8072,7995,77
27037060821,6798,6489,309
27037060822,1252,1252,0
27037060823,3815,3801,14
27037060824,3716,3666,50
27037060825,6946,6904,42
27037060826,7577,7225,352
27037060828,4179,4045,134
27037060829,3216,3079,137
27037060902,4714,4690,24
27037060904,3632,3467,165
27037060905,5437,5252,185
27037060906,3352,3211,141
27037060907,7251,6898,353
27037061001,3494,3473,21
27037061003,1396,1392,4
27037061004,6332,6222,110
27037061005,2513,2356,157
27037061007,4866,4640,226
27037061008,2061,1750,311
27037061009,5931,5763,168
27037061102,5036,4867,169
27037061105,2432,2294,138
27037061106,3096,3015,81
27037061107,6299,5977,322
27037061108,6134,5955,179
27037061401,3121,3094,27
27037061402,3756,3666,90
27037061501,2491,2473,18
27037061502,2912,2903,9
27039950100,4529,4376,153
27039950200,4073,3658,415
27039950300,2484,2172,312
27039950400,3527,3479,48
27039950500,5748,5688,60
27041450100,3140,3100,40
27041450200,3741,3704,37
27041450500,4563,4529,34
27041450600,5828,5794,34
27041450701,5431,5290,141
27041450702,2769,2676,93
27041450800,3528,3458,70
27041450900,3434,3411,23
27041451000,4428,4368,60
27043460100,1865,1851,14
27043460200,2189,2068,121
27043460300,1844,1794,50
27043460400,3289,2974,315
27043460500,2282,2196,86
27043460600,2650,2359,291
27045960100,3515,3485,30
27045960200,4509,4397,112
27045960300,3500,3484,16
27045960400,3225,3218,7
27045960500,3113,3078,35
27045960600,3015,2949,66
27047180100,2921,2760,161
27047180200,2491,2446,45
27047180300,3393,3257,136
27047180400,3150,3013,137
27047180500,4188,3955,233
27047180600,3912,2974,938
27047180700,2580,2439,141
27047180800,2498,1983,515
27047180900,3336,2854,482
27047181000,2282,2190,92
27049080101,3784,3747,37
27049080102,5852,5550,302
27049080200,7393,7070,323
27049080300,3926,3908,18
27049080400,4126,3915,211
27049080500,3329,3277,52
27049080600,4603,4545,58
27049080700,3498,3276,222
27049080800,4173,4072,101
27049080900,5766,5644,122
27051070100,3217,3185,32
27051070200,2726,2645,81
27053000101,3226,2902,324
27053000102,5475,5215,260
27053000300,3200,3166,34
27053000601,5051,4614,437
27053000603,2843,2789,54
27053001100,2036,1743,293
27053001700,2282,1993,289
27053002200,1441,1318,123
27053002400,2276,2113,163
27053002700,2754,2544,210
27053003200,1782,1568,214
27053003300,2392,2220,172
27053003800,5498,5409,89
27053005901,3061,2988,73
27053005902,3020,2140,880
27053006800,4011,3609,402
27053007700,3727,3328,399
27053007801,1837,1334,503
27053008100,3415,3329,86
27053008200,4645,3633,1012
27053008300,2201,1336,865
27053008400,2895,1703,1192
27053008500,4754,2994,1760
27053009500,3195,2279,916
27053009600,3592,3041,551
27053010600,2842,2759,83
27053010700,2493,2414,79
27053011000,3692,3519,173
27053011703,4252,4150,102
27053011704,3177,3013,164
27053011800,4776,4398,378
27053011998,4240,4066,174
27053012001,5735,5272,463
27053012003,5247,4557,690
27053012101,3006,2449,557
27053012102,2922,2783,139
27053020101,3233,3187,46
27053020102,2249,2110,139
27053020200,8035,7037,998
27053020301,2622,2397,225
27053020302,2515,2353,162
27053020303,3539,3024,515
27053020304,3197,2873,324
27053020400,4891,4816,75
27053020500,3705,3150,555
27053020600,2281,2022,259
27053020700,4175,3779,396
27053020801,2060,1894,166
27053020804,3086,2529,557
27053020902,2233,2107,126
27053020903,3354,2970,384
27053021001,5673,5392,281
27053021002,1992,1920,72
27053021100,1914,1883,31
27053021200,4550,4290,260
27053021300,4744,4098,646
27053021400,3174,3167,7
27053021501,4195,3945,250
27053021502,4117,3460,657
27053021503,4960,4288,672
27053021504,3364,3261,103
27053021505,4387,4245,142
27053021601,4226,4126,100
27053021602,6088,5984,104
27053021700,5151,5014,137
27053021800,2106,2078,28
27053021900,3469,3308,161
27053022000,1521,1453,68
27053022101,2628,2549,79
27053022102,2711,2554,157
27053022200,4480,4322,158
27053022301,2212,2157,55
27053022302,3107,2947,160
27053022400,3988,3785,203
27053022700,4419,3727,692
27053022801,2041,2019,22
27053022802,3326,3204,122
27053022901,5131,4981,150
27053022902,1663,1621,42
27053023000,4452,4435,17
27053023100,1839,1786,53
27053023200,5849,5339,510
27053023300,6097,5542,555
27053023400,6131,5286,845
27053023501,3718,3545,173
27053023502,5395,5364,31
27053023600,3888,3834,54
27053023700,4616,4505,111
27053023801,5303,5198,105
27053023802,2885,2699,186
27053023901,3520,3461,59
27053023902,2128,2091,37
27053023903,3227,3171,56
27053024003,5038,4631,407
27053024004,4181,4017,164
27053024005,2196,2163,33
27053024006,2042,1995,47
27053024100,3601,3139,462
27053024200,3043,2907,136
27053024300,4589,3660,929
27053024400,3789,3691,98
27053024500,2315,2253,62
27053024600,3915,3438,477
27053024700,3219,2825,394
27053024801,2426,1798,628
27053024802,2729,1697,1032
27053024901,1003,961,42
27053024902,2781,1837,944
27053024903,2502,1807,695
27053025100,2762,2562,200
27053025201,5296,3828,1468
27053025205,5370,4534,836
27053025301,2762,2655,107
27053025302,4277,4040,237
27053025401,4071,3352,719
27053025403,4080,3579,501
27053025601,2371,2310,61
27053025603,3966,3663,303
27053025605,3555,3471,84
27053025701,6810,6222,588
27053025702,4506,4118,388
27053025801,3064,2805,259
27053025802,2231,2182,49
27053025803,3003,2875,128
27053025805,2782,2707,75
27053025903,6241,6101,140
27053025905,3572,3524,48
27053025906,6120,5864,256
27053025907,4591,4481,110
27053026005,3820,3758,62
27053026006,2926,2733,193
27053026007,4845,4672,173
27053026013,4738,4738,0
27053026014,5155,5001,154
27053026015,5340,5148,192
27053026016,6949,6685,264
27053026018,7385,7102,283
27053026019,6124,5068,1056
27053026020,4686,4450,236
27053026021,4323,4250,73
27053026022,6915,6757,158
27053026101,3188,3146,42
27053026103,2864,2785,79
27053026104,4364,4323,41
27053026201,3386,3344,42
27053026202,2770,2742,28
27053026205,3232,3135,97
27053026206,3441,3322,119
27053026207,4135,4023,112
27053026208,3198,3144,54
27053026301,3430,3363,67
27053026302,3338,3330,8
27053026402,5866,5666,200
27053026403,3236,3180,56
27053026404,5203,5121,82
27053026505,3651,3505,146
27053026507,4733,4439,294
27053026508,4886,4858,28
27053026509,4609,4410,199
27053026510,3580,3444,136
27053026511,3667,3244,423
27053026512,6174,5926,248
27053026514,4795,4572,223
27053026605,3545,3513,32
27053026606,5074,5020,54
27053026609,2893,2739,154
27053026610,4596,4466,130
27053026611,4749,4476,273
27053026612,10227,9926,301
27053026613,8241,7781,460
27053026702,2612,2586,26
27053026706,3583,3538,45
27053026707,4743,4683,60
27053026708,5743,5656,87
27053026710,8772,8589,183
27053026711,2815,2768,47
27053026712,3172,3088,84
27053026713,4293,4168,125
27053026714,9989,9701,288
27053026715,15391,14925,466
27053026716,8468,8468,0
27053026807,5789,5481,308
27053026809,5483,4046,1437
27053026810,5920,5294,626
27053026811,5764,5636,128
27053026812,6310,6093,217
27053026814,6538,5960,578
27053026815,5364,5178,186
27053026816,6635,6520,115
27053026818,5096,4819,277
27053026819,4645,4158,487
27053026820,11819,11530,289
27053026822,4792,4692,100
27053026823,4668,4634,34
27053026903,4474,4223,251
27053026906,7846,7665,181
27053026907,5577,5492,85
27053026908,6032,5971,61
27053026909,12829,12766,63
27053026910,5031,4467,564
27053027001,3185,3178,7
27053027002,5499,5284,215
27053027101,6305,6013,292
27053027102,5572,5281,291
27053027201,6376,6222,154
27053027202,1704,1690,14
27053027203,3824,3808,16
27053027300,4296,4274,22
27053027400,4235,4155,80
27053027501,4634,4316,318
27053027503,4216,4029,187
27053027504,3307,3271,36
27053027601,3862,3648,214
27053027602,5444,5398,46
27053027700,9559,9333,226
27053100200,3400,3178,222
27053100400,3247,2969,278
27053100500,2149,2008,141
27053100700,2980,2838,142
27053100800,3676,3605,71
27053100900,4700,4331,369
27053101200,4488,4088,400
27053101300,1976,1601,375
27053101600,2374,2186,188
27053101800,4283,3222,1061
27053101900,2643,2526,117
27053102000,2524,2323,201
27053102100,2463,2243,220
27053102300,1415,1384,31
27053102500,2900,2385,515
27053102600,1757,1532,225
27053102800,3261,3230,31
27053102900,1476,1352,124
27053103000,1727,1620,107
27053103100,2168,1828,340
27053103400,3194,2567,627
27053103600,2193,2091,102
27053103700,3370,3160,210
27053103900,2882,2729,153
27053104000,7453,7193,260
27053104100,3826,3559,267
27053104400,2328,2264,64
27053104800,8576,8327,249
27053104900,10976,10723,253
27053105100,2798,2715,83
27053105201,3009,2769,240
27053105204,2680,2505,175
27053105400,3555,3434,121
27053105500,3854,3822,32
27053105600,4161,3845,316
27053105700,2802,2633,169
27053106000,3008,2374,634
27053106200,3707,3662,45
27053106400,1799,1771,28
27053106500,4372,4280,92
27053106600,2465,2417,48
27053106700,4475,4197,278
27053106900,2726,2338,388
27053107000,4289,3212,1077
27053107400,1651,1348,303
27053107500,1870,1800,70
27053107600,3621,3512,109
27053108000,3348,3225,123
27053108600,3021,1887,1134
27053108700,3600,3376,224
27053108800,3434,2969,465
27053108900,2265,2133,132
27053109000,1709,1689,20
27053109100,4819,4757,62
27053109200,3498,3348,150
27053109300,3831,3449,382
27053109400,2360,1306,1054
27053109700,2414,1806,608
27053109800,4309,4226,83
27053109900,3785,3733,52
27053110000,1977,1366,611
27053110100,2842,2402,440
27053110200,3329,3029,300
27053110400,3108,3030,78
27053110500,4864,4593,271
27053110800,4666,4418,248
27053110900,3411,3021,390
27053111100,3158,3085,73
27053111200,3129,3115,14
27053111300,4914,4733,181
27053111400,4058,4025,33
27053111500,5231,5211,20
27053111600,3327,3267,60
27053122500,3520,3481,39
27053122600,2287,2236,51
27053125500,3650,3272,378
27053125600,3039,2968,71
27053125700,4044,3798,246
27053125800,5196,3565,1631
27053125900,4743,2546,2197
27053126000,5190,3986,1204
27053126100,6741,6487,254
27053126200,5072,4905,167
27053980000,291,152,139
27055020100,5757,5647,110
27055020200,3529,3514,15
27055020300,2629,2623,6
27055020500,3143,3126,17
27055020900,3733,3709,24
27057070100,4517,4448,69
27057070200,2344,2304,40
27057070300,2102,2058,44
27057070400,2844,2784,60
27057070500,2924,2823,101
27057070600,3698,3644,54
27057070700,2211,2195,16
27059130100,3579,3510,69
27059130200,3462,3388,74
27059130301,9007,8882,125
27059130302,2760,2760,0
27059130400,4003,3935,68
27059130501,5501,5456,45
27059130502,6437,6225,212
27059130600,3712,3622,90
27061480100,2584,2548,36
27061480300,4461,4331,130
27061480400,3804,3767,37
27061480500,2548,2479,69
27061480600,2751,2729,22
27061480700,5040,5040,0
27061480801,2628,2575,53
27061480802,6161,6136,25
27061480900,7000,6905,95
27061481000,5806,5738,68
27061940000,2573,2540,33
27063480100,2362,2344,18
27063480200,2235,2074,161
27063480300,2275,2213,62
27063480400,3291,3199,92
27065480100,3357,3301,56
27065480200,3713,3648,65
27065480300,3893,3845,48
27065480400,4955,4878,77
27067770900,3075,2405,670
27067780100,2504,2461,43
27067780200,2290,2267,23
27067780300,4196,4115,81
27067780400,3840,3750,90
27067780500,4666,3403,1263
27067780600,4815,4497,318
27067780700,3800,3142,658
27067780800,2325,1645,680
27067781000,5333,4332,1001
27067781100,2804,2715,89
27067781200,2862,2785,77
27069090100,2455,2421,34
27069090200,1981,1929,52
27071790100,2106,2106,0
27071790200,5280,5267,13
27071790300,3169,3165,4
27071790500,2375,2367,8
27073180100,2224,2169,55
27073180200,1702,1698,4
27073180300,2990,2904,86
27075370100,4676,4610,66
27075370300,2190,2157,33
27075370400,3855,3805,50
27075990100,0,0,0
27077460300,1636,1588,48
27077460400,2265,2265,0
27079950100,6831,6745,86
27079950200,4450,3873,577
27079950300,4453,4353,100
27079950400,3801,3746,55
27079950500,4240,3548,692
27079950600,3875,3832,43
27081201001,3004,2964,40
27081201002,2789,2736,53
27083360100,3832,3627,205
27083360200,3207,3105,102
27083360300,4942,4802,140
27083360400,4067,3822,245
27083360500,4648,3798,850
27083360600,2805,2761,44
27083360700,2169,2169,0
27085950100,5412,5378,34
27085950200,4144,4094,50
27085950300,5564,5375,189
27085950400,7618,7243,375
27085950500,2786,2687,99
27085950600,4697,4237,460
27085950700,5705,4930,775
27087940100,3012,2902,110
27087940300,2468,2390,78
27089080100,2218,2204,14
27089080200,2277,2258,19
27089080300,2304,2087,217
27089080400,2607,2472,135
27091790100,2942,2878,64
27091790200,2589,2549,40
27091790300,2406,2399,7
27091790400,1861,1824,37
27091790500,6084,6013,71
27091790600,4311,3728,583
27093560100,5049,4920,129
27093560200,4930,4861,69
27093560300,3772,3754,18
27093560400,3142,2733,409
27093560500,3222,3170,52
27093560600,2979,2851,128
27095170400,5442,5335,107
27095170500,4360,4210,150
27095170600,2940,2887,53
27095170700,5540,5434,106
27095970100,2075,2037,38
27095970200,2917,2866,51
27095970300,2514,2491,23
27097780100,2952,2893,59
27097780200,3960,3875,85
27097780300,6159,6072,87
27097780400,2628,2615,13
27097780500,4971,4900,71
27097780600,5440,5394,46
27097780700,2453,2427,26
27097780800,4287,4183,104
27099000100,1968,1887,81
27099000200,2731,2551,180
27099000300,4804,4049,755
27099000410,4540,3361,1179
27099000600,3226,2706,520
27099000800,3896,3233,663
27099000900,4557,4070,487
27099001000,3790,3525,265
27099001200,2000,1967,33
27099001300,4375,4256,119
27099001400,3361,3350,11
27101900100,2032,2001,31
27101900200,3233,3045,188
27101900300,3198,3132,66
27103480100,3295,3253,42
27103480200,5583,5354,229
27103480300,4713,4340,373
27103480400,6180,5863,317
27103480501,6602,6301,301
27103480502,3307,3251,56
27103480600,3546,3480,66
27105105100,2793,2678,115
27105105200,3180,3072,108
27105105300,2444,2304,140
27105105400,4807,2521,2286
27105105500,3712,1901,1811
27105105600,4793,3592,1201
27107960100,2589,2551,38
27107960200,1875,1722,153
27107960300,2174,2045,129
27109000100,1577,1344,233
27109000200,5072,4663,409
27109000300,3030,2817,213
27109000400,3328,3250,78
27109000500,3179,2714,465
27109000600,4796,4219,577
27109000901,5910,4815,1095
27109000902,3656,3628,28
27109000903,3129,3091,38
27109001000,4673,4433,240
27109001100,2967,2844,123
27109001201,4582,4310,272
27109001202,3613,3351,262
27109001203,5397,5299,98
27109001301,4767,4682,85
27109001302,4597,4517,80
27109001401,4339,4309,30
27109001402,11820,11347,473
27109001501,3187,3040,147
27109001502,2547,2425,122
27109001503,2250,2105,145
27109001601,4272,4167,105
27109001602,3105,2837,268
27109001603,3645,3598,47
27109001701,4394,4277,117
27109001702,4935,4713,222
27109001703,5314,5169,145
27109001800,5057,5057,0
27109001900,7135,7015,120
27109002000,6870,6712,158
27109002100,6400,6177,223
27109002200,3998,3977,21
27109002300,6563,6245,318
27111960102,2578,2551,27
27111960103,2145,2130,15
27111960300,3349,2734,615
27111960400,2201,2166,35
27111960500,5057,4747,310
27111960600,4515,4444,71
27111960700,2487,2447,40
27111960800,3143,3115,28
27111960900,6048,5864,184
27111961000,4374,4114,260
27111961100,4412,4313,99
27111961200,2452,2439,13
27111961300,3954,3937,17
27111961400,2401,2387,14
27111961500,3117,3111,6
27111961600,2269,2257,12
27111961700,3192,3147,45
27113090100,2372,2238,134
27113090200,2776,2665,111
27113090300,1949,1915,34
27113090400,3069,2902,167
27113090500,3990,3957,33
27115950100,2232,2182,50
27115950200,2882,2820,62
27115950300,2844,2827,17
27115950400,4940,4549,391
27115950500,4799,4742,57
27115950600,4482,4391,91
27115950700,3642,3579,63
27115950800,3246,3174,72
27117460100,1495,1456,39
27117460200,1941,1702,239
27117460300,2211,2074,137
27117460400,1664,1625,39
27117460500,1974,1937,37
27119020100,4574,4285,289
27119020200,1328,1285,43
27119020300,2945,2839,106
27119020400,2065,2020,45
27119020500,2807,2717,90
27119020600,5659,5022,637
27119020700,2437,1940,497
27119020800,2415,2346,69
27119020900,3810,3754,56
27119021000,3510,3462,48
27121970100,2304,2231,73
27121970200,2921,2904,17
27121970300,2445,2417,28
27121970400,3305,3293,12
27123030100,4914,4739,175
27123030201,5427,5172,255
27123030202,2171,2153,18
27123030300,5573,5223,350
27123030400,6745,5971,774
27123030500,5937,5463,474
27123030601,6064,5047,1017
27123030602,4107,4050,57
27123030702,5213,4860,353
27123030703,3912,3681,231
27123030704,4310,3623,687
27123030800,5267,4754,513
27123030900,3994,3212,782
27123031000,4344,3481,863
27123031100,4044,3865,179
27123031200,2940,2650,290
27123031300,2429,2262,167
27123031400,3073,2710,363
27123031500,2803,2589,214
27123031600,4368,3666,702
27123031701,2937,2563,374
27123031702,6175,4991,1184
27123031801,4956,4024,932
27123031802,4001,3590,411
27123031900,2145,2110,35
27123032000,3382,3108,274
27123032100,3359,3139,220
27123032200,2479,2443,36
27123032300,3298,3111,187
27123032400,2830,2783,47
27123032500,4070,3762,308
27123032600,3666,3343,323
27123032700,2747,2444,303
27123033000,1859,1532,327
27123033100,1577,1258,319
27123033200,3122,2946,176
27123033300,3233,2917,316
27123033400,2993,2864,129
27123033500,3937,3629,308
27123033600,1639,1608,31
27123033700,1484,1300,184
27123033800,2255,2020,235
27123033900,1628,1611,17
27123034000,1762,1687,75
27123034201,2161,2161,0
27123034202,5573,5247,326
27123034400,2133,1946,187
27123034500,4213,3897,316
27123034601,4986,4409,577
27123034602,4518,3660,858
27123034701,4808,4288,520
27123034702,3868,3116,752
27123034900,3566,3493,73
27123035000,2807,2764,43
27123035100,3662,3401,261
27123035200,3307,3132,175
27123035300,3938,3719,219
27123035500,2166,2065,101
27123035700,2613,2456,157
27123035800,2888,2792,96
27123035900,660,626,34
27123036000,2370,2328,42
27123036100,1705,1241,464
27123036300,3646,3516,130
27123036400,3791,3667,124
27123036500,3693,3663,30
27123036600,4136,4047,89
27123036700,4664,4082,582
27123036800,2420,2202,218
27123036900,1952,1825,127
27123037000,2852,2317,535
27123037100,5068,3628,1440
27123037200,6064,3981,2083
27123037402,4176,3819,357
27123037403,6497,6216,281
27123037500,5104,4747,357
27123037601,4028,3970,58
27123037602,5469,4949,520
27123040100,6890,6769,121
27123040200,1969,1969,0
27123040301,2011,1808,203
27123040302,5299,5204,95
27123040401,3498,3407,91
27123040402,5200,5088,112
27123040502,2885,2858,27
27123040503,3627,3504,123
27123040504,4229,4156,73
27123040601,5612,5461,151
27123040603,5477,5329,148
27123040604,7645,7393,252
27123040703,7216,7152,64
27123040704,5464,5051,413
27123040705,4218,4126,92
27123040706,4852,4760,92
27123040707,4411,4326,85
27123040801,3382,3236,146
27123040802,1894,1836,58
27123040803,4850,4752,98
27123040901,2238,2157,81
27123040902,4072,3437,635
27123041001,3430,3198,232
27123041002,3216,3020,196
27123041103,3308,3025,283
27123041104,2991,2983,8
27123041105,5488,5279,209
27123041106,3485,3395,90
27123041107,6035,5723,312
27123041200,4234,3684,550
27123041301,3920,3840,80
27123041302,4095,3796,299
27123041400,6043,5780,263
27123041500,4682,4549,133
27123041601,6071,5609,462
27123041602,3843,3637,206
27123041700,2934,2764,170
27123041800,3666,3366,300
27123041900,3411,3339,72
27123042001,2123,2068,55
27123042002,2472,2401,71
27123042101,5760,5228,532
27123042102,4423,4317,106
27123042201,1430,1236,194
27123042202,5511,4917,594
27123042301,2922,2879,43
27123042302,4777,4329,448
27123042401,6419,5984,435
27123042402,5926,5579,347
27123042501,5438,5060,378
27123042503,3209,3117,92
27123042504,4065,3970,95
27123042601,4845,4622,223
27123042602,2253,2043,210
27123042700,5004,4668,336
27123042800,2327,2248,79
27123042900,3886,3757,129
27123043000,6276,6030,246
27123980000,0,0,0
27125010100,1918,1858,60
27125010200,2124,2055,69
27127750100,2737,2625,112
27127750200,3131,3131,0
27127750300,2240,2079,161
27127750400,2880,2847,33
27127750500,2794,2770,24
27127750600,1796,1675,121
27129790100,2814,2590,224
27129790200,1766,1750,16
27129790300,1891,1774,117
27129790400,2657,2373,284
27129790500,3239,2915,324
27129790600,2628,2447,181
27131070100,6909,6836,73
27131070200,5471,5377,94
27131070300,4504,4267,237
27131070400,4447,4423,24
27131070501,4462,4149,313
27131070503,3046,3013,33
27131070504,3914,3780,134
27131070601,3621,2711,910
27131070602,5065,4761,304
27131070700,7346,6779,567
27131070800,7501,7000,501
27131070901,5002,4000,1002
27131070902,3828,2961,867
27133570100,2430,2423,7
27133570200,3607,3499,108
27133570300,3517,3386,131
27135970100,4212,4166,46
27135970200,2249,2237,12
27135970300,3791,3731,60
27135970400,3450,3422,28
27135970500,1907,1887,20
27137000100,4494,4441,53
27137000200,4251,4217,34
27137000300,7596,7167,429
27137000400,5511,5450,61
27137000500,3162,3133,29
27137000600,4976,4974,2
27137000700,2923,2868,55
27137000900,3691,3651,40
27137001000,2438,2380,58
27137001100,1225,1167,58
27137001200,1631,1541,90
27137001300,1950,1950,0
27137001400,2833,2788,45
27137001600,1468,1332,136
27137001700,1378,1352,26
27137001800,1853,1732,121
27137001900,1604,1577,27
27137002000,1310,1296,14
27137002200,1171,1167,4
27137002300,4178,4178,0
27137002400,1000,968,32
27137002600,1981,1950,31
27137002900,1644,1594,50
27137003000,1427,1381,46
27137003300,2595,2556,39
27137003400,1562,1529,33
27137003600,1718,1710,8
27137003700,2001,1964,37
27137003800,2904,2862,42
27137010100,2773,2760,13
27137010200,1629,1629,0
27137010300,8951,8829,122
27137010400,3465,3450,15
27137010500,3907,3795,112
27137010600,6314,6247,67
27137011100,7031,6940,91
27137011200,3265,3246,19
27137011300,2055,2040,15
27137011400,3287,3274,13
27137012100,4740,4605,135
27137012200,2043,1991,52
27137012300,2443,2399,44
27137012400,4440,4426,14
27137012500,2613,2590,23
27137012600,4996,4888,108
27137012700,2423,2402,21
27137012800,2921,2911,10
27137013000,2225,2207,18
27137013100,2571,2564,7
27137013200,3798,3751,47
27137013300,3685,3666,19
27137013400,2967,2952,15
27137013500,1734,1734,0
27137013600,1851,1833,18
27137013800,1714,1713,1
27137013900,2236,2236,0
27137014000,2080,2080,0
27137014100,1582,1579,3
27137015100,2694,2673,21
27137015200,3431,3405,26
27137015300,3441,3441,0
27137015400,3319,3309,10
27137015500,3762,3730,32
27137015600,2692,2641,51
27137015700,5152,5009,143
27137015800,3648,3590,58
27137990100,0,0,0
27139080100,2262,1908,354
27139080201,2597,2597,0
27139080202,4878,4837,41
27139080203,8089,7844,245
27139080204,3217,3125,92
27139080205,8356,8083,273
27139080301,11742,10876,866
27139080302,15269,13702,1567
27139080400,3840,3259,581
27139080500,2781,2643,138
27139080600,4564,4545,19
27139080700,3402,2769,633
27139080800,8449,7766,683
27139080903,8011,7855,156
27139080904,7734,7571,163
27139080905,5228,5177,51
27139080906,4911,4756,155
27139081000,8315,8049,266
27139081100,10982,10915,67
27139081200,6297,6144,153
27139081300,8566,8452,114
27141030101,11325,11029,296
27141030102,7783,7739,44
27141030200,7400,7260,140
27141030300,6212,6177,35
27141030402,9802,8955,847
27141030403,9186,8997,189
27141030404,8908,8868,40
27141030502,11446,11338,108
27141030503,6491,6325,166
27141030504,5323,5313,10
27141031500,7312,6954,358
27143170198,4339,4203,136
27143170200,3754,3415,339
27143170300,3102,2782,320
27143170400,3762,3320,442
27145000301,3635,3565,70
27145000302,7990,7833,157
27145000401,5503,5427,76
27145000402,5003,4916,87
27145000500,7331,6713,618
27145000601,3689,3584,105
27145000602,2716,2674,42
27145000701,2718,2620,98
27145000801,3212,3160,52
27145000901,4766,4611,155
27145001001,8205,8054,151
27145010101,6994,6936,58
27145010102,8868,8633,235
27145010200,5831,5794,37
27145010401,3970,3923,47
27145010402,4039,3974,65
27145010403,3108,3089,19
27145010500,4092,4016,76
27145010600,3921,3250,671
27145010900,3634,3601,33
27145011000,4029,3812,217
27145011100,7298,7218,80
27145011200,6474,6418,56
27145011301,8120,7914,206
27145011302,7010,6731,279
27145011304,6348,5995,353
27145011400,5409,5276,133
27145011500,6336,5976,360
27145011600,3412,3203,209
27147960100,4757,4334,423
27147960200,6137,5859,278
27147960300,6264,5841,423
27147960400,4169,3336,833
27147960500,2744,2720,24
27147960600,3864,3590,274
27147960700,4997,4755,242
27147960800,3609,3470,139
27149480100,2415,2358,57
27149480200,4278,4142,136
27149480300,3069,2815,254
27151960100,2373,2197,176
27151960200,3192,3062,130
27151960300,1658,1640,18
27151960400,2260,2177,83
27153790100,3183,3127,56
27153790200,2669,2660,9
27153790300,3179,3135,44
27153790400,3424,3386,38
27153790500,2496,2487,9
27153790600,3783,2671,1112
27153790700,3902,3894,8
27153790800,1699,1676,23
27155460100,2117,2053,64
27155460200,1280,1267,13
27157490100,2862,2706,156
27157490200,3240,3182,58
27157490300,4045,3851,194
27157490400,4374,4292,82
27157490500,3404,3312,92
27157490600,3402,3371,31
27159480100,3353,3294,59
27159480200,5481,5407,74
27159480300,4921,4818,103
27161790100,3655,3540,115
27161790200,2562,2408,154
27161790300,2865,2710,155
27161790400,5632,5498,134
27161790500,4320,3799,521
27163070103,5050,4914,136
27163070104,3175,3036,139
27163070105,4183,4154,29
27163070106,6800,6584,216
27163070203,8328,8264,64
27163070204,5895,5659,236
27163070205,4029,3843,186
27163070206,3603,3573,30
27163070301,1721,1678,43
27163070303,5043,5005,38
27163070304,4857,4740,117
27163070403,3945,3913,32
27163070404,3591,3570,21
27163070405,4703,4686,17
27163070406,3742,3438,304
27163070501,3394,3348,46
27163070502,4465,4409,56
27163070601,6153,5963,190
27163070602,3136,3078,58
27163070701,7026,6981,45
27163070703,3393,3336,57
27163070704,2085,2074,11
27163070801,1543,1452,91
27163070802,418,369,49
27163070906,5140,4830,310
27163070907,5266,5218,48
27163070909,5322,5180,142
27163070910,5189,4424,765
27163070911,4763,4463,300
27163070912,3069,2991,78
27163071001,4784,4418,366
27163071003,3459,3320,139
27163071006,4588,4249,339
27163071010,5168,5107,61
27163071011,2972,2967,5
27163071012,5376,5003,373
27163071013,4986,4808,178
27163071014,4228,3903,325
27163071015,6591,6290,301
27163071016,4595,4432,163
27163071017,7652,7263,389
27163071018,15759,14938,821
27163071101,3598,3520,78
27163071102,4712,4581,131
27163071206,10782,10213,569
27163071207,6775,6489,286
27163071208,5074,4784,290
27163071209,5915,5715,200
27163071300,5352,5081,271
27163071400,7352,6998,354
27165950100,3687,3110,577
27165950200,4553,2859,1694
27165950300,2756,2538,218
27167950100,3200,3168,32
27167950200,3279,3229,50
27169670100,7584,7123,461
27169670200,3142,3020,122
27169670300,6697,6548,149
27169670400,4757,4734,23
27169670500,4883,4815,68
27169670600,4264,4243,21
27169670700,3823,3775,48
27169670800,7268,7178,90
27169670900,3713,3579,134
27169671000,5014,4730,284
27171100100,14530,14223,307
27171100202,1382,1354,28
27171100203,5701,5370,331
27171100204,9377,8912,465
27171100300,5671,5606,65
27171100400,5108,4808,300
27171100500,4593,4546,47
27171100701,6172,5968,204
27171100702,7723,7523,200
27171100703,9120,9035,85
27171100801,13503,13503,0
27171100802,13882,13572,310
27171100900,7531,7079,452
27171101000,8599,8556,43
27171101100,7778,7524,254
27171101200,4115,3941,174
27171101300,5137,4900,237
27173970100,3128,2949,179
27173970200,2406,2374,32
27173970300,2436,2402,34
27173970400,2068,1897,171
28001000100,8018,6350,1668
28001000200,3623,3547,76
28001000300,2069,1989,80
28001000400,2836,2815,21
28001000500,3880,3382,498
28001000600,2324,2324,0
28001000700,1655,1624,31
28001000800,3337,3337,0
28001000900,4005,3841,164
28003950100,5672,5615,57
28003950200,7259,7055,204
28003950300,3833,3440,393
28003950400,5042,5033,9
28003950500,6672,6381,291
28003950600,4441,4316,125
28003950700,4390,4315,75
28005950100,4398,4363,35
28005950200,3752,3752,0
28005950300,4542,4542,0
28007060100,3311,3300,11
28007060200,2322,2311,11
28007060300,2963,2850,113
28007060400,3059,2926,133
28007060500,3591,3565,26
28007060600,3839,3762,77
28009950100,5798,5670,128
28009950200,2580,2518,62
28011950100,3730,3684,46
28011950200,2427,2423,4
28011950300,3110,3081,29
28011950400,4069,4000,69
28011950500,5585,5149,436
28011950600,6625,6556,69
28011950701,4615,4565,50
28011950702,3454,3454,0
28013950100,3732,3521,211
28013950200,1493,1444,49
28013950300,3035,3004,31
28013950400,3510,3098,412
28013950500,2954,2843,111
28015950100,4800,4773,27
28015950200,5501,5476,25
28017950100,4283,4231,52
28017950200,3371,3314,57
28017950300,4402,3785,617
28017950400,5301,5299,2
28019950100,2768,2768,0
28019950200,3866,3855,11
28019950300,1686,1675,11
28021950100,2930,2930,0
28021950200,1446,1420,26
28021950300,4833,4737,96
28023950100,4116,4092,24
28023950200,5738,5628,110
28023950300,3463,3463,0
28023950400,2886,2857,29
28025950100,5536,5337,199
28025950200,2285,2272,13
28025950300,3837,3823,14
28025950400,4742,4728,14
28025950500,3747,3730,17
28027950100,3697,3688,9
28027950200,2694,2657,37
28027950300,3250,3245,5
28027950400,3673,3673,0
28027950500,5350,5350,0
28027950600,1019,1019,0
28027950700,5121,5121,0
28029950100,6233,5944,289
28029950200,4615,4334,281
28029950300,4067,4067,0
28029950400,4958,4746,212
28029950500,5905,5856,49
28029950600,3002,3002,0
28031950100,5452,5420,32
28031950200,2043,2011,32
28031950300,4650,4626,24
28031950400,7358,7301,57
28033070101,3023,2863,160
28033070102,4423,4245,178
28033070210,6295,5861,434
28033070221,4180,4130,50
28033070222,4080,3760,320
28033070310,4072,3581,491
28033070322,3767,3669,98
28033070323,6134,5655,479
28033070324,5039,4768,271
28033070325,3026,2499,527
28033070411,1662,1655,7
28033070412,4251,3980,271
28033070421,2651,2620,31
28033070422,2510,2458,52
28033070520,10348,9873,475
28033070521,3883,3376,507
28033070522,4573,4410,163
28033070610,3025,2970,55
28033070620,7424,7362,62
28033070630,11271,10972,299
28033070710,6451,6268,183
28033070721,4385,4178,207
28033070722,5555,5461,94
28033070811,5706,5622,84
28033070812,5977,5480,497
28033070821,4969,4831,138
28033070822,5271,4842,429
28033070830,6129,5626,503
28033070900,4504,4430,74
28033071000,9453,9081,372
28033071110,6734,6552,182
28033071120,6733,6353,380
28033071200,3386,3350,36
28035000200,2843,2714,129
28035000300,3360,3338,22
28035000500,1282,1043,239
28035000600,7657,7625,32
28035000700,3222,3036,186
28035000800,5778,5727,51
28035000900,3955,3820,135
28035001000,4278,4150,128
28035001100,3855,3739,116
28035010101,6603,6135,468
28035010102,5868,5782,86
28035010200,6683,6643,40
28035010300,4008,3763,245
28035010400,3238,3083,155
28035010500,3732,3662,70
28035010600,8329,8173,156
28035010700,1583,1497,86
28037950100,5318,5237,81
28037950200,2500,2500,0
28039950101,5917,5884,33
28039950102,4634,4470,164
28039950200,2816,2633,183
28039950301,7166,7001,165
28039950302,2780,2780,0
28041950100,7987,7933,54
28041950200,5954,5862,92
28043950100,5996,5996,0
28043950200,5020,5020,0
28043950300,3023,3014,9
28043950400,2821,2804,17
28043950500,4658,4658,0
28045030100,4953,4889,64
28045030200,5977,5794,183
28045030300,10799,10370,429
28045030400,2440,2420,20
28045030500,8459,8059,400
28045030601,7227,7148,79
28045030602,6173,5654,519
28045990000,0,0,0
28047000100,254,254,0
28047000300,2121,2017,104
28047000600,1193,1167,26
28047000900,3650,3236,414
28047001201,4652,4260,392
28047001202,6170,5326,844
28047001300,2940,2651,289
28047001400,1956,1837,119
28047001501,3606,3354,252
28047001502,5027,4485,542
28047001600,3591,3367,224
28047001700,5546,5493,53
28047001800,2580,2499,81
28047001900,2903,2467,436
28047002000,3487,3205,282
28047002300,1998,1931,67
28047002400,4249,4177,72
28047002500,1777,1517,260
28047002600,3483,3469,14
28047002700,5971,5842,129
28047002800,2599,2560,39
28047002900,1503,1434,69
28047003000,3793,3793,0
28047003101,7219,6959,260
28047003102,7525,7157,368
28047003204,3764,3432,332
28047003205,6688,6663,25
28047003206,9688,8991,697
28047003207,5928,5672,256
28047003208,4531,3986,545
28047003301,9351,8693,658
28047003303,6323,5918,405
28047003304,4138,3780,358
28047003402,12833,12800,33
28047003403,1978,1932,46
28047003404,4897,4897,0
28047003501,9491,9363,128
28047003502,5536,5513,23
28047003504,7187,7011,176
28047003505,7552,6910,642
28047003600,1009,891,118
28047003700,3121,2814,307
28047003800,1373,1138,235
28047003900,3294,3072,222
28047980000,95,68,27
28047990000,0,0,0
28049000100,4818,4748,70
28049000200,5198,5165,33
28049000301,2601,2601,0
28049000302,3820,3812,8
28049000400,3596,3516,80
28049000500,5985,5952,33
28049000600,3115,3115,0
28049000700,6321,6321,0
28049000800,4442,4442,0
28049000900,1948,1948,0
28049001000,1525,1525,0
28049001100,1707,1707,0
28049001200,1913,1907,6
28049001300,3888,3835,53
28049001400,2850,2811,39
28049001500,3243,3216,27
28049001600,3794,3740,54
28049001900,1926,1926,0
28049002000,1030,1030,0
28049002100,2822,2822,0
28049002200,2270,2260,10
28049002300,2834,2774,60
28049002400,4077,4077,0
28049002500,2055,2054,1
28049002700,1043,1024,19
28049003000,2071,2062,9
28049003200,1271,1271,0
28049003300,6626,6418,208
28049003400,3431,3364,67
28049003500,3866,3866,0
28049003600,3739,3739,0
28049003700,3104,3038,66
28049003800,3002,2921,81
28049010101,6961,6893,68
28049010102,5741,5150,591
28049010201,3539,3465,74
28049010202,6005,5908,97
28049010203,2798,2798,0
28049010301,2875,2875,0
28049010304,6121,5923,198
28049010305,3703,3638,65
28049010400,3690,3494,196
28049010500,7920,7759,161
28049010600,5055,5005,50
28049010700,6808,6788,20
28049010801,1442,1312,130
28049010804,1551,1405,146
28049010805,3756,3545,211
28049010806,3637,3537,100
28049010807,3659,3642,17
28049010808,4663,4573,90
28049010809,3013,3013,0
28049010901,2283,2253,30
28049010902,1791,1753,38
28049011001,6431,6277,154
28049011002,4611,4611,0
28049011101,2836,2807,29
28049011102,10571,10504,67
28049011103,6051,6031,20
28049011201,2874,2858,16
28049011202,9415,9338,77
28049011300,3978,3882,96
28049011400,1048,1025,23
28049011500,3839,3811,28
28051950100,4367,4352,15
28051950200,4070,4070,0
28051950300,2470,2470,0
28051950400,2465,2465,0
28051950500,5175,5132,43
28053950100,2851,2714,137
28053950200,1801,1774,27
28053950300,4170,4097,73
28055950100,1352,1344,8
28057950100,4934,4728,206
28057950200,6113,6099,14
28057950300,3351,3343,8
28057950400,5264,5239,25
28057950500,3849,3764,85
28059040101,7343,7279,64
28059040102,6859,6776,83
28059040201,7557,7528,29
28059040203,4864,4716,148
28059040204,7315,6912,403
28059040300,8245,8175,70
28059040400,8350,8218,132
28059040500,3730,3529,201
28059040600,5765,5233,532
28059040700,8718,7934,784
28059040800,6300,5985,315
28059040900,12761,11800,961
28059041000,4919,4765,154
28059041100,6787,5696,1091
28059041300,5726,5726,0
28059041400,3227,3073,154
28059041500,1057,1019,38
28059041600,2840,2728,112
28059041700,2247,2217,30
28059041800,2889,2889,0
28059041900,2566,2400,166
28059042000,4281,3405,876
28059042100,2830,2564,266
28059042200,5279,4584,695
28059042500,2206,2044,162
28059042600,2852,2709,143
28059042700,1072,1064,8
28059042900,2265,2126,139
28059990000,0,0,0
28061950100,4817,4817,0
28061950200,1991,1991,0
28061950300,4785,4783,2
28061950400,4945,4893,52
28063950100,5849,5849,0
28063950200,1679,1669,10
28065950100,5505,5487,18
28065950201,3071,3049,22
28065950202,3195,3195,0
28067950100,6663,6570,93
28067950200,5894,5831,63
28067950301,4665,4665,0
28067950302,3234,2990,244
28067950401,3688,3639,49
28067950402,4944,4699,245
28067950500,3972,3754,218
28067950600,7197,6534,663
28067950700,4238,4214,24
28067950800,5114,5062,52
28067950900,7655,6841,814
28067951000,3726,3676,50
28067951100,7323,6947,376
28067980000,0,0,0
28069030100,5599,5530,69
28069030200,4529,4447,82
28071950100,4755,4383,372
28071950201,3819,3806,13
28071950202,5010,4839,171
28071950301,6530,6409,121
28071950302,3935,3885,50
28071950401,7683,7480,203
28071950402,3537,3478,59
28071950501,7286,7276,10
28071950502,2520,2507,13
28071950503,7118,6898,220
28073020100,8469,8253,216
28073020201,7059,7036,23
28073020202,8639,8532,107
28073020301,8993,8423,570
28073020302,10234,9897,337
28073020400,6809,6667,142
28073020500,6218,6178,40
28073020600,3202,3169,33
28075000200,2992,2925,67
28075000300,2425,2407,18
28075000400,5324,5323,1
28075000600,1641,1641,0
28075000700,3710,3678,32
28075000800,2203,2199,4
28075000900,5456,5117,339
28075001000,4161,4064,97
28075001101,3491,3491,0
28075001102,4077,4052,25
28075010201,6749,6683,66
28075010202,7222,6946,276
28075010301,5913,5886,27
28075010302,7008,6899,109
28075010400,2668,2647,21
28075010500,5465,5326,139
28075010600,7219,6737,482
28075010700,1456,1450,6
28075980000,53,53,0
28077960100,4557,4486,71
28077960200,4680,4670,10
28077960300,3366,3366,0
28079040100,3084,3084,0
28079040400,7005,6986,19
28079040500,2933,2876,57
28079040600,6086,5191,895
28079040700,3903,3887,16
28081950101,5376,5262,114
28081950102,3966,3949,17
28081950201,7500,7422,78
28081950202,5694,5622,72
28081950301,5165,4812,353
28081950302,3135,3079,56
28081950401,4136,4066,70
28081950402,7336,7326,10
28081950500,6173,6111,62
28081950601,4260,4169,91
28081950602,4250,4190,60
28081950700,3606,3390,216
28081950800,3306,3108,198
28081950901,2983,2945,38
28081950902,4675,4285,390
28081951001,3930,3862,68
28081951002,3730,3609,121
28081951100,6060,6012,48
28081980000,0,0,0
28083950100,1095,1095,0
28083950200,3324,3316,8
28083950300,5403,5116,287
28083950400,5007,4823,184
28083950600,5071,5035,36
28083950700,2241,2094,147
28083950800,3961,3952,9
28083950900,4398,4308,90
28085950100,3710,3699,11
28085950200,5704,5704,0
28085950300,7654,7591,63
28085950400,6999,6729,270
28085950500,5265,5260,5
28085950600,5359,5359,0
28087000101,6271,6201,70
28087000102,2841,2733,108
28087000200,1489,1334,155
28087000300,7820,7657,163
28087000401,7415,7358,57
28087000403,4377,4377,0
28087000404,4000,3752,248
28087000500,4174,4119,55
28087000600,4051,4051,0
28087000700,5516,5516,0
28087000800,2635,2603,32
28087000900,5065,4834,231
28087001000,2373,2347,26
28087001100,1758,1758,0
28089030101,7124,7006,118
28089030104,2884,2884,0
28089030105,3364,3098,266
28089030106,5048,4564,484
28089030107,2742,2733,9
28089030108,5193,4989,204
28089030201,8280,8225,55
28089030202,4931,4907,24
28089030203,3140,3140,0
28089030204,4072,3996,76
28089030205,2627,2627,0
28089030206,1831,1785,46
28089030301,5728,5695,33
28089030302,7178,7085,93
28089030400,15417,15049,368
28089030500,7860,7301,559
28089030600,3572,3408,164
28089030700,942,835,107
28089030800,2349,2232,117
28089030900,5703,5620,83
28089031000,1806,1806,0
28091950100,5547,5477,70
28091950200,3355,3332,23
28091950300,3573,3456,117
28091950400,3700,3596,104
28091950500,4456,4408,48
28091950600,5179,5179,0
28093950100,6294,6010,284
28093950200,8509,7850,659
28093950300,6157,6089,68
28093950401,2952,2893,59
28093950402,4821,4730,91
28093950500,7463,7382,81
28095950100,5448,5400,48
28095950200,7003,6850,153
28095950300,3963,3949,14
28095950400,3290,3290,0
28095950501,3693,3667,26
28095950502,4103,4021,82
28095950600,3001,2962,39
28095950700,2342,2323,19
28095950800,3186,3181,5
28097950100,2629,2623,6
28097950200,2655,2510,145
28097950300,5069,5069,0
28099010100,5495,5469,26
28099010200,2838,2838,0
28099010400,3786,3653,133
28099010500,3136,3038,98
28099010600,4999,4766,233
28099010700,4862,4844,18
28099940100,4358,4310,48
28101050100,2865,2865,0
28101050200,3405,3396,9
28101050300,6356,6255,101
28101050400,5314,5155,159
28101050500,3712,3607,105
28103950100,5508,5206,302
28103950200,3312,3304,8
28103950300,2278,2149,129
28105950100,8282,7966,316
28105950200,6284,6268,16
28105950300,3661,3661,0
28105950400,7847,7782,65
28105950500,4252,4186,66
28105950601,4965,4857,108
28105950602,6029,5863,166
28105950700,8104,8037,67
28107950100,7571,7500,71
28107950200,2981,2959,22
28107950300,4660,4531,129
28107950400,4979,4909,70
28107950500,7042,6779,263
28107950600,7086,7086,0
28109950100,5670,5506,164
28109950200,5443,5344,99
28109950300,3324,3268,56
28109950401,6528,6386,142
28109950402,7145,6898,247
28109950501,7700,7348,352
28109950502,8011,7822,189
28109950600,4265,4016,249
28109950700,7081,6960,121
28111950101,4574,4515,59
28111950102,3734,3672,62
28111950200,3866,3831,35
28113950101,4669,4669,0
28113950102,4207,4143,64
28113950200,5080,4969,111
28113950300,5279,4967,312
28113950400,3251,3237,14
28113950500,6754,6754,0
28113950600,6795,6795,0
28113950700,3904,3835,69
28115950101,4395,4339,56
28115950102,5801,5282,519
28115950200,5686,5134,552
28115950300,5624,5025,599
28115950400,4507,4436,71
28115950500,4849,4760,89
28117950100,6241,6241,0
28117950200,5665,5555,110
28117950300,6660,6580,80
28117950400,4790,4661,129
28117950500,1983,1974,9
28119950100,2294,2258,36
28119950200,1683,1683,0
28119950300,3657,3604,53
28121020101,4325,4325,0
28121020102,11132,11010,122
28121020206,9576,9484,92
28121020207,6600,6393,207
28121020208,6163,5989,174
28121020209,4421,4337,84
28121020210,4713,4678,35
28121020211,9022,8982,40
28121020212,3203,3121,82
28121020213,1452,1420,32
28121020301,3189,3189,0
28121020302,8311,7887,424
28121020401,4356,3790,566
28121020402,6183,6006,177
28121020500,4653,4631,22
28121020600,9092,8843,249
28121020701,1116,945,171
28121020703,1863,1792,71
28121020704,5991,5362,629
28121020801,2310,2264,46
28121020802,13090,12657,433
28121020803,2140,2098,42
28121020900,7818,7785,33
28121021001,5794,5794,0
28121021002,6479,6462,17
28121021003,4859,4842,17
28121980000,79,79,0
28123020100,6261,5761,500
28123020200,4621,4576,45
28123020300,5104,5014,90
28123020400,3198,2089,1109
28123020500,5096,3910,1186
28123020600,3988,3879,109
28125950100,2425,2425,0
28125950200,2237,2219,18
28127950100,4772,4755,17
28127950200,3823,3745,78
28127950300,6349,6349,0
28127950400,7561,7546,15
28127950500,4774,4401,373
28129950100,4925,4913,12
28129950200,5989,5984,5
28129950300,5223,5197,26
28131020100,4028,3827,201
28131020201,6897,6850,47
28131020202,7070,7003,67
28133950100,6752,6722,30
28133950200,4391,4316,75
28133950300,2514,2355,159
28133950401,3489,3368,121
28133950402,5564,5564,0
28133950500,2489,2452,37
28133950600,2225,2213,12
28135950100,3862,3862,0
28135950200,2324,2324,0
28135950300,6223,4007,2216
28135950400,2367,2340,27
28137950100,5284,5221,63
28137950200,7069,6853,216
28137950301,3980,3899,81
28137950302,6142,6088,54
28137950400,5863,5579,284
28139950100,4715,4673,42
28139950200,6492,6382,110
28139950300,2828,2739,89
28139950400,8026,7217,809
28141950100,2986,2900,86
28141950200,2441,2441,0
28141950300,6314,6292,22
28141950400,7762,7334,428
28143950100,5592,5592,0
28143950200,4815,4636,179
28143980000,0,0,0
28145950100,4766,4588,178
28145950200,5032,4913,119
28145950300,4506,4285,221
28145950400,4365,3838,527
28145950500,5368,5284,84
28145950600,3952,3861,91
28147950100,6781,6781,0
28147950200,1801,1766,35
28147950300,6230,6188,42
28149950100,4559,4407,152
28149950200,3811,3811,0
28149950300,2939,2937,2
28149950400,3122,2993,129
28149950500,2692,2330,362
28149950600,5811,5811,0
28149950700,2288,2288,0
28149950800,3880,3734,146
28149950901,5070,5034,36
28149950902,4283,4266,17
28149951101,4845,4766,79
28149951102,4534,4455,79
28151000100,1607,1534,73
28151000200,1920,1910,10
28151000300,3265,3265,0
28151000400,2464,2464,0
28151000600,2854,2841,13
28151000701,3837,3818,19
28151000702,3675,3633,42
28151000800,3489,3470,19
28151000900,2810,2810,0
28151001000,1072,1027,45
28151001100,1468,1468,0
28151001200,2679,2679,0
28151001300,2508,2407,101
28151001400,3584,3567,17
28151001500,4581,4370,211
28151001600,1951,1886,65
28151001700,2563,2513,50
28151002000,1331,1326,5
28151002100,1166,1166,0
28153950100,5081,5081,0
28153950200,4948,4794,154
28153950300,4900,4757,143
28153950400,5588,5588,0
28155950100,4653,4555,98
28155950200,3520,3489,31
28155950300,1749,1741,8
28157950100,4366,4334,32
28157950200,4867,4867,0
28159950100,3059,3036,23
28159950200,4099,4069,30
28159950300,3771,3677,94
28159950400,3595,3595,0
28159950500,3995,3931,64
28161950100,3216,3189,27
28161950200,3852,3816,36
28161950300,5312,5193,119
28163950100,7624,6768,856
28163950200,2992,2987,5
28163950300,4948,4939,9
28163950400,1732,1713,19
28163950500,4640,4522,118
28163950600,5783,5783,0
29001950100,3757,3754,3
29001950200,2790,2673,117
29001950300,3316,3254,62
29001950400,3950,3884,66
29001950500,7001,6819,182
29001950900,2444,2291,153
29001951000,2289,2241,48
29003010100,5698,5467,231
29003010200,6592,6475,117
29003010300,2044,2034,10
29003010400,3013,2986,27
29005950100,3019,2991,28
29005950200,2361,2323,38
29007950100,4462,4422,40
29007950200,4654,4575,79
29007950300,3746,3655,91
29007950400,3022,2884,138
29007950500,3342,3189,153
29007950600,2866,2859,7
29007950700,3776,3541,235
29009960100,6416,6416,0
29009960200,6408,5652,756
29009960300,6244,4745,1499
29009960401,4434,4373,61
29009960402,3205,2853,352
29009960500,6104,5728,376
29009960600,2905,2871,34
29011960100,2673,2505,168
29011960200,3835,3816,19
29011960300,5567,5469,98
29013070100,5173,5138,35
29013070200,4257,4083,174
29013070300,4567,4449,118
29013070400,2516,2511,5
29015460100,3327,3186,141
29015460200,2341,2296,45
29015460300,4601,4480,121
29015460400,2006,2003,3
29015460700,2792,2792,0
29015460800,3758,3728,30
29017950100,4782,4719,63
29017950200,4420,4354,66
29017950300,3080,3080,0
29019000200,1827,1720,107
29019000300,3224,3128,96
29019000500,2769,2684,85
29019000600,5200,4985,215
29019000700,3479,3413,66
29019000900,1513,1417,96
29019001001,5021,4978,43
29019001002,6611,5923,688
29019001101,9771,9451,320
29019001103,7258,7193,65
29019001104,11718,11578,140
29019001201,5990,5748,242
29019001202,5592,5551,41
29019001300,3667,3535,132
29019001400,12641,12139,502
29019001502,6205,5862,343
29019001503,4144,3967,177
29019001504,8588,8132,456
29019001601,8418,8190,228
29019001602,3646,3561,85
29019001701,7727,7674,53
29019001702,4719,4528,191
29019001803,4563,4400,163
29019001805,9301,8957,344
29019001901,4344,4277,67
29019001902,8657,8510,147
29019002000,5220,5170,50
29019002100,3643,3560,83
29019002200,7317,7048,269
29021000100,5781,5160,621
29021000200,4355,4181,174
29021000300,3373,3138,235
29021000400,1781,1675,106
29021000500,2963,2702,261
29021000600,5428,4947,481
29021000701,4469,4421,48
29021000702,4671,4607,64
29021000900,4860,4502,358
29021001000,3218,2904,314
29021001100,2657,2364,293
29021001200,1777,1726,51
29021001500,5034,4823,211
29021001600,2301,2301,0
29021001700,4259,4031,228
29021001800,3156,2918,238
29021002100,2565,2384,181
29021002200,1869,1812,57
29021002300,2788,2515,273
29021002400,2207,1985,222
29021002500,2214,2045,169
29021002700,3105,3028,77
29021002800,5440,5332,108
29021002900,3124,3006,118
29021003000,6020,5451,569
29023950100,6048,5886,162
29023950201,5486,5476,10
29023950202,5156,5156,0
29023950300,6783,6481,302
29023950400,3576,3523,53
29023950500,2634,2540,94
29023950600,4271,4242,29
29023950700,2923,2879,44
29023950800,2776,2657,119
29023950900,3234,3226,8
29025950100,2539,2497,42
29025950200,6518,6380,138
29027070100,4810,4500,310
29027070200,3236,3234,2
29027070300,7436,7265,171
29027070400,5602,5413,189
29027070500,4725,4654,71
29027070600,7109,7040,69
29027070700,6524,6479,45
29027070800,5251,5231,20
29029950100,4092,4073,19
29029950200,6600,5882,718
29029950300,2262,2189,73
29029950400,3918,3864,54
29029950500,3633,3551,82
29029950600,3653,3585,68
29029950700,3711,3686,25
29029950800,7660,7634,26
29029950900,4151,4109,42
29029951100,2160,2136,24
29029951200,2312,2296,16
29031880100,5617,5435,182
29031880200,3843,3763,80
29031880300,4060,4049,11
29031880400,7458,7208,250
29031880500,10272,10122,150
29031880600,6148,5994,154
29031880700,4942,4856,86
29031880800,4301,4181,120
29031880900,2740,2654,86
29031881000,2108,2041,67
29031881100,3623,3531,92
29031881200,6626,6572,54
29031881300,6516,6478,38
29031881400,2252,2206,46
29031881500,4433,4240,193
29031881600,3150,2995,155
29033960100,2335,2248,87
29033960200,2613,2598,15
29033960300,4061,4036,25
29035960100,3498,3402,96
29035960200,2751,2709,42
29037060001,4300,3681,619
29037060003,3671,3478,193
29037060004,5387,4807,580
29037060100,1488,1404,84
29037060202,5301,4922,379
29037060301,9315,8893,422
29037060302,7948,7742,206
29037060305,4795,4660,135
29037060400,4628,4555,73
29037060500,3009,2958,51
29037060600,8111,7695,416
29037060700,3553,3503,50
29037060800,6146,6061,85
29037060904,3220,3168,52
29037061001,4643,4569,74
29037061002,6912,6767,145
29037061100,4143,4096,47
29037061200,4111,4039,72
29037061300,5455,5160,295
29037061400,5188,4966,222
29039870100,5863,5611,252
29039870200,4849,4849,0
29039870300,3220,3209,11
29041470100,2318,2302,16
29041470200,2409,2368,41
29041470300,2888,2884,4
29043020101,3219,3180,39
29043020102,5533,5372,161
29043020201,4305,4264,41
29043020202,7003,6907,96
29043020203,7174,6879,295
29043020204,4987,4524,463
29043020205,5793,5780,13
29043020302,6597,6579,18
29043020303,5284,4977,307
29043020304,3413,3314,99
29043020305,5946,5901,45
29043020306,7656,7255,401
29043020400,7607,7504,103
29043020500,7536,7349,187
29045950100,1855,1855,0
29045950200,2306,2306,0
29045950300,2699,2681,18
29047020201,5066,4716,350
29047020202,3989,3791,198
29047020300,5618,5126,492
29047020400,2521,2271,250
29047020500,5603,5215,388
29047020602,4105,3808,297
29047020603,3529,3216,313
29047020604,5510,4976,534
29047020801,6817,6335,482
29047020901,5517,4982,535
29047020902,2194,1866,328
29047021001,3897,3224,673
29047021003,3890,3710,180
29047021004,3378,3116,262
29047021101,4950,4457,493
29047021102,6739,6443,296
29047021103,3734,3574,160
29047021204,5031,4523,508
29047021205,7369,6831,538
29047021206,7174,6495,679
29047021207,2928,2702,226
29047021208,5945,5542,403
29047021303,3751,3654,97
29047021305,7740,7272,468
29047021306,7367,6669,698
29047021307,5728,5332,396
29047021309,4775,4566,209
29047021310,8102,7490,612
29047021401,5050,4801,249
29047021403,2863,2719,144
29047021404,4582,4336,246
29047021600,8577,8476,101
29047021701,6066,5782,284
29047021702,6330,6210,120
29047021803,8250,7644,606
29047021804,6808,6761,47
29047021805,8713,8327,386
29047021806,4031,3968,63
29047021900,6739,6701,38
29047022000,5131,4847,284
29047022100,4488,4004,484
29047022200,3825,3478,347
29047022301,2881,2742,139
29047022302,5834,5355,479
29049960100,5150,5094,56
29049960200,6580,6452,128
29049960300,4374,4221,153
29049960400,4390,4332,58
29051010300,4933,4892,41
29051010400,6510,6195,315
29051010500,5016,4879,137
29051010600,3823,3576,247
29051010701,5493,5273,220
29051010702,5252,5221,31
29051010800,9153,8746,407
29051010900,6152,6056,96
29051020198,7539,7457,82
29051020200,4273,4269,4
29051020300,3728,3728,0
29051020400,5792,5548,244
29051020500,2681,2656,25
29051020600,4124,3955,169
29051020700,2134,2076,58
29053950100,3199,3163,36
29053950200,3218,3082,136
29053950300,3990,3926,64
29053950400,2372,2341,31
29053950500,4834,4820,14
29055450101,2270,2213,57
29055450102,5903,5811,92
29055450200,4396,4379,17
29055450301,2470,2422,48
29055450302,4728,4567,161
29055450400,4778,4711,67
29057480100,4610,4505,105
29057480200,2980,2941,39
29059480100,4898,4835,63
29059480200,4948,4877,71
29059480300,6662,6481,181
29061470100,3371,3310,61
29061470200,4886,4829,57
29063080100,8754,8314,440
29063080200,3952,3901,51
29065960100,4421,4359,62
29065960200,5496,5326,170
29065960300,2499,2496,3
29065960400,3162,3162,0
29067950100,3621,3621,0
29067950200,5433,5363,70
29067950500,4413,4312,101
29069360100,2486,2486,0
29069360200,2725,2615,110
29069360300,4241,4214,27
29069360400,4461,4174,287
29069360500,2546,2421,125
29069360600,4355,4047,308
29069360700,3864,3651,213
29069360800,2359,1741,618
29069360900,2234,2179,55
29069361000,2000,1813,187
29071800100,8926,8800,126
29071800201,4924,4693,231
29071800202,5844,5761,83
29071800300,7916,7824,92
29071800401,5268,5014,254
29071800402,6886,6794,92
29071800500,7045,6972,73
29071800601,7402,7367,35
29071800602,8500,8470,30
29071800701,7199,7000,199
29071800702,3176,3084,92
29071800800,6913,6827,86
29071800901,2911,2867,44
29071800902,6810,6705,105
29071801000,4073,4073,0
29071801101,4312,4182,130
29071801102,3958,3958,0
29073960100,2845,2829,16
29073960200,1940,1923,17
29073960300,2933,2914,19
29073960400,2860,2827,33
29073960500,4297,4192,105
29075960100,3267,3254,13
29075960200,3478,3418,60
29077000100,1774,1713,61
29077000200,4650,4511,139
29077000300,3269,3093,176
29077000400,4007,3564,443
29077000501,2402,2246,156
29077000502,3556,3330,226
29077000600,2549,2357,192
29077000700,4425,4318,107
29077000800,3333,3131,202
29077000900,5158,5001,157
29077001000,2133,2087,46
29077001100,3555,3503,52
29077001200,3770,3598,172
29077001301,2109,2038,71
29077001302,2315,2304,11
29077001400,4879,4375,504
29077001500,5528,5279,249
29077001700,3229,3044,185
29077001800,3334,3172,162
29077001900,3130,2886,244
29077002200,4137,3911,226
29077002300,5173,5050,123
29077002402,4031,4003,28
29077002502,5084,4992,92
29077002600,5027,4972,55
29077002700,2679,2470,209
29077002800,1858,1725,133
29077002900,4154,4073,81
29077003002,5874,5512,362
29077003100,2766,2746,20
29077003200,4154,3776,378
29077003300,3921,3752,169
29077003600,2868,2841,27
29077003700,7355,7128,227
29077003800,7869,7818,51
29077003900,2872,2856,16
29077004001,5449,5417,32
29077004002,3484,3434,50
29077004003,5035,5005,30
29077004101,8352,7964,388
29077004102,7150,7070,80
29077004103,7617,7493,124
29077004201,4980,4863,117
29077004202,6470,6229,241
29077004301,8435,8110,325
29077004302,3773,3773,0
29077004400,6998,6819,179
29077004500,2693,2620,73
29077004600,7602,7410,192
29077004700,4992,4960,32
29077004801,7338,7160,178
29077004802,6882,6633,249
29077004803,4814,4779,35
29077004900,5821,5821,0
29077005001,4099,3987,112
29077005002,6915,6728,187
29077005100,3294,3229,65
29077005200,6319,6259,60
29077005500,4470,4362,108
29077005600,3598,3378,220
29077005700,3902,3576,326
29077005800,6040,5531,509
29079960100,2111,2108,3
29079960200,2152,2140,12
29079960300,2393,2374,19
29079960400,3575,3407,168
29081950100,3456,3447,9
29081950200,2378,2371,7
29081950300,2815,2655,160
29083950100,3026,3026,0
29083950200,3541,3517,24
29083950300,3335,3283,52
29083950400,2968,2909,59
29083950500,3703,3683,20
29083950600,5357,5042,315
29085470100,2777,2752,25
29085470300,2438,2382,56
29085470500,4052,4004,48
29087960100,1242,1239,3
29087960200,1638,1638,0
29087960300,1657,1651,6
29089960100,3063,2983,80
29089960200,3367,3333,34
29089960300,3718,3693,25
29091090100,5735,5598,137
29091090200,4142,4097,45
29091090300,4415,4355,60
29091090400,4632,4550,82
29091090500,4579,4534,45
29091090600,4811,4695,116
29091090700,5232,5053,179
29091090800,6719,6595,124
29093950100,2936,2832,104
29093950200,2545,2512,33
29093950300,2547,2528,19
29093950400,2192,2172,20
29095000300,1574,1413,161
29095000600,3606,1506,2100
29095000700,3083,1807,1276
29095000800,3468,1811,1657
29095000900,2390,1574,816
29095001000,2612,2095,517
29095001100,1689,1507,182
29095001800,2406,1526,880
29095001900,2935,1379,1556
29095002000,2017,646,1371
29095002100,4361,2419,1942
29095002200,2220,1357,863
29095002300,1949,1120,829
29095003400,2215,1477,738
29095003700,811,748,63
29095003800,1746,1716,30
29095004300,2316,1911,405
29095004400,1129,1063,66
29095004600,2408,2126,282
29095005100,1797,1313,484
29095005200,1089,996,93
29095005300,1450,1387,63
29095005400,723,670,53
29095005500,764,670,94
29095005601,1850,1697,153
29095005602,1500,1443,57
29095005700,2164,2126,38
29095005801,1978,1846,132
29095006000,1391,1363,28
29095006100,2804,2762,42
29095006300,1773,1588,185
29095006500,1673,1525,148
29095006600,1834,1727,107
29095006700,1860,1659,201
29095006900,1347,1272,75
29095007100,2888,2441,447
29095007200,2123,2083,40
29095007300,3289,3231,58
29095007400,3956,3908,48
29095007500,2813,2688,125
29095007600,2025,2007,18
29095007700,1603,1569,34
29095007802,2328,2241,87
29095007900,3811,3682,129
29095008000,3033,2913,120
29095008100,1978,1938,40
29095008200,3098,3004,94
29095008300,2456,2407,49
29095008400,2988,2955,33
29095008500,3503,3386,117
29095008600,5347,4818,529
29095008700,2383,2333,50
29095008800,4262,3972,290
29095008900,2035,2003,32
29095009000,4634,4266,368
29095009100,3942,3659,283
29095009200,2979,2750,229
29095009300,2550,2430,120
29095009400,5117,4913,204
29095009500,2596,2584,12
29095009600,2060,2033,27
29095009700,1606,1390,216
29095009800,3201,2913,288
29095009900,2155,1876,279
29095010001,1760,1695,65
29095010002,3265,3225,40
29095010103,2465,2317,148
29095010105,3871,3781,90
29095010201,2421,2373,48
29095010203,4287,3984,303
29095010204,5133,4714,419
29095010500,4963,4478,485
29095010600,3402,3029,373
29095010702,3455,3265,190
29095011000,5009,4529,480
29095011100,3204,3024,180
29095011200,3134,2592,542
29095011300,5155,4958,197
29095011401,8177,7624,553
29095011405,3905,3048,857
29095011406,5906,5342,564
29095011500,5785,4818,967
29095011600,5199,5029,170
29095011700,4173,3593,580
29095011800,4684,4323,361
29095011900,3478,3071,407
29095012000,3134,2787,347
29095012100,5080,4477,603
29095012200,6296,5590,706
29095012300,3263,3220,43
29095012400,4464,3990,474
29095012501,3167,3062,105
29095012502,2614,2452,162
29095012600,5070,4477,593
29095012701,6638,6261,377
29095012802,3719,3623,96
29095012803,1885,1821,64
29095012804,6524,6133,391
29095012903,4229,3759,470
29095012904,2681,2589,92
29095012906,4966,4682,284
29095013003,5189,4870,319
29095013100,2913,2714,199
29095013203,4724,4360,364
29095013208,3002,2928,74
29095013210,2716,2602,114
29095013301,3819,3109,710
29095013307,2589,2396,193
29095013309,5201,4859,342
29095013313,4823,4365,458
29095013401,2643,2076,567
29095013405,2042,1771,271
29095013407,2537,2537,0
29095013408,5798,5259,539
29095013410,3667,3431,236
29095013416,2384,2252,132
29095013502,5712,5374,338
29095013504,3344,2724,620
29095013606,1384,1371,13
29095013608,5934,5842,92
29095013612,6809,6450,359
29095013703,4819,4663,156
29095013704,6380,6138,242
29095013801,5101,4987,114
29095013802,9039,8780,259
29095013901,6688,6524,164
29095013902,1378,1328,50
29095013904,6895,6351,544
29095013916,6094,5942,152
29095014002,1863,1844,19
29095014004,2852,2762,90
29095014005,5294,4950,344
29095014006,6323,5636,687
29095014007,5704,5551,153
29095014101,6756,6557,199
29095014105,7504,7208,296
29095014108,6751,6632,119
29095014111,3284,3076,208
29095014112,1062,1034,28
29095014114,7178,7056,122
29095014120,3119,2881,238
29095014203,4161,4029,132
29095014204,8154,7785,369
29095014300,5257,5168,89
29095014400,2484,2426,58
29095014501,3985,3840,145
29095014502,4136,4018,118
29095014601,5082,4782,300
29095014603,3727,3531,196
29095014604,4638,4059,579
29095014701,3597,3413,184
29095014702,4844,4601,243
29095014804,2843,2809,34
29095014806,4375,4037,338
29095014902,1920,1848,72
29095014903,5028,4754,274
29095014904,6161,5768,393
29095014905,4897,4751,146
29095015000,3831,3641,190
29095015100,6091,5687,404
29095015200,2213,2100,113
29095015300,2656,1110,1546
29095015400,4184,3601,583
29095015500,1050,789,261
29095015600,2040,1220,820
29095015700,2326,2217,109
29095015800,1522,1382,140
29095015900,2136,2032,104
29095016000,1364,1103,261
29095016100,1927,1885,42
29095016200,1218,1150,68
29095016300,2079,1849,230
29095016400,1814,1383,431
29095016500,1829,1698,131
29095016600,1285,1264,21
29095016700,3149,2826,323
29095016800,4322,3667,655
29095016900,2275,2226,49
29095017000,2397,1928,469
29095017100,3559,3505,54
29095017200,5042,4398,644
29095017300,3416,3243,173
29095017400,2784,2504,280
29095017500,1907,1861,46
29095017600,5174,4932,242
29095017700,5193,4696,497
29095017800,3024,2692,332
29095017900,4722,4484,238
29095018000,3286,2914,372
29095018100,6787,6687,100
29095018200,3518,3324,194
29095018500,3524,3283,241
29095018600,2961,2898,63
29095019300,6112,5834,278
29095980101,0,0,0
29095980802,0,0,0
29095988300,58,58,0
29095989100,13,13,0
29095989200,0,0,0
29097010100,4281,4190,91
29097010200,5006,4957,49
29097010300,6772,6388,384
29097010400,4807,4681,126
29097010500,5417,5101,316
29097010600,4762,4678,84
29097010700,2751,2625,126
29097010800,4036,3850,186
29097010900,6571,6386,185
29097011000,4257,4015,242
29097011100,1961,1849,112
29097011200,6243,6227,16
29097011300,8908,8689,219
29097011400,5841,5799,42
29097011500,9963,9237,726
29097011600,4874,2704,2170
29097011700,6871,5229,1642
29097011800,4670,3384,1286
29097011900,3903,3698,205
29097012000,4647,4340,307
29097012100,3729,3590,139
29097012200,7106,6888,218
29099700107,2755,2738,17
29099700109,12967,12805,162
29099700110,8177,8064,113
29099700111,4037,3931,106
29099700113,3553,3488,65
29099700114,4385,4294,91
29099700115,4318,4209,109
29099700116,3088,3016,72
29099700117,7187,7076,111
29099700118,6349,6266,83
29099700119,2050,2014,36
29099700203,5952,5693,259
29099700206,5536,5421,115
29099700207,3754,3586,168
29099700208,6272,6224,48
29099700209,3338,3255,83
29099700210,3708,3425,283
29099700211,5380,5336,44
29099700302,5762,5727,35
29099700303,4757,4404,353
29099700304,7378,7355,23
29099700401,4371,4364,7
29099700402,6469,6240,229
29099700502,6034,5846,188
29099700503,3280,3238,42
29099700504,4366,4358,8
29099700601,6065,5977,88
29099700603,6026,5969,57
29099700604,5954,5887,67
29099700605,6205,5941,264
29099700700,4735,4718,17
29099700801,5855,5658,197
29099700802,4589,4589,0
29099700900,5270,5270,0
29099701000,8098,7862,236
29099701101,4080,4080,0
29099701102,6119,6066,53
29099701200,6083,5994,89
29099701300,3599,3577,22
29099701401,3976,3976,0
29099701403,4085,4080,5
29099701404,6491,6482,9
29101960100,8452,8303,149
29101960200,4980,4861,119
29101960300,9136,8693,443
29101960400,6421,6249,172
29101960500,7987,7692,295
29101960600,3721,3587,134
29101960700,5802,5465,337
29101960900,4760,4656,104
29101980000,2970,2609,361
29103960100,1882,1873,9
29103960200,2115,2085,30
29105960100,8037,7728,309
29105960298,5160,5099,61
29105960300,7778,7653,125
29105960400,3947,3911,36
29105960500,5545,5334,211
29105960600,5038,4982,56
29107090100,4864,4713,151
29107090200,5749,5481,268
29107090300,1469,1388,81
29107090400,6994,6831,163
29107090500,3808,3776,32
29107090601,5828,5693,135
29107090602,4077,4038,39
29109470100,4031,3958,73
29109470200,7519,7299,220
29109470300,5529,5017,512
29109470400,6910,5716,1194
29109470500,6510,6342,168
29109470601,5054,4663,391
29109470602,2651,2533,118
29111970100,3443,3423,20
29111970200,2424,2415,9
29111970300,2553,2409,144
29111970400,1726,1726,0
29113810100,4224,4114,110
29113810201,6837,6792,45
29113810202,6236,6195,41
29113810301,9217,8893,324
29113810303,9398,9250,148
29113810304,9677,9651,26
29113810400,8697,8174,523
29115490100,1540,1518,22
29115490200,2233,2175,58
29115490300,2778,2776,2
29115490400,3158,3074,84
29115490500,2610,2537,73
29117480100,3867,3793,74
29117480200,3339,3324,15
29117480300,3468,3462,6
29117480400,2619,2554,65
29117480500,1764,1695,69
29119070100,6302,6043,259
29119070200,4545,4385,160
29119070300,5367,3835,1532
29119070400,6506,5860,646
29121960100,2422,2409,13
29121960200,2600,2591,9
29121960300,3656,3579,77
29121960400,4269,4204,65
29121960500,2452,2433,19
29123960100,3534,3493,41
29123960200,5340,5287,53
29123960300,3529,3519,10
29125880100,2788,2707,81
29125880298,2624,2624,0
29125880300,3575,3486,89
29127960100,4345,4302,43
29127960200,3406,3388,18
29127960300,3559,3540,19
29127960400,4956,4856,100
29127960500,2616,2602,14
29127960600,3644,3616,28
29127960800,2913,2721,192
29127960900,3419,3382,37
29129470100,1579,1570,9
29129470200,2123,2085,38
29131962500,6332,6277,55
29131962600,3409,3371,38
29131962700,4253,4217,36
29131962800,5764,5604,160
29131962900,5253,5105,148
29133950100,3778,3736,42
29133950200,4485,4457,28
29133950300,1887,1865,22
29133950400,3962,3786,176
29135385100,3907,3838,69
29135385200,4311,3801,510
29135385300,3360,3270,90
29135385400,4262,4224,38
29137960100,3310,3286,24
29137960200,2559,2496,63
29137960300,2773,2736,37
29139970100,2351,2309,42
29139970200,3763,3719,44
29139970300,3239,3239,0
29139970400,2467,2357,110
29141470100,6437,6354,83
29141470200,3903,3837,66
29141470300,2982,2853,129
29141470400,2187,2089,98
29141470500,4673,4637,36
29143960100,4501,4413,88
29143960200,2237,2227,10
29143960300,3306,3275,31
29143960400,2524,2420,104
29143960500,2482,2442,40
29143960600,3179,3155,24
29145020100,4221,3471,750
29145020200,4873,4598,275
29145020300,3879,3541,338
29145020400,7011,6704,307
29145020501,4361,4294,67
29145020502,5637,5428,209
29145020601,5163,4973,190
29145020602,4758,4689,69
29145020700,4811,4754,57
29145020800,6189,5991,198
29145020900,4174,4093,81
29145021000,3664,3279,385
29147470100,2293,2269,24
29147470200,2598,2580,18
29147470300,8222,8119,103
29147470400,4577,4440,137
29147470500,5336,5269,67
29149480100,3924,3878,46
29149480200,4426,4365,61
29149480300,2572,2506,66
29151490100,3585,3576,9
29151490200,4358,4299,59
29151490300,3613,3579,34
29151490400,2148,2148,0
29153470100,4627,4482,145
29153470200,4823,4811,12
29155470100,1928,1864,64
29155470200,3415,3356,59
29155470300,3002,2922,80
29155470400,3144,3109,35
29155470500,3081,3006,75
29155470600,3029,2914,115
29157470100,2453,2394,59
29157470200,4833,4767,66
29157470300,4045,3978,67
29157470400,3977,3799,178
29157470500,3844,3817,27
29159480100,3932,3897,35
29159480200,5911,5153,758
29159480300,4085,4055,30
29159480400,4629,4399,230
29159480500,3213,2979,234
29159480600,2254,1862,392
29159480700,3637,3440,197
29159480800,2884,2612,272
29159480900,2543,2327,216
29159481000,4538,4118,420
29159481100,4567,3869,698
29161890100,4626,4613,13
29161890200,4895,4822,73
29161890300,7117,6830,287
29161890400,5450,5243,207
29161890500,4000,3975,25
29161890600,2806,2770,36
29161890700,3460,3345,115
29161890800,3077,3074,3
29161890900,4453,4350,103
29161891000,4949,4750,199
29163460100,3234,3075,159
29163460200,3218,3174,44
29163460300,5994,5892,102
29163460400,3809,3741,68
29163460500,2220,2196,24
29165030001,8134,7450,684
29165030002,2975,2802,173
29165030101,3848,3564,284
29165030102,3202,2979,223
29165030103,5596,5417,179
29165030201,2007,1924,83
29165030205,7120,6556,564
29165030207,5770,5254,516
29165030208,2811,2740,71
29165030209,7891,7325,566
29165030210,1897,1867,30
29165030211,2943,2562,381
29165030305,8909,8673,236
29165030306,3987,3936,51
29165030307,0,0,0
29165030308,5056,4696,360
29165030401,6025,5813,212
29165030500,6370,6044,326
29165030600,7176,6895,281
29165030700,3253,3141,112
29167960100,6082,5970,112
29167960200,7227,7024,203
29167960300,8441,8316,125
29167960400,9363,9095,268
29169470101,3957,3873,84
29169470102,2831,2774,57
29169470286,3926,3486,440
29169470287,9208,7873,1335
29169470389,9684,8165,1519
29169470390,2089,1495,594
29169470400,10986,10400,586
29169470500,5594,5373,221
29169470600,5027,4282,745
29171960100,2819,2818,1
29171960200,2058,1990,68
29173470100,3207,3199,8
29173470200,3856,3744,112
29173470300,3162,3151,11
29175490100,3886,3698,188
29175490200,3406,3406,0
29175490300,4461,4353,108
29175490400,3336,3274,62
29175490500,4544,4523,21
29175490600,5448,5347,101
29177080000,7171,7050,121
29177080100,3537,3485,52
29177080200,6105,5811,294
29177080300,6108,6048,60
29179380100,2994,2942,52
29179380200,3536,3503,33
29181870100,4360,4254,106
29181870200,2422,2416,6
29181870300,4744,4689,55
29181870400,2410,2410,0
29183310100,2274,2238,36
29183310201,3923,3846,77
29183310202,3849,3800,49
29183310301,4110,4074,36
29183310302,3284,3213,71
29183310400,2203,2154,49
29183310501,5058,4210,848
29183310502,2576,2486,90
29183310601,4735,4337,398
29183310602,5607,5432,175
29183310700,5178,4743,435
29183310801,2318,2191,127
29183310802,5378,5278,100
29183310901,2276,2178,98
29183310902,5342,4960,382
29183310903,4042,4001,41
29183311001,4663,4585,78
29183311003,3301,2938,363
29183311004,5290,5194,96
29183311103,6702,6634,68
29183311114,5052,4999,53
29183311122,6702,6551,151
29183311124,6286,6078,208
29183311132,3405,3392,13
29183311145,4832,4776,56
29183311146,4609,4469,140
29183311147,4412,4159,253
29183311148,4242,4118,124
29183311149,4090,4041,49
29183311150,4829,4710,119
29183311151,6397,6307,90
29183311152,4675,4624,51
29183311153,7174,6976,198
29183311154,5201,4900,301
29183311203,5693,5445,248
29183311211,4313,4238,75
29183311212,4164,4128,36
29183311221,3519,3505,14
29183311294,4063,3708,355
29183311296,4327,4245,82
29183311311,5928,5688,240
29183311312,6628,6524,104
29183311322,5892,5795,97
29183311331,4359,4228,131
29183311391,5044,4727,317
29183311422,5884,5613,271
29183311500,1994,1859,135
29183311601,5721,5713,8
29183311602,5744,5474,270
29183311712,4522,4407,115
29183311721,3735,3699,36
29183311722,7407,7171,236
29183311732,7571,7322,249
29183311733,2373,2229,144
29183311734,3919,3776,143
29183311735,5952,5884,68
29183311736,6781,6667,114
29183311801,5405,5271,134
29183311802,6564,6487,77
29183311903,6043,5840,203
29183311904,6264,6056,208
29183311907,6534,6525,9
29183311908,3122,2968,154
29183311909,5143,4938,205
29183312001,2286,2273,13
29183312094,4543,4386,157
29183312095,4914,4893,21
29183312096,6534,6425,109
29183312097,8315,8124,191
29183312192,4282,4112,170
29183312193,7189,7134,55
29183312194,3214,3095,119
29183312195,3137,3054,83
29183312204,4918,4887,31
29183312205,9698,9102,596
29183312206,4282,4193,89
29183312300,2933,2902,31
29183312400,4988,4839,149
29183980000,0,0,0
29185480100,3648,3567,81
29185480200,2871,2785,86
29185480300,2925,2891,34
29186960100,6158,6070,88
29186960200,5018,5006,12
29186960300,4098,4073,25
29186960400,2663,2605,58
29187950101,4595,4518,77
29187950102,4593,4547,46
29187950300,7874,7799,75
29187950400,7181,7044,137
29187950600,3114,3086,28
29187950700,8135,8033,102
29187950800,6352,6269,83
29187950901,2350,2350,0
29187950902,7746,7545,201
29187951000,6733,6640,93
29187951100,7557,7449,108
29189210100,6326,6276,50
29189210200,6591,6577,14
29189210300,3337,3301,36
29189210400,4150,4135,15
29189210501,3475,3475,0
29189210502,3391,3391,0
29189210600,6700,6602,98
29189210702,6733,6667,66
29189210703,3605,3570,35
29189210704,3280,3280,0
29189210803,4850,4823,27
29189210804,9964,9905,59
29189210805,6002,6001,1
29189210806,5411,5355,56
29189210912,6471,6388,83
29189210921,4376,4348,28
29189210923,5275,4968,307
29189210924,4819,4699,120
29189210925,5414,5372,42
29189210926,2704,2628,76
29189210927,4413,4156,257
29189210928,4454,4415,39
29189211000,6850,6822,28
29189211101,6486,6290,196
29189211102,5479,5158,321
29189211201,5860,5790,70
29189211202,3164,3077,87
29189211301,6594,6431,163
29189211331,6585,6534,51
29189211332,6247,5920,327
29189211333,4510,4464,46
29189211334,4481,4340,141
29189211401,5154,5144,10
29189211402,2097,2096,1
29189211500,3409,3306,103
29189211600,6253,6220,33
29189211700,4376,4328,48
29189211801,3957,3934,23
29189211802,3460,3432,28
29189211900,5335,5335,0
29189212001,7770,7758,12
29189212002,2945,2945,0
29189212101,4229,3971,258
29189212102,3072,3072,0
29189212200,6891,6889,2
29189212300,4898,4880,18
29189212400,2856,2835,21
29189212500,4880,4658,222
29189212600,5077,5029,48
29189212700,5688,5656,32
29189213101,4643,4228,415
29189213102,257,257,0
29189213202,6877,6660,217
29189213203,4446,4361,85
29189213204,4063,3382,681
29189213300,7699,6950,749
29189213400,6176,5749,427
29189213500,5186,5056,130
29189213600,4012,3966,46
29189213700,4528,4430,98
29189213800,5343,5280,63
29189213900,1766,1762,4
29189214100,1391,1391,0
29189214200,3266,3266,0
29189214300,3859,3617,242
29189214400,4983,4459,524
29189214500,3544,2974,570
29189214601,3841,3784,57
29189214602,3925,3575,350
29189214700,6794,6055,739
29189214800,5213,4737,476
29189214900,6212,5165,1047
29189215001,2869,2801,68
29189215003,4361,4304,57
29189215004,3059,2925,134
29189215005,5822,5780,42
29189215102,4241,4088,153
29189215103,2715,2651,64
29189215105,2471,2171,300
29189215141,4181,4114,67
29189215142,6916,6570,346
29189215143,2917,2902,15
29189215144,5724,5584,140
29189215201,6412,6084,328
29189215202,6636,6504,132
29189215231,4368,4253,115
29189215232,7964,7860,104
29189215301,4345,4264,81
29189215302,3084,3006,78
29189215400,5224,5108,116
29189215500,4521,4431,90
29189215600,5053,4540,513
29189215700,6117,5738,379
29189215800,8065,7847,218
29189215900,6265,6086,179
29189216000,1273,1264,9
29189216100,5228,5035,193
29189216200,8104,7791,313
29189216300,6619,6314,305
29189216400,5448,5282,166
29189216500,4851,4720,131
29189216600,2021,1948,73
29189216700,3469,3379,90
29189216800,2996,2908,88
29189216900,2255,2231,24
29189217000,3802,3768,34
29189217200,1891,1811,80
29189217300,3190,3166,24
29189217400,4540,4441,99
29189217500,5298,5153,145
29189217600,6872,6682,190
29189217701,5278,5153,125
29189217702,7883,7822,61
29189217802,7340,7142,198
29189217806,5521,5249,272
29189217807,6165,6033,132
29189217841,5572,5179,393
29189217842,7019,6844,175
29189217851,3131,3006,125
29189217852,6203,6109,94
29189217921,4882,4803,79
29189217923,7134,6938,196
29189217931,6808,6606,202
29189217932,4904,4833,71
29189217941,5707,5570,137
29189217942,5460,5449,11
29189217943,3476,3374,102
29189217944,5610,5590,20
29189218003,7211,6999,212
29189218011,7246,6795,451
29189218012,4595,4514,81
29189218102,3488,3465,23
29189218103,5242,5089,153
29189218201,3085,3046,39
29189218300,4000,3941,59
29189218401,3679,3670,9
29189218402,4662,4557,105
29189218500,4901,4688,213
29189218600,2604,2557,47
29189218800,5917,5917,0
29189218900,6616,6479,137
29189219100,4017,3927,90
29189219200,2407,2367,40
29189219300,2037,1989,48
29189219400,6090,5933,157
29189219500,6671,6418,253
29189219600,6568,6389,179
29189219700,6130,6013,117
29189219800,7914,7758,156
29189219900,6133,5877,256
29189220001,4783,4783,0
29189220002,3304,3252,52
29189220100,7772,7733,39
29189220200,5575,5433,142
29189220300,2033,2002,31
29189220431,8830,8574,256
29189220432,8203,8055,148
29189220441,6061,5919,142
29189220442,4495,4365,130
29189220443,4117,4054,63
29189220444,7998,7998,0
29189220445,4879,4831,48
29189220446,4609,4553,56
29189220501,6518,6354,164
29189220502,6760,6561,199
29189220601,6614,6485,129
29189220602,5871,5754,117
29189220701,2819,2695,124
29189220702,3778,3713,65
29189220703,2578,2548,30
29189220801,5272,5075,197
29189220802,4866,4522,344
29189220803,4709,4575,134
29189221000,3084,2761,323
29189221100,1870,1853,17
29189221201,3345,3343,2
29189221202,5939,5907,32
29189221301,8275,8275,0
29189221302,6935,6850,85
29189221332,4659,4560,99
29189221335,5809,5701,108
29189221421,7003,6912,91
29189221422,8676,8467,209
29189221423,4036,4007,29
29189221424,5314,5212,102
29189221502,6199,6043,156
29189221503,6838,6651,187
29189221506,4765,4587,178
29189221621,4444,4408,36
29189221624,3305,3249,56
29189221625,6978,6739,239
29189221626,6738,6446,292
29189221627,6350,6250,100
29189221628,7182,6918,264
29189221629,5451,5322,129
29189221800,3615,3615,0
29189221900,3842,3786,56
29189222000,3645,3622,23
29189222100,4958,4892,66
29195090100,2654,2535,119
29195090200,2508,2458,50
29195090300,2944,2352,592
29195090400,2650,2331,319
29195090500,4312,3975,337
29195090600,2689,2081,608
29195090700,2620,2604,16
29195090800,2837,2677,160
29197470100,2229,2220,9
29197470200,2167,2161,6
29199480100,2755,2755,0
29199480200,2138,2122,16
29201780100,3197,3155,42
29201780200,3787,3738,49
29201780300,2820,2697,123
29201780400,5154,5147,7
29201780600,4603,4416,187
29201780700,3250,3152,98
29201781000,3979,3801,178
29201781100,3512,3464,48
29201781200,5801,5801,0
29201781300,2891,2806,85
29203470100,3529,3502,27
29203470200,4727,4608,119
29205450100,1884,1873,11
29205450200,2563,2534,29
29205450300,1701,1648,53
29207470100,3747,3733,14
29207470200,4317,4223,94
29207470300,4506,4472,34
29207470400,3220,3122,98
29207470500,3736,3687,49
29207470600,4635,4599,36
29207470700,2709,2643,66
29207470800,2918,2841,77
29209090100,7758,7717,41
29209090200,4877,4777,100
29209090400,4848,4742,106
29209090500,5878,5787,91
29209090601,3307,3247,60
29209090602,4529,4311,218
29211480100,2155,2093,62
29211480200,1389,1321,68
29211480300,2872,1827,1045
29213480105,6809,6279,530
29213480106,2024,1658,366
29213480201,10421,9822,599
29213480202,6874,6532,342
29213480301,5245,5112,133
29213480302,4151,3942,209
29213480401,6005,5820,185
29213480402,2427,2416,11
29213480501,1765,1765,0
29213480502,8132,7615,517
29215480100,7050,6890,160
29215480200,5311,5278,33
29215480300,6792,6574,218
29215480400,6537,6435,102
29217950100,3336,3296,40
29217950200,2291,2291,0
29217950300,5741,5476,265
29217950400,3383,3372,11
29217950500,3099,3086,13
29217950600,2986,2890,96
29219820101,7275,6614,661
29219820102,7759,7693,66
29219820103,8100,7859,241
29219820201,2245,2213,32
29219820202,7911,7857,54
29221460100,6484,6475,9
29221460200,5176,5159,17
29221460300,4669,4627,42
29221460400,4814,4803,11
29221460500,3859,3859,0
29223690100,3312,3292,20
29223690200,3488,3414,74
29223690300,4139,4077,62
29223690400,2402,2363,39
29225470101,4500,4388,112
29225470102,5831,5656,175
29225470201,5237,5113,124
29225470202,4096,4034,62
29225470301,5716,5583,133
29225470302,5214,5214,0
29225470401,3577,3525,52
29225470402,2904,2866,38
29227960100,2061,2028,33
29229490100,3697,3653,44
29229490200,4294,4120,174
29229490300,5174,5139,35
29229490400,5213,5162,51
29510101100,2514,2323,191
29510101200,3376,3290,86
29510101300,3972,3929,43
29510101400,2711,2605,106
29510101500,3937,3654,283
29510101800,3102,2755,347
29510102100,2774,2593,181
29510102200,5966,5697,269
29510102300,2027,1943,84
29510102400,2579,2421,158
29510102500,2092,1906,186
29510103100,3097,3027,70
29510103400,1876,1844,32
29510103600,1317,1295,22
29510103700,2572,2468,104
29510103800,3837,3669,168
29510104200,3281,3119,162
29510104500,1685,1657,28
29510105198,3534,3415,119
29510105200,3020,2990,30
29510105300,2528,2483,45
29510105400,2361,2104,257
29510105500,2806,2792,14
29510106100,1830,1823,7
29510106200,1436,1436,0
29510106300,1407,1396,11
29510106400,2032,2032,0
29510106500,2712,2694,18
29510106600,1770,1740,30
29510106700,3121,3120,1
29510107200,1364,1364,0
29510107300,4568,4531,37
29510107400,2895,2895,0
29510107500,2192,2192,0
29510107600,2021,2021,0
29510108100,3208,3207,1
29510108200,2421,2421,0
29510108300,2049,2027,22
29510109600,2986,2943,43
29510109700,2488,2433,55
29510110100,2936,2886,50
29510110200,1996,1996,0
29510110300,2018,1998,20
29510110400,2012,2012,0
29510110500,1038,1038,0
29510111100,1859,1859,0
29510111200,934,913,21
29510111300,1349,1349,0
29510111400,1358,1358,0
29510111500,694,694,0
29510112100,4556,4436,120
29510112200,1632,1603,29
29510112300,1820,1820,0
29510112400,4006,3854,152
29510113500,2205,2155,50
29510114101,4307,4205,102
29510114102,4282,4274,8
29510114200,4721,4584,137
29510114300,5162,4916,246
29510115100,4177,3783,394
29510115200,3370,2978,392
29510115300,5167,4835,332
29510115400,3312,2952,360
29510115500,6446,5688,758
29510115600,4813,4404,409
29510115700,3658,3038,620
29510116100,2973,2754,219
29510116200,4132,3842,290
29510116301,3634,3330,304
29510116302,2783,2463,320
29510116400,4852,4418,434
29510116500,4723,4466,257
29510117100,1685,1654,31
29510117200,5171,5083,88
29510117400,4635,4519,116
29510118100,1234,1154,80
29510118400,1480,1395,85
29510118600,3980,3835,145
29510119101,2787,2738,49
29510119102,3159,3115,44
29510119200,2008,1993,15
29510119300,4109,3972,137
29510120200,1470,1470,0
29510121100,1711,1706,5
29510121200,2343,2324,19
29510123100,3669,3538,131
29510123200,2407,2397,10
29510123300,3029,2954,75
29510124100,5506,4936,570
29510124200,3551,3233,318
29510124300,3117,3029,88
29510124600,1780,1745,35
29510125500,2976,2897,79
29510125600,4548,4428,120
29510125700,3708,3708,0
29510126600,3618,3535,83
29510126700,1173,1169,4
29510126800,3375,3189,186
29510126900,4207,4174,33
29510127000,1978,1959,19
29510127100,1991,1957,34
29510127200,4331,4291,40
29510127300,3655,3481,174
29510127400,5817,5713,104
29510127500,2476,2442,34
29510127600,2957,2926,31
30001000100,1169,1145,24
30001000200,3511,3450,61
30001000300,4637,4364,273
30003000100,4868,4526,342
30003940400,1700,1591,109
30003940500,1244,1180,64
30003940600,3609,3437,172
30003940700,1793,1789,4
30005000100,1366,1345,21
30005000200,2366,2302,64
30005940100,1449,1378,71
30005940200,1428,1426,2
30007000100,2080,2039,41
30007000200,3612,3583,29
30009000100,2351,2296,55
30009000200,2087,2009,78
30009000300,2399,2303,96
30009000400,1968,1959,9
30009000500,1535,1527,8
30011000300,1295,1277,18
30013000100,2581,2370,211
30013000200,3684,3605,79
30013000300,3835,3548,287
30013000400,1921,1783,138
30013000700,2149,1760,389
30013000800,1724,1577,147
30013000900,3173,3104,69
30013001000,3300,3292,8
30013001100,4394,4222,172
30013001200,3933,3270,663
30013001600,4589,4393,196
30013001700,2159,2078,81
30013001800,3606,3460,146
30013001900,6066,6028,38
30013002100,5051,4938,113
30013002200,6295,6082,213
30013002300,7631,7514,117
30013010100,3511,3511,0
30013010400,1804,1795,9
30013010600,3382,3347,35
30013010700,4349,4267,82
30013010800,2912,2752,160
30015010200,1952,1941,11
30015010300,3885,3772,113
30017961300,1995,1971,24
30017961500,1803,1740,63
30017961600,2427,2294,133
30017961800,1548,1541,7
30017961900,2106,2052,54
30017962000,2101,2029,72
30019020300,1787,1749,38
30021000100,1492,1469,23
30021000200,2830,2789,41
30021000300,5109,4910,199
30023000300,2878,2772,106
30023000400,2810,2780,30
30023000500,3488,3342,146
30025000100,2913,2863,50
30027030100,4559,4536,23
30027030200,6870,6799,71
30029000100,2926,2883,43
30029000201,4956,4865,91
30029000202,2328,2277,51
30029000203,4374,4324,50
30029000300,4547,4507,40
30029000401,5131,4996,135
30029000402,2799,2764,35
30029000601,4252,4193,59
30029000602,3616,3541,75
30029000700,5973,5350,623
30029000800,7537,7490,47
30029000900,7666,7225,441
30029001000,2160,2108,52
30029001100,6125,5933,192
30029001200,7713,7605,108
30029001301,3901,3854,47
30029001302,5153,5041,112
30029001400,5473,5423,50
30029001700,8066,7900,166
30031000101,5095,5050,45
30031000102,1941,1933,8
30031000103,7770,7244,526
30031000200,10182,9869,313
30031000300,3345,3249,96
30031000400,4811,4691,120
30031000501,1840,1806,34
30031000502,5287,5096,191
30031000503,11677,11314,363
30031000504,2335,2299,36
30031000600,2637,2365,272
30031000701,3556,3494,62
30031000702,5841,5640,201
30031000800,2408,2374,34
30031000900,3781,3628,153
30031001001,3640,3607,33
30031001002,4505,4423,82
30031001101,5095,4935,160
30031001102,2844,2790,54
30031001200,5169,5097,72
30031001500,1684,1609,75
30031001600,2515,2370,145
30033000100,1061,1053,8
30035940200,5463,5360,103
30035940400,4506,4459,47
30035976000,3655,3441,214
30035980000,71,49,22
30037000100,730,681,49
30039961700,3212,3148,64
30041040100,1183,1176,7
30041040200,1797,1778,19
30041040300,3598,3495,103
30041040400,4601,4331,270
30041040500,2762,2700,62
30041940300,2588,2508,80
30043962201,3920,3871,49
30043962202,4200,4066,134
30043962300,3481,3410,71
30045000100,1981,1951,30
30047000100,1481,1397,84
30047000200,1768,1719,49
30047940301,4920,4746,174
30047940303,5933,5755,178
30047940400,3987,3728,259
30047940500,5127,4834,293
30047940600,3960,3884,76
30047940700,2135,2051,84
30049000100,1734,1652,82
30049000200,5192,5065,127
30049000300,2380,2319,61
30049000400,6027,5957,70
30049000501,3943,3848,95
30049000502,7010,6925,85
30049000600,2380,2350,30
30049000700,7283,6865,418
30049000800,4535,4297,238
30049000900,3958,3857,101
30049001000,4157,4043,114
30049001100,5663,5556,107
30049001201,6577,6384,193
30049001202,5150,4917,233
30051050100,2292,2275,17
30053000100,3529,3414,115
30053000200,2448,2416,32
30053000300,3613,3443,170
30053000400,6175,6019,156
30053000500,3503,3460,43
30055954000,1678,1663,15
30057000100,3212,3171,41
30057000200,2454,2403,51
30057000300,2144,2001,143
30059000100,1960,1922,38
30061964500,2391,2370,21
30061964600,1832,1797,35
30063000100,6126,6104,22
30063000201,8231,7899,332
30063000202,12395,11892,503
30063000300,1929,1923,6
30063000400,2884,2832,52
30063000500,6833,6669,164
30063000700,2620,2472,148
30063000800,6003,5741,262
30063000901,6319,6192,127
30063000902,2435,2369,66
30063001000,5545,5432,113
30063001100,3372,3310,62
30063001200,5348,5102,246
30063001302,6257,6182,75
30063001303,5071,4928,143
30063001304,7029,6593,436
30063001400,6952,6714,238
30063001500,6304,6156,148
30063001600,7098,6951,147
30063001800,4350,4227,123
30065000100,2754,2718,36
30065000200,2024,1933,91
30067000100,1730,1717,13
30067000200,4150,4133,17
30067000300,3151,3085,66
30067000400,5268,5064,204
30067000500,1544,1432,112
30067980600,0,0,0
30069000100,445,445,0
30071060200,4150,4060,90
30073977000,3986,3943,43
30073977200,2180,2107,73
30075000100,1648,1623,25
30077000100,1452,1441,11
30077000200,5476,5317,159
30079000100,1414,1393,21
30081000100,3959,3854,105
30081000201,4073,3992,81
30081000202,6585,6397,188
30081000300,2862,2788,74
30081000401,2775,2693,82
30081000402,5378,5214,164
30081000500,6009,5962,47
30081000600,6541,5990,551
30081000700,1876,1860,16
30081000800,1072,1058,14
30083070100,1487,1448,39
30083070200,2003,1919,84
30083070300,4889,4710,179
30083070400,3013,2749,264
30085080100,1791,1679,112
30085940001,4973,4813,160
30085940002,4466,4407,59
30087000100,2489,2438,51
30087000200,1352,1265,87
30087000300,2288,2105,183
30087940400,3219,3116,103
30089000100,3292,3202,90
30089000200,6216,6061,155
30089940300,1867,1813,54
30091090200,2562,2484,78
30091090400,1083,1077,6
30093000100,4739,4607,132
30093000200,4866,4480,386
30093000300,2452,2406,46
30093000400,4081,3727,354
30093000500,4631,4535,96
30093000600,4216,4066,150
30093000700,3306,3134,172
30093000800,6269,6194,75
30095966400,4158,3963,195
30095966500,2226,2153,73
30095966600,2958,2915,43
30097967000,3634,3568,66
30099000100,1813,1795,18
30099000200,1974,1938,36
30099000300,2280,2248,32
30101000100,1027,1008,19
30101000200,3517,3382,135
30101980000,570,553,17
30103963500,846,804,42
30105100100,1450,1423,27
30105100500,2804,2724,80
30105940600,3322,3263,59
30107000100,2109,2059,50
30109000100,1143,1126,17
30111000200,3524,3253,271
30111000300,4323,3616,707
30111000401,3392,3211,181
30111000402,3442,3158,284
30111000500,3989,3857,132
30111000600,3268,3228,40
30111000701,4777,4665,112
30111000702,8005,7354,651
30111000704,4152,3980,172
30111000705,3659,3410,249
30111000706,4381,4151,230
30111000800,4973,4638,335
30111000901,3613,3315,298
30111000902,5435,4707,728
30111001000,4694,4173,521
30111001100,5615,5486,129
30111001200,2792,2733,59
30111001300,6228,6077,151
30111001401,11821,11397,424
30111001402,5861,5554,307
30111001501,4592,4494,98
30111001502,4225,4134,91
30111001702,4568,4408,160
30111001703,5510,5369,141
30111001704,4579,4497,82
30111001801,6146,5700,446
30111001802,6539,6106,433
30111001803,2066,1999,67
30111001804,2867,2763,104
30111001901,4548,4499,49
30111001902,3968,3800,168
30111940000,7792,7441,351
31001965400,4396,4300,96
31001965500,4048,3777,271
31001965600,5727,5338,389
31001965700,1492,1089,403
31001965800,2105,1903,202
31001965900,4308,3851,457
31001966000,4462,4108,354
31001966100,2451,1850,601
31001966200,2547,2511,36
31003979600,2008,1881,127
31003979700,1660,1633,27
31003979800,2753,2705,48
31005958300,437,437,0
31007954000,793,716,77
31009972400,580,580,0
31011960100,3581,3526,55
31011960200,1772,1733,39
31013951100,2161,2074,87
31013951200,4878,4310,568
31013951300,4240,3562,678
31015975800,2006,1991,15
31017975000,3022,2991,31
31019968900,3654,3533,121
31019969000,4409,4192,217
31019969100,4865,3916,949
31019969202,3714,3505,209
31019969203,5621,5442,179
31019969204,5091,4771,320
31019969300,2360,2083,277
31019969400,3996,3575,421
31019969500,2346,2144,202
31019969600,5802,5326,476
31019969700,6544,5830,714
31021963200,2294,2286,8
31021963300,2403,2324,79
31021963400,1897,1812,85
31023967600,2944,2861,83
31023967700,3211,3078,133
31023967800,2050,2027,23
31025965600,3792,3654,138
31025965700,4724,4671,53
31025965800,3249,3223,26
31025965900,4883,4846,37
31025966000,4193,3961,232
31025966100,4622,4362,260
31027977100,4481,4401,80
31027977200,4176,4110,66
31029961900,4061,3510,551
31031955800,4166,4074,92
31031955900,1615,1549,66
31033954800,3042,2909,133
31033954900,4265,3958,307
31033955000,2783,2560,223
31035962100,3718,3253,465
31035962200,2595,2506,89
31037964600,2350,2309,41
31037964700,1651,1522,129
31037964800,6498,2065,4433
31039972700,2680,2628,52
31039972800,4244,3498,746
31039972900,2131,2059,72
31041971700,2768,2707,61
31041971800,2810,2721,89
31041971900,3843,3745,98
31041972000,1363,1326,37
31043010100,6573,3362,3211
31043010200,6652,3500,3152
31043010300,4068,2869,1199
31043010400,3404,3142,262
31045950600,3012,2958,54
31045950700,6070,5708,362
31047968000,2605,2282,323
31047968100,1293,1076,217
31047968200,3840,3741,99
31047968300,4077,3557,520
31047968400,5537,1641,3896
31047968500,5203,2520,2683
31047968600,1369,1285,84
31049955400,1932,1812,120
31051977600,2517,2420,97
31051977800,3292,2687,605
31053963600,4769,4572,197
31053963700,2826,2826,0
31053963800,5125,4821,304
31053963900,4277,3309,968
31053964000,3267,2991,276
31053964100,4531,4434,97
31053964200,3922,3335,587
31053964300,4987,4258,729
31053964400,2975,1952,1023
31055000200,3741,3684,57
31055000300,2231,2004,227
31055000400,2075,1296,779
31055000500,2187,2001,186
31055000600,1274,1173,101
31055000700,1086,1010,76
31055000800,2032,1797,235
31055001100,2742,2446,296
31055001200,2947,2761,186
31055001600,2623,2409,214
31055001800,3894,3313,581
31055001900,1582,1357,225
31055002000,3790,1296,2494
31055002100,2498,1196,1302
31055002200,1251,1033,218
31055002300,2724,1948,776
31055002400,3702,1376,2326
31055002500,2656,1256,1400
31055002600,2675,673,2002
31055002700,2808,610,2198
31055002800,3980,1104,2876
31055002900,6052,3090,2962
31055003000,8357,3157,5200
31055003100,4047,1828,2219
31055003200,2773,693,2080
31055003300,2521,1201,1320
31055003401,3833,2890,943
31055003402,2563,1996,567
31055003500,4044,3565,479
31055003600,4193,4090,103
31055003700,2298,2171,127
31055003800,4186,3133,1053
31055003900,2802,1301,1501
31055004000,3044,2122,922
31055004200,1652,1298,354
31055004300,2704,2451,253
31055004400,1366,1283,83
31055004500,3067,2967,100
31055004600,2509,2444,65
31055004700,2935,2816,119
31055004800,5193,5094,99
31055004900,4967,4047,920
31055005000,4131,3091,1040
31055005100,2440,2277,163
31055005200,1748,1368,380
31055005300,2228,2106,122
31055005400,3034,2670,364
31055005500,5011,4818,193
31055005600,4237,4094,143
31055005700,4138,3920,218
31055005800,4471,4375,96
31055005901,2000,1854,146
31055005902,1650,1406,244
31055006000,3830,3274,556
31055006101,2385,2079,306
31055006102,3720,3254,466
31055006202,4364,4053,311
31055006301,2746,2524,222
31055006302,4489,4272,217
31055006303,2573,2227,346
31055006400,5143,4536,607
31055006503,2751,2580,171
31055006504,3724,3603,121
31055006505,1926,1926,0
31055006506,3642,3502,140
31055006602,6006,5750,256
31055006603,2788,2680,108
31055006604,4055,3648,407
31055006701,3770,3702,68
31055006703,3111,2910,201
31055006704,1602,1602,0
31055006803,1924,1919,5
31055006804,1454,1406,48
31055006805,3378,3359,19
31055006806,2662,2596,66
31055006903,2498,2389,109
31055006904,4200,4048,152
31055006905,1733,1678,55
31055006906,3019,2957,62
31055007001,4240,3804,436
31055007002,3479,3067,412
31055007003,2657,1886,771
31055007101,3146,2201,945
31055007102,3863,2840,1023
31055007303,2966,2943,23
31055007304,1468,1359,109
31055007309,4460,4123,337
31055007310,2837,2689,148
31055007311,3323,3246,77
31055007312,2083,2025,58
31055007313,8016,7527,489
31055007314,3854,3757,97
31055007315,3774,3737,37
31055007316,3041,2906,135
31055007317,4082,4016,66
31055007318,4909,4875,34
31055007405,2432,2328,104
31055007406,4971,4782,189
31055007407,2794,2701,93
31055007408,4416,4105,311
31055007409,2224,2160,64
31055007424,2787,2460,327
31055007429,3299,3107,192
31055007431,4641,4581,60
31055007432,3234,3093,141
31055007433,4318,3963,355
31055007434,3382,3204,178
31055007435,3751,3438,313
31055007436,4150,4078,72
31055007438,1913,1803,110
31055007439,4548,4383,165
31055007440,1978,1775,203
31055007441,2613,2577,36
31055007442,4877,4742,135
31055007443,3213,3070,143
31055007444,4292,4001,291
31055007445,2670,2536,134
31055007446,3850,3760,90
31055007447,2781,2637,144
31055007448,2800,2735,65
31055007449,3236,3151,85
31055007450,3264,3166,98
31055007451,5400,5253,147
31055007452,4834,4680,154
31055007453,3357,3346,11
31055007454,4813,4579,234
31055007455,1653,1294,359
31055007456,2409,2222,187
31055007457,2702,2441,261
31055007458,2985,2657,328
31055007459,3615,3127,488
31055007460,4342,4123,219
31055007461,5909,5634,275
31055007462,4766,4447,319
31055007463,4431,4261,170
31055007464,2928,2836,92
31055007465,4373,4007,366
31055007466,5077,4359,718
31055007467,4932,4683,249
31055007468,3168,2577,591
31055007469,4231,3874,357
31055007470,6344,5993,351
31055007471,3772,3639,133
31055007472,4569,4331,238
31055007504,2961,2897,64
31055007505,2982,2971,11
31055007506,2671,2533,138
31055007508,2862,2809,53
31055007509,4534,4457,77
31055007511,6438,6247,191
31055007512,7128,6893,235
31055007513,6106,6008,98
31055007514,4133,4087,46
31055007515,4543,4346,197
31055007516,3897,3850,47
31055007517,5571,5419,152
31057962300,1823,1718,105
31059091600,2309,2204,105
31059091700,3367,3261,106
31061964600,1366,1335,31
31061964700,1710,1684,26
31063961100,2599,2571,28
31065963900,4850,4682,168
31067964600,2652,2652,0
31067964700,3704,3609,95
31067964800,3722,3609,113
31067964900,3933,3888,45
31067965000,3131,3055,76
31067965100,1945,1824,121
31067965200,2691,2677,14
31069952100,1930,1846,84
31071973200,1968,1927,41
31073967600,1977,1966,11
31075956300,647,627,20
31077970900,2447,2399,48
31079000100,2769,2541,228
31079000200,5201,2123,3078
31079000300,6019,3292,2727
31079000400,5576,4437,1139
31079000500,5161,5136,25
31079000600,5319,4540,779
31079000700,4519,3336,1183
31079000800,2986,2628,358
31079000900,5045,3049,1996
31079001000,4873,3404,1469
31079001100,4658,2514,2144
31079001200,3844,3507,337
31079001300,3007,2852,155
31079001400,2128,1780,348
31081969100,1893,1856,37
31081969200,2535,2373,162
31081969300,4690,4619,71
31083964200,3465,3315,150
31085961500,1013,955,58
31087962700,2866,2842,24
31089974000,1650,1627,23
31089974100,2469,2433,36
31089974200,2059,2012,47
31089974300,4182,3863,319
31091956700,669,640,29
31093970500,1637,1613,24
31093970600,4728,4599,129
31095963600,3223,3037,186
31095963700,2695,2636,59
31095963800,1436,1432,4
31097967500,1838,1820,18
31097967600,3329,2837,492
31099966600,3512,3322,190
31099966700,3036,2877,159
31101000100,1430,1349,81
31101000200,3181,2983,198
31101000300,3492,3255,237
31103975400,736,728,8
31105954500,3713,3418,295
31107976200,2985,2967,18
31107976300,2386,2330,56
31107976400,3180,3032,148
31109000100,3694,3326,368
31109000201,4670,4464,206
31109000202,4468,4085,383
31109000300,3759,3633,126
31109000400,5448,4968,480
31109000500,1939,1669,270
31109000600,6183,5890,293
31109000700,2593,2429,164
31109000800,3800,2908,892
31109000900,3683,3476,207
31109001001,3117,2857,260
31109001002,1733,1706,27
31109001003,4012,3729,283
31109001101,4451,4349,102
31109001102,3687,3649,38
31109001200,6353,6336,17
31109001301,3893,3852,41
31109001302,2980,2906,74
31109001400,4911,4731,180
31109001500,4301,3965,336
31109001600,5944,5617,327
31109001700,5359,4472,887
31109001800,1768,1372,396
31109001900,1215,1193,22
31109002001,2491,2209,282
31109002002,2899,2572,327
31109002100,2249,1563,686
31109002200,5591,4726,865
31109002300,5857,5484,373
31109002400,2996,2907,89
31109002500,5567,5340,227
31109002701,3377,3168,209
31109002702,5444,5088,356
31109002800,5398,5169,229
31109002900,5079,4730,349
31109003001,7174,6854,320
31109003002,3244,2839,405
31109003003,4997,4429,568
31109003102,5832,5462,370
31109003103,2721,1907,814
31109003104,5769,4716,1053
31109003202,3192,2875,317
31109003301,4536,4219,317
31109003302,4215,3577,638
31109003401,5821,5339,482
31109003402,6912,6376,536
31109003500,13,13,0
31109003601,1208,1026,182
31109003604,3135,3048,87
31109003605,3704,3546,158
31109003607,4192,4091,101
31109003608,1230,1145,85
31109003609,2488,2387,101
31109003704,5140,4700,440
31109003706,6329,6113,216
31109003707,7353,7240,113
31109003708,4431,4295,136
31109003709,5027,4855,172
31109003713,2344,2311,33
31109003714,2658,2417,241
31109003715,2549,2542,7
31109003716,5186,4936,250
31109003717,3676,3570,106
31109003718,2465,2451,14
31109003719,4617,4571,46
31109003720,2104,2015,89
31109003801,4909,4837,72
31109003802,3302,3141,161
31109010100,6656,6539,117
31109010201,4815,4491,324
31109010202,4428,4363,65
31109010300,3996,3969,27
31109010400,8316,8149,167
31109983200,114,108,6
31111959700,3643,3604,39
31111959800,3366,3115,251
31111959900,4864,4481,383
31111960200,4383,3839,544
31111960300,4523,4067,456
31111960400,5847,5253,594
31111960500,5135,4715,420
31111960600,4016,3815,201
31113957500,830,814,16
31115972800,542,542,0
31117957900,425,421,4
31119960600,5278,4844,434
31119960700,3294,2762,532
31119960801,4639,4110,529
31119960802,3147,3071,76
31119960900,4680,3885,795
31119961000,3277,2674,603
31119961100,2072,1606,466
31119961200,3640,3469,171
31119961300,5098,3710,1388
31121966600,1944,1861,83
31121966700,2451,2265,186
31121966800,3398,3356,42
31123952500,4843,4110,733
31125966100,3607,3519,88
31127968100,3585,3444,141
31127968200,3516,3479,37
31129960000,2264,2181,83
31129960100,2088,2054,34
31131966600,2025,1990,35
31131966700,3208,3199,9
31131966800,3022,2983,39
31131966900,4630,4251,379
31131967000,3005,2330,675
31133967800,2695,2645,50
31135959300,2911,2802,109
31137967000,2661,2543,118
31137967100,3343,3189,154
31137967200,3232,3019,213
31139979100,4030,3962,68
31139979200,3149,3103,46
31141965100,3882,3827,55
31141965298,3220,3196,24
31141965300,7554,6271,1283
31141965400,4919,3703,1216
31141965500,5563,4463,1100
31141965600,4211,3036,1175
31141965700,3354,2680,674
31143960000,2066,2066,0
31143960100,3176,2949,227
31145963100,2700,2693,7
31145963200,4819,4390,429
31145963300,3365,3279,86
31147964500,1732,1718,14
31147968500,1888,1882,6
31147968600,4529,4402,127
31149974600,1407,1397,10
31151960600,7951,4990,2961
31151960700,2207,2086,121
31151960800,1438,1392,46
31151960900,2760,2540,220
31153010103,4548,4089,459
31153010104,1796,1463,333
31153010105,2758,2599,159
31153010106,4319,4013,306
31153010107,3726,2889,837
31153010108,4013,3374,639
31153010203,4941,4794,147
31153010204,3556,3227,329
31153010205,5749,5387,362
31153010206,4615,3905,710
31153010207,2555,2392,163
31153010208,3616,3474,142
31153010302,694,600,94
31153010305,1905,1583,322
31153010306,2577,2265,312
31153010401,2951,2076,875
31153010402,4431,3948,483
31153010501,7361,5707,1654
31153010502,4164,3667,497
31153010503,3438,2865,573
31153010614,5402,4885,517
31153010615,1907,1685,222
31153010616,3789,3620,169
31153010617,5404,5081,323
31153010618,6938,6257,681
31153010619,4559,4289,270
31153010620,4743,4586,157
31153010621,5848,5346,502
31153010622,3465,3449,16
31153010623,4640,4500,140
31153010624,5454,5181,273
31153010625,5069,4568,501
31153010626,5646,5503,143
31153010627,2951,2835,116
31153010628,5961,5808,153
31153010629,1889,1841,48
31153010630,3488,3347,141
31153010631,5025,4859,166
31153010632,4379,4172,207
31153010633,3376,3260,116
31153010634,2877,2688,189
31153010701,2359,2348,11
31153010702,3578,3528,50
31155968100,3158,3123,35
31155968200,5405,5351,54
31155968300,4969,4814,155
31155968400,4315,4189,126
31155968500,3099,3049,50
31157952900,2798,2433,365
31157953000,3343,2794,549
31157953100,2384,1952,432
31157953200,1476,1326,150
31157953300,3510,2851,659
31157953400,3201,2935,266
31157953500,3081,1997,1084
31157953600,3014,2356,658
31157953700,3941,1388,2553
31157953800,4261,3803,458
31157953900,5590,4415,1175
31159960100,4453,4409,44
31159960200,2516,2449,67
31159960300,4896,4785,111
31159960400,5248,5080,168
31161951600,2026,1964,62
31161951700,3233,3067,166
31163970100,3090,3031,59
31165950100,1274,1243,31
31167962100,1601,1587,14
31167962200,4421,4117,304
31169963100,2558,2487,71
31169963200,2605,2562,43
31171957100,675,671,4
31173940100,4325,4089,236
31173940200,2664,2573,91
31175971300,1729,1665,64
31175971400,2511,2463,48
31177050101,3438,3214,224
31177050102,5228,5115,113
31177050201,4099,4065,34
31177050202,3093,3031,62
31177050300,4480,4363,117
31179978600,3498,3449,49
31179978700,5916,5453,463
31181965000,1949,1913,36
31181965100,1716,1593,123
31183973600,805,805,0
31185969600,2880,2845,35
31185969700,4135,3854,281
31185969800,4450,4223,227
31185969900,2377,2272,105
32001950100,2416,2188,228
32001950301,3889,3475,414
32001950302,5039,4198,841
32001950400,794,660,134
32001950500,1696,1578,118
32001950600,4610,3717,893
32001950700,5704,5206,498
32003000101,7306,2916,4390
32003000103,5843,2213,3630
32003000105,3944,1818,2126
32003000106,4617,2881,1736
32003000107,3553,2023,1530
32003000108,3891,1374,2517
32003000109,4052,1808,2244
32003000201,4205,2652,1553
32003000203,4065,2491,1574
32003000204,1157,860,297
32003000301,2535,1616,919
32003000302,4887,3512,1375
32003000401,2152,1641,511
32003000402,2667,1012,1655
32003000403,2604,1279,1325
32003000510,4747,799,3948
32003000513,3960,1093,2867
32003000514,6937,2790,4147
32003000515,5369,1439,3930
32003000516,5893,2167,3726
32003000517,5052,1367,3685
32003000518,5894,2267,3627
32003000519,4696,800,3896
32003000520,1977,357,1620
32003000521,3430,1224,2206
32003000522,2721,678,2043
32003000523,2204,1188,1016
32003000524,1965,554,1411
32003000525,2488,588,1900
32003000526,3059,496,2563
32003000527,3871,943,2928
32003000528,3434,882,2552
32003000600,2466,1601,865
32003000700,4216,3226,990
32003000800,1897,1418,479
32003000900,1187,1098,89
32003001003,3866,2392,1474
32003001004,6626,4067,2559
32003001005,1585,1381,204
32003001006,3556,2977,579
32003001100,2452,1492,960
32003001200,3635,2052,1583
32003001300,5360,1635,3725
32003001401,2754,1277,1477
32003001402,4473,1471,3002
32003001501,3010,1710,1300
32003001502,3844,2024,1820
32003001607,4643,3463,1180
32003001608,1517,744,773
32003001609,4790,1660,3130
32003001610,2903,998,1905
32003001611,4102,1606,2496
32003001612,7164,3807,3357
32003001613,3979,1910,2069
32003001706,2914,2380,534
32003001707,1536,1113,423
32003001708,3125,2089,1036
32003001709,1668,1115,553
32003001710,4023,1955,2068
32003001711,3703,2585,1118
32003001712,4156,3002,1154
32003001713,3113,1775,1338
32003001714,3608,1678,1930
32003001715,2772,1065,1707
32003001716,1744,652,1092
32003001717,1325,1195,130
32003001718,2485,1111,1374
32003001801,6594,3317,3277
32003001803,2644,1217,1427
32003001804,3706,1302,2404
32003001901,5416,2316,3100
32003001902,4160,1801,2359
32003002000,4091,3312,779
32003002201,4688,2806,1882
32003002203,5415,1862,3553
32003002204,4419,943,3476
32003002206,3138,1507,1631
32003002207,4346,921,3425
32003002302,789,600,189
32003002303,591,545,46
32003002403,3913,2209,1704
32003002404,4710,2239,2471
32003002405,4789,2080,2709
32003002406,3135,2225,910
32003002501,7133,3468,3665
32003002504,4080,2610,1470
32003002505,1960,986,974
32003002506,3863,2157,1706
32003002603,3955,3146,809
32003002604,2156,1373,783
32003002605,717,655,62
32003002706,4011,2211,1800
32003002707,3706,1911,1795
32003002708,2571,1542,1029
32003002808,2074,1801,273
32003002810,3617,2903,714
32003002811,4077,3439,638
32003002814,4910,4359,551
32003002821,4793,3387,1406
32003002822,4152,1630,2522
32003002823,3497,2691,806
32003002824,1757,1429,328
32003002825,3189,2098,1091
32003002826,3086,2156,930
32003002827,2892,2016,876
32003002828,3600,2659,941
32003002829,4134,2866,1268
32003002830,6044,4668,1376
32003002831,3834,2730,1104
32003002832,5939,5240,699
32003002833,5413,4496,917
32003002834,6343,5192,1151
32003002835,2554,2062,492
32003002836,3743,2648,1095
32003002837,5975,4516,1459
32003002838,4957,3668,1289
32003002841,3131,2782,349
32003002842,5907,4415,1492
32003002843,9666,7875,1791
32003002844,6080,5010,1070
32003002845,4628,3162,1466
32003002846,7414,5937,1477
32003002847,3964,2535,1429
32003002848,3676,2710,966
32003002905,4511,3220,1291
32003002915,4880,3971,909
32003002916,2719,2468,251
32003002919,3967,3057,910
32003002935,1666,1296,370
32003002936,3348,2570,778
32003002937,4922,2924,1998
32003002938,1491,1346,145
32003002939,1823,1762,61
32003002940,3649,3009,640
32003002941,5180,2923,2257
32003002942,4770,3874,896
32003002944,3841,3210,631
32003002946,2192,1839,353
32003002947,2936,2652,284
32003002948,3536,1709,1827
32003002949,3377,2028,1349
32003002950,4500,3574,926
32003002951,7400,6217,1183
32003002952,2523,2416,107
32003002953,4747,3682,1065
32003002954,4051,2532,1519
32003002956,2611,1862,749
32003002957,1775,1555,220
32003002958,5441,4156,1285
32003002961,2470,2118,352
32003002962,1656,1442,214
32003002964,4983,3219,1764
32003002965,4182,2585,1597
32003002966,5019,3597,1422
32003002967,3533,2687,846
32003002968,2787,2436,351
32003002969,1553,1295,258
32003002970,3562,2823,739
32003002974,5738,4424,1314
32003002975,5959,4617,1342
32003002976,4590,4125,465
32003002977,3201,2685,516
32003002978,3893,3206,687
32003002979,2647,2084,563
32003002980,6810,5775,1035
32003002981,4714,3513,1201
32003002982,7814,5926,1888
32003002983,3461,2699,762
32003002984,5819,4140,1679
32003002985,4366,3446,920
32003002995,2735,1240,1495
32003002996,4940,2385,2555
32003003001,4237,2420,1817
32003003003,5237,3606,1631
32003003004,2166,1581,585
32003003005,3405,2324,1081
32003003006,3769,2054,1715
32003003102,5841,2884,2957
32003003103,3698,2030,1668
32003003104,3933,2480,1453
32003003204,5961,5146,815
32003003208,3017,2831,186
32003003210,2619,2533,86
32003003211,3245,3152,93
32003003213,1983,1879,104
32003003214,1849,1806,43
32003003215,4418,3597,821
32003003218,5396,4561,835
32003003219,5699,5052,647
32003003220,6406,4575,1831
32003003222,4579,3926,653
32003003223,3178,3019,159
32003003226,2576,2337,239
32003003227,3399,3104,295
32003003228,4182,3588,594
32003003229,2600,2130,470
32003003230,8406,6895,1511
32003003231,9589,8073,1516
32003003232,5896,5312,584
32003003233,4118,3409,709
32003003234,4343,3778,565
32003003235,3143,2601,542
32003003236,2200,2039,161
32003003237,3886,3283,603
32003003238,6839,5596,1243
32003003239,3589,3148,441
32003003240,3988,3390,598
32003003241,4192,3338,854
32003003242,1771,1623,148
32003003243,5158,4240,918
32003003244,3885,3052,833
32003003245,5270,4082,1188
32003003246,4077,3422,655
32003003247,3926,3335,591
32003003248,3581,2669,912
32003003249,3734,3035,699
32003003250,5433,4788,645
32003003251,2503,2228,275
32003003252,4564,3850,714
32003003253,3766,2727,1039
32003003254,3928,2828,1100
32003003260,3543,2741,802
32003003261,2490,1630,860
32003003262,2894,2820,74
32003003303,5128,3720,1408
32003003305,5717,4533,1184
32003003306,4167,3618,549
32003003307,6749,5551,1198
32003003308,3391,2706,685
32003003309,4095,3471,624
32003003310,4950,4269,681
32003003311,3639,3041,598
32003003312,4110,3531,579
32003003313,3365,2706,659
32003003314,6942,5469,1473
32003003315,4575,3687,888
32003003316,5452,4563,889
32003003317,2759,2303,456
32003003318,5427,4774,653
32003003319,6129,5198,931
32003003320,4846,3857,989
32003003321,2618,2397,221
32003003408,5049,4042,1007
32003003409,6576,5043,1533
32003003410,6048,4625,1423
32003003411,4006,3385,621
32003003412,4391,2867,1524
32003003413,5472,3675,1797
32003003414,2241,1757,484
32003003415,6562,3837,2725
32003003416,3199,2014,1185
32003003418,4335,2982,1353
32003003419,6626,3939,2687
32003003420,4432,2459,1973
32003003421,3508,2397,1111
32003003422,5213,2901,2312
32003003423,6740,3930,2810
32003003426,3624,2659,965
32003003427,3941,2193,1748
32003003428,2253,1202,1051
32003003429,5803,3149,2654
32003003430,2638,1446,1192
32003003431,3167,1335,1832
32003003500,3377,2415,962
32003003607,8216,4471,3745
32003003609,4794,3543,1251
32003003610,5950,3614,2336
32003003612,7677,5152,2525
32003003613,7480,3457,4023
32003003615,2790,1945,845
32003003616,4234,2161,2073
32003003617,1308,882,426
32003003618,8917,7241,1676
32003003619,3580,3000,580
32003003620,5770,4509,1261
32003003621,3290,3218,72
32003003622,6522,4829,1693
32003003623,5797,3991,1806
32003003624,6297,4775,1522
32003003625,8564,5349,3215
32003003626,4296,3624,672
32003003627,4409,3410,999
32003003628,9681,6160,3521
32003003629,6437,4886,1551
32003003630,6328,4496,1832
32003003631,3823,2620,1203
32003003632,3444,1767,1677
32003003633,3715,2183,1532
32003003634,4667,3176,1491
32003003635,6017,3908,2109
32003003636,2683,2267,416
32003003637,4553,3996,557
32003003638,3117,2161,956
32003003639,4267,2394,1873
32003003640,4763,2909,1854
32003003641,6060,4109,1951
32003003642,4042,2551,1491
32003003643,5561,2894,2667
32003003644,5009,3141,1868
32003003700,2693,1766,927
32003003800,3823,1127,2696
32003004000,3457,435,3022
32003004100,5725,970,4755
32003004200,4754,955,3799
32003004301,1573,99,1474
32003004302,3657,861,2796
32003004401,2747,456,2291
32003004402,3775,769,3006
32003004500,4544,860,3684
32003004601,4976,1766,3210
32003004602,2547,970,1577
32003004703,5503,2893,2610
32003004707,3142,630,2512
32003004709,5657,1608,4049
32003004710,7062,2147,4915
32003004712,4091,2664,1427
32003004713,4003,1860,2143
32003004714,5986,2229,3757
32003004715,5495,3496,1999
32003004716,3264,1280,1984
32003004717,3296,740,2556
32003004907,3769,2472,1297
32003004910,3339,1449,1890
32003004911,3751,1798,1953
32003004912,5669,2308,3361
32003004914,2537,1115,1422
32003004915,3339,1615,1724
32003004916,2511,1033,1478
32003004917,2975,1529,1446
32003004918,4037,2147,1890
32003004919,4430,2526,1904
32003004920,5468,2189,3279
32003004921,6146,2966,3180
32003004923,4559,2830,1729
32003004924,4369,1893,2476
32003004925,6556,2973,3583
32003004926,3625,1887,1738
32003005005,4335,3669,666
32003005006,5173,2891,2282
32003005007,2616,2112,504
32003005010,5739,3031,2708
32003005011,2856,1600,1256
32003005012,3210,1646,1564
32003005013,4378,2599,1779
32003005014,5375,2794,2581
32003005015,4436,3216,1220
32003005016,5641,2701,2940
32003005017,5872,3954,1918
32003005101,7933,6139,1794
32003005102,4998,4322,676
32003005103,5480,3987,1493
32003005104,3314,2820,494
32003005105,9149,6783,2366
32003005106,3397,2747,650
32003005107,4295,3439,856
32003005108,3968,3259,709
32003005109,7407,6375,1032
32003005200,3882,2748,1134
32003005311,2843,2405,438
32003005312,2667,2226,441
32003005313,6089,4984,1105
32003005314,2896,2357,539
32003005315,4982,4084,898
32003005316,4688,3514,1174
32003005317,5415,4590,825
32003005318,3113,2813,300
32003005319,2640,1843,797
32003005320,2568,2165,403
32003005321,3986,3265,721
32003005322,1350,1232,118
32003005333,2529,2267,262
32003005335,4703,4304,399
32003005336,3953,3510,443
32003005337,3254,2954,300
32003005338,1849,1650,199
32003005341,2443,1997,446
32003005342,3477,3094,383
32003005343,4727,4173,554
32003005346,5309,4501,808
32003005347,5338,4711,627
32003005348,5078,4238,840
32003005349,4477,3662,815
32003005350,3653,3258,395
32003005351,4400,3736,664
32003005352,3384,3080,304
32003005353,4182,3528,654
32003005354,6150,5008,1142
32003005355,4814,4315,499
32003005356,2729,2236,493
32003005357,6741,5621,1120
32003005358,2937,2495,442
32003005359,7928,6989,939
32003005360,4931,3864,1067
32003005421,3942,3093,849
32003005422,4446,3502,944
32003005423,4666,3693,973
32003005432,6328,5674,654
32003005433,4330,3765,565
32003005434,5207,4274,933
32003005435,3529,3070,459
32003005436,9165,7349,1816
32003005437,2804,2682,122
32003005438,2254,1834,420
32003005439,3684,2582,1102
32003005501,4056,3855,201
32003005502,4482,3839,643
32003005503,3256,3053,203
32003005504,3579,3218,361
32003005607,3738,2321,1417
32003005612,1280,1151,129
32003005613,4475,4238,237
32003005614,2516,1461,1055
32003005615,1656,1514,142
32003005702,3206,2800,406
32003005703,870,745,125
32003005704,1875,1438,437
32003005705,2742,2564,178
32003005711,4711,4258,453
32003005712,9377,8506,871
32003005713,6190,5879,311
32003005714,5535,5054,481
32003005715,4496,4087,409
32003005716,3993,3913,80
32003005803,4355,3744,611
32003005804,3906,3564,342
32003005805,2899,2454,445
32003005806,3911,3353,558
32003005807,4129,3574,555
32003005808,3414,2895,519
32003005809,4152,3335,817
32003005811,8952,7104,1848
32003005813,4266,3334,932
32003005818,4808,3601,1207
32003005822,6405,5091,1314
32003005823,4979,4538,441
32003005824,3450,3182,268
32003005825,6231,4494,1737
32003005826,3965,3314,651
32003005827,6911,6084,827
32003005828,8537,7202,1335
32003005829,7609,5979,1630
32003005830,3999,3509,490
32003005831,4563,4043,520
32003005832,5417,4499,918
32003005833,8142,6796,1346
32003005834,2465,1799,666
32003005835,4105,3535,570
32003005836,3937,3183,754
32003005837,4678,3874,804
32003005838,6524,5243,1281
32003005839,4264,3534,730
32003005840,10599,8004,2595
32003005841,5256,4696,560
32003005842,2142,2064,78
32003005843,2573,2336,237
32003005844,6073,5416,657
32003005845,4171,3605,566
32003005846,5489,4937,552
32003005847,1970,1784,186
32003005848,3896,2933,963
32003005849,3554,2931,623
32003005850,4220,3597,623
32003005851,6119,5091,1028
32003005852,4731,4060,671
32003005853,8377,6517,1860
32003005854,10221,8935,1286
32003005855,6843,6195,648
32003005856,4580,4099,481
32003005902,1699,1165,534
32003005903,2615,2347,268
32003005904,2593,2387,206
32003005905,2227,1985,242
32003006001,6409,4846,1563
32003006103,3080,1949,1131
32003006104,4415,3489,926
32003006201,3954,2054,1900
32003006202,3948,2240,1708
32003006203,3075,1502,1573
32003006204,4994,2554,2440
32003006700,763,701,62
32003006800,4793,2066,2727
32003006900,1911,1613,298
32003007100,3243,818,2425
32003007200,5048,2754,2294
32003007500,3828,3203,625
32003007600,3932,2989,943
32003007800,2099,1660,439
32005001000,2608,2336,272
32005001100,5101,4283,818
32005001200,2926,2652,274
32005001300,1587,1491,96
32005001400,3337,2936,401
32005001500,5555,4617,938
32005001600,1137,1116,21
32005001700,1894,1506,388
32005001800,2242,2025,217
32005001900,1462,1389,73
32005002000,3658,2932,726
32005002100,2258,1854,404
32005002200,6461,5978,483
32005002300,3585,3457,128
32005002400,1758,1474,284
32005002500,1857,1670,187
32005990000,0,0,0
32007950200,2177,1781,396
32007950701,6837,5412,1425
32007950702,5667,4649,1018
32007950800,1688,1479,209
32007950900,2159,1844,315
32007951000,1892,1289,603
32007951201,4952,4662,290
32007951202,3533,2050,1483
32007951300,2472,1432,1040
32007951401,4449,3128,1321
32007951402,6148,5729,419
32007951500,4615,1835,2780
32007951600,2348,2191,157
32007951700,3092,2026,1066
32009950100,1069,933,136
32011000100,1730,1722,8
32013010500,6040,5209,831
32013010600,2415,1996,419
32013010701,5055,2641,2414
32013010702,3581,2826,755
32015000300,5907,4374,1533
32017950100,2911,2697,214
32017950200,2244,2016,228
32019960101,10210,8970,1240
32019960102,7830,5861,1969
32019960103,1340,1071,269
32019960201,3976,3688,288
32019960202,3273,3182,91
32019960301,1825,1285,540
32019960302,9551,8260,1291
32019960303,4621,3917,704
32019960800,3714,3175,539
32019960900,5557,4291,1266
32021970700,2833,2419,414
32021970800,1686,1514,172
32023960100,2517,2268,249
32023960200,2559,2268,291
32023960300,2223,1150,1073
32023960401,5664,4766,898
32023960402,4316,3761,555
32023960403,5189,4639,550
32023960404,8885,7725,1160
32023960405,3337,2895,442
32023960406,8508,7616,892
32023980500,0,0,0
32027960100,6690,5110,1580
32029970200,3941,3697,244
32031000101,3092,2601,491
32031000102,2679,2232,447
32031000201,2996,1531,1465
32031000202,2802,1890,912
32031000300,3630,3295,335
32031000400,5042,4714,328
32031000700,5279,3759,1520
32031000900,4493,1076,3417
32031001005,2821,2414,407
32031001008,4350,2384,1966
32031001009,2608,1657,951
32031001010,2860,2760,100
32031001011,3832,3747,85
32031001012,3353,3155,198
32031001013,6458,6313,145
32031001014,2361,2270,91
32031001015,4484,4287,197
32031001101,2703,2581,122
32031001103,4930,4784,146
32031001104,4610,4393,217
32031001105,3889,3721,168
32031001201,2474,2162,312
32031001202,4792,3754,1038
32031001300,3612,3161,451
32031001400,3431,2888,543
32031001501,4575,3776,799
32031001502,6030,4282,1748
32031001701,4048,1961,2087
32031001702,5505,3469,2036
32031001801,3448,1661,1787
32031001802,3660,1338,2322
32031001901,4809,2214,2595
32031001902,4844,3251,1593
32031002103,2729,2271,458
32031002104,3303,2825,478
32031002105,4829,3082,1747
32031002106,3490,2287,1203
32031002107,1824,1155,669
32031002204,5318,2328,2990
32031002205,4581,3287,1294
32031002206,7100,5605,1495
32031002207,5003,4275,728
32031002208,3199,2892,307
32031002209,7070,6296,774
32031002210,2487,2417,70
32031002211,4048,1465,2583
32031002212,4978,1487,3491
32031002301,5445,5089,356
32031002302,2251,2062,189
32031002401,3559,3253,306
32031002406,5274,4459,815
32031002407,4212,3734,478
32031002408,3090,2765,325
32031002409,4636,4286,350
32031002410,4182,3376,806
32031002411,4279,3574,705
32031002412,2930,2483,447
32031002500,5008,4432,576
32031002603,1745,1641,104
32031002610,5512,4060,1452
32031002611,6432,4956,1476
32031002612,3697,3196,501
32031002613,5684,4981,703
32031002614,3703,2323,1380
32031002615,3497,2614,883
32031002616,4832,3125,1707
32031002617,6967,4661,2306
32031002618,5953,5146,807
32031002619,5786,4101,1685
32031002703,2675,1485,1190
32031002704,4720,2598,2122
32031002705,4971,3141,1830
32031002706,4756,3092,1664
32031002707,4989,2842,2147
32031002801,4792,2850,1942
32031002802,5516,2544,2972
32031002901,3441,2531,910
32031002902,4432,2641,1791
32031003000,6568,4010,2558
32031003101,3938,3190,748
32031003105,2366,1827,539
32031003106,6983,4850,2133
32031003108,3387,2633,754
32031003109,3205,3021,184
32031003110,5470,4367,1103
32031003202,6024,5676,348
32031003203,4807,4555,252
32031003204,2392,2303,89
32031003305,1323,996,327
32031003306,1713,956,757
32031003307,1364,1171,193
32031003308,2132,2069,63
32031003309,2244,2154,90
32031003501,3723,3280,443
32031003503,4708,3592,1116
32031003504,7143,6554,589
32031003507,4174,3657,517
32031003508,3289,2742,547
32031003509,5684,4420,1264
32031003510,3368,2433,935
32031003511,5379,4688,691
32031003512,4819,4390,429
32031003513,2586,2018,568
32031003514,2862,2574,288
32031003515,7187,5601,1586
32031940200,1581,1463,118
32031980000,70,62,8
32031980100,0,0,0
32031980200,0,0,0
32031980300,0,0,0
32031990000,0,0,0
32031990100,0,0,0
32033970100,1637,1527,110
32033970200,5914,4902,1012
32033970300,2342,1978,364
32510000100,3129,2581,548
32510000200,3866,3637,229
32510000300,3668,3490,178
32510000400,3858,3156,702
32510000501,5979,4311,1668
32510000502,3449,2769,680
32510000600,5743,3947,1796
32510000701,3798,3054,744
32510000702,3353,2767,586
32510000800,4350,3913,437
32510000900,5020,3274,1746
32510001001,4379,1953,2426
32510001002,3820,3086,734
32510990000,0,0,0
33001965100,3280,3252,28
33001965200,3196,3066,130
33001965300,3158,3124,34
33001965400,2976,2913,63
33001965598,3567,3434,133
33001965600,3744,3674,70
33001965700,4631,4599,32
33001965800,7281,7052,229
33001965900,4004,3905,99
33001966000,5281,5281,0
33001966100,3789,3731,58
33001966200,3097,3096,1
33001966401,1288,1249,39
33001966402,5815,5815,0
33001966500,5285,5248,37
33003955100,4052,4035,17
33003955300,6312,6241,71
33003955400,4072,4054,18
33003955500,2820,2813,7
33003955600,5028,5004,24
33003955800,2676,2672,4
33003955900,4273,4152,121
33003956000,5835,5759,76
33003956100,6208,5999,209
33003956300,4042,4002,40
33003956400,2098,2040,58
33005970100,4263,4187,76
33005970200,3747,3688,59
33005970400,5014,4934,80
33005970500,5337,5337,0
33005970600,5907,5804,103
33005970700,3580,3555,25
33005970800,4096,4061,35
33005970900,7182,6970,212
33005971000,5803,5704,99
33005971100,5180,5028,152
33005971300,3157,3063,94
33005971401,5575,5450,125
33005971402,3822,3738,84
33005971500,5475,5415,60
33005971600,3937,3894,43
33005971700,4245,4203,42
33007950100,1970,1960,10
33007950200,2927,2900,27
33007950300,1978,1930,48
33007950400,3386,3378,8
33007950500,3381,3372,9
33007950600,4435,4122,313
33007950700,3375,3344,31
33007950800,2344,2332,12
33007950900,3112,3066,46
33007951000,2285,2271,14
33007951100,3026,3007,19
33009960100,5918,5783,135
33009960200,4273,4218,55
33009960300,5015,4967,48
33009960400,3530,3494,36
33009960500,2342,2289,53
33009960600,4617,4557,60
33009960700,3137,3090,47
33009960800,5054,5053,1
33009960900,3283,3150,133
33009961000,6659,6394,265
33009961100,4554,4507,47
33009961200,4037,4016,21
33009961300,3382,3339,43
33009961400,3907,3831,76
33009961500,4557,4504,53
33009961601,2889,2846,43
33009961602,8482,8214,268
33009961700,7809,7368,441
33009961800,5719,5608,111
33011000101,2797,2684,113
33011000102,5036,4929,107
33011000202,2465,2372,93
33011000203,3308,3177,131
33011000204,5104,4712,392
33011000300,2790,2630,160
33011000600,1979,1979,0
33011000700,3086,3003,83
33011000800,2577,2444,133
33011000901,3405,3331,74
33011000902,5972,5565,407
33011001000,5656,5581,75
33011001100,5132,4975,157
33011001200,1855,1616,239
33011001300,2846,2255,591
33011001400,2287,1693,594
33011001500,2732,2065,667
33011001600,4625,3739,886
33011001700,2120,1261,859
33011001800,5576,5088,488
33011001900,3262,2668,594
33011002000,2262,1915,347
33011002100,5208,4505,703
33011002200,3468,3186,282
33011002300,3576,3354,222
33011002400,7418,6888,530
33011002500,5324,5172,152
33011002600,5804,5463,341
33011002701,3848,3848,0
33011002702,6033,5961,72
33011002800,8007,7696,311
33011002901,7590,7510,80
33011002902,6311,6143,168
33011002903,7978,7812,166
33011010100,5002,4504,498
33011010200,7723,6976,747
33011010301,4317,4048,269
33011010302,4233,3820,413
33011010400,5085,4744,341
33011010500,4076,2841,1235
33011010600,5368,4250,1118
33011010700,1399,1187,212
33011010800,7482,4815,2667
33011010900,6870,5721,1149
33011011000,5117,4825,292
33011011101,3549,3343,206
33011011102,3276,3068,208
33011011200,6492,6140,352
33011011300,4662,4550,112
33011011401,5458,4994,464
33011011402,5021,4720,301
33011011500,2149,2033,116
33011012100,8072,8072,0
33011012200,7961,7358,603
33011012300,8775,8707,68
33011013100,8382,8148,234
33011014100,5352,5280,72
33011014201,6033,5716,317
33011014202,6032,6020,12
33011014300,8163,7903,260
33011015100,5220,5083,137
33011015200,6034,5933,101
33011016100,3115,2932,183
33011016201,7014,6879,135
33011016202,5077,4943,134
33011017100,7759,7747,12
33011018000,5148,5125,23
33011018501,2078,2078,0
33011018502,1420,1370,50
33011019000,3677,3655,22
33011019501,1738,1718,20
33011019502,2463,2435,28
33011020000,5462,5412,50
33011021000,8892,8779,113
33011021500,4784,4714,70
33011022000,1648,1620,28
33011022500,6992,6870,122
33011023000,6451,6399,52
33011024000,1832,1824,8
33011025000,2650,2644,6
33011025500,6258,6254,4
33011200100,4695,4637,58
33011200200,4200,4085,115
33011200300,4294,4130,164
33011200400,2561,2189,372
33011980101,0,0,0
33013003001,4055,3931,124
33013003006,3908,3563,345
33013003100,4296,4232,64
33013003200,7116,6866,250
33013030000,2805,2766,39
33013031001,3766,3636,130
33013031002,3914,3914,0
33013032100,3893,3881,12
33013032200,2850,2762,88
33013032300,1634,1590,44
33013032400,3480,3380,100
33013032500,3733,3733,0
33013032600,3833,3642,191
33013032701,1781,1769,12
33013032706,4051,3901,150
33013032800,4931,4907,24
33013032900,4070,3962,108
33013033000,2586,2548,38
33013034000,4649,4649,0
33013035000,4097,4050,47
33013036000,5368,5368,0
33013037000,2203,2169,34
33013038000,3965,3915,50
33013038500,4756,4715,41
33013039000,5601,5601,0
33013040000,4891,4759,132
33013040500,5476,5403,73
33013041000,4594,4473,121
33013041500,3826,3826,0
33013042500,3957,3924,33
33013043001,4131,4009,122
33013043002,4309,4216,93
33013044000,4821,4758,63
33013044100,3796,3764,32
33013044200,5991,5833,158
33013044300,4582,4490,92
33015003301,4608,4503,105
33015003302,5104,4796,308
33015003400,5588,5493,95
33015003500,5446,5250,196
33015003601,7051,6849,202
33015003602,5458,5420,38
33015003701,3605,3406,199
33015003703,5576,5519,57
33015003801,4085,3962,123
33015003802,4134,3838,296
33015003901,4149,4038,111
33015003902,3295,3269,26
33015004000,5222,5130,92
33015050000,3914,3814,100
33015051000,4866,4752,114
33015052000,6231,6196,35
33015053000,4447,4290,157
33015054000,4505,4472,33
33015055001,5605,5557,48
33015055002,4652,4413,239
33015056000,4382,4382,0
33015057000,4271,4166,105
33015058000,4901,4874,27
33015059000,6735,6717,18
33015060000,4686,4643,43
33015061001,6564,6466,98
33015062000,2406,2344,62
33015062500,2961,2900,61
33015063001,3663,3617,46
33015063002,5109,5109,0
33015064000,2377,2377,0
33015065001,8035,8018,17
33015065005,2550,2533,17
33015065006,1555,1543,12
33015065007,1419,1398,21
33015065008,1657,1616,41
33015066000,4384,4257,127
33015067000,7361,7291,70
33015067501,7271,6998,273
33015067502,3183,3132,51
33015069100,4218,4142,76
33015069200,2966,2945,21
33015069300,2129,2058,71
33015069700,3504,3419,85
33015071000,5355,5284,71
33015100100,6525,6420,105
33015100200,5639,5568,71
33015100301,4543,4128,415
33015100302,4361,3535,826
33015100400,7792,7517,275
33015101100,7620,7496,124
33015102100,4787,4622,165
33015103100,6829,6627,202
33015104101,4806,4652,154
33015104102,3747,3598,149
33015105100,6099,5968,131
33015106101,7619,7427,192
33015106102,6619,6567,52
33015106200,3882,3787,95
33015106400,4116,4012,104
33015107100,2493,2365,128
33015107200,5936,5628,308
33015107400,1147,1119,28
33015107500,4622,4587,35
33015980011,0,0,0
33015990000,0,0,0
33017080100,3041,2990,51
33017080202,2547,2535,12
33017080203,5728,5567,161
33017080204,4618,4531,87
33017080500,6232,6061,171
33017081100,7240,7080,160
33017081200,4488,4452,36
33017081300,4292,4207,85
33017081400,1957,1927,30
33017081500,5680,5458,222
33017081600,7093,6943,150
33017082000,2530,2463,67
33017083001,7033,6697,336
33017083002,4723,4674,49
33017084100,4787,4720,67
33017084200,7920,7920,0
33017084300,6356,6193,163
33017084400,3920,3662,258
33017084500,4232,4187,45
33017084600,2837,2796,41
33017085000,8770,8610,160
33017086000,4064,3839,225
33017087000,6827,6751,76
33017088000,4591,4572,19
33017088500,4407,4387,20
33019975100,4248,4225,23
33019975200,4882,4843,39
33019975300,3388,3357,31
33019975400,6393,6350,43
33019975500,2717,2672,45
33019975600,3400,3339,61
33019975700,5001,4912,89
33019975800,5219,5072,147
33019975901,4494,4494,0
33019975902,3309,3184,125
34001000100,2323,1636,687
34001000200,3065,2382,683
34001000300,4297,2592,1705
34001000400,2903,1801,1102
34001000500,3381,1990,1391
34001001100,1884,1745,139
34001001200,3193,2530,663
34001001300,1653,1401,252
34001001400,3890,2881,1009
34001001500,1772,1583,189
34001001900,1663,905,758
34001002300,2557,1426,1131
34001002400,2570,1997,573
34001002500,4155,3582,573
34001010101,3120,2990,130
34001010102,1918,1853,65
34001010104,1501,1362,139
34001010105,2700,2234,466
34001010200,5957,5438,519
34001010300,2481,2114,367
34001010401,5535,5312,223
34001010403,7266,5985,1281
34001010501,7084,6411,673
34001010503,8043,6350,1693
34001010505,2543,2263,280
34001010506,5334,4820,514
34001010600,4243,2678,1565
34001010700,6122,5294,828
34001010800,3209,2707,502
34001010900,5943,4694,1249
34001011000,2566,2146,420
34001011100,2912,2274,638
34001011201,1859,1718,141
34001011202,7524,6519,1005
34001011300,4534,3003,1531
34001011401,4383,3790,593
34001011403,5788,4811,977
34001011404,10157,8695,1462
34001011500,6434,5663,771
34001011600,4935,4699,236
34001011701,9028,7190,1838
34001011702,3269,2247,1022
34001011802,16535,14250,2285
34001011803,4816,3541,1275
34001011804,7042,6470,572
34001011805,2038,1882,156
34001011900,8363,5735,2628
34001012000,4612,2599,2013
34001012100,3148,1339,1809
34001012200,5128,3171,1957
34001012302,3383,2956,427
34001012401,3108,2837,271
34001012402,2046,1889,157
34001012501,2750,2362,388
34001012502,1523,1466,57
34001012602,1407,1400,7
34001012701,3303,2829,474
34001012702,1774,1648,126
34001012801,4061,3511,550
34001012802,1548,1351,197
34001013000,3285,3227,58
34001013101,1240,1215,25
34001013102,1725,1661,64
34001013201,3275,2219,1056
34001013202,2327,1904,423
34001013301,2259,2048,211
34001013302,2644,1991,653
34001013500,2635,2510,125
34001983400,2357,2134,223
34001990000,0,0,0
34003001000,6767,6633,134
34003002100,1522,1400,122
34003002200,5389,4885,504
34003002300,5828,5380,448
34003003100,4946,3581,1365
34003003200,5044,3480,1564
34003003300,6638,5116,1522
34003003401,2958,2369,589
34003003402,3827,3056,771
34003003500,4100,2607,1493
34003004001,3372,2071,1301
34003004002,4976,2766,2210
34003005000,6238,4674,1564
34003006100,7159,5332,1827
34003006201,4416,3121,1295
34003006202,5073,4473,600
34003006300,8013,4335,3678
34003007001,3899,3537,362
34003007002,4751,4679,72
34003008000,8745,7960,785
34003009100,5007,4485,522
34003009200,3446,3370,76
34003010100,5864,5048,816
34003010200,4275,3470,805
34003010300,7649,6127,1522
34003011100,4293,2765,1528
34003011200,5077,3352,1725
34003011300,4240,3157,1083
34003011400,6525,4874,1651
34003012001,5933,4109,1824
34003012002,3303,2896,407
34003013001,6526,5956,570
34003013002,5472,4482,990
34003014000,7621,6865,756
34003015100,2581,2395,186
34003015200,5922,4088,1834
34003015300,6786,4796,1990
34003015400,7041,4838,2203
34003015500,5854,5470,384
34003016000,5405,5157,248
34003017100,7129,6477,652
34003017200,6078,4706,1372
34003017300,6407,5611,796
34003017400,5530,4992,538
34003017500,8061,6434,1627
34003018100,7222,2539,4683
34003018200,7092,3349,3743
34003019102,3326,3155,171
34003019103,4003,3409,594
34003019104,4030,3732,298
34003019202,1772,1271,501
34003019203,3095,2892,203
34003019204,3600,3193,407
34003019303,5378,4624,754
34003019304,2672,2126,546
34003019305,6614,6130,484
34003019306,2117,1894,223
34003020100,4152,3887,265
34003020200,6658,6208,450
34003021100,6869,5216,1653
34003021200,5947,4068,1879
34003021300,4502,3275,1227
34003021400,4668,3248,1420
34003021500,4742,2295,2447
34003021600,4728,2048,2680
34003022100,3970,3754,216
34003022200,7917,7314,603
34003023100,3436,1655,1781
34003023200,6632,4635,1997
34003023301,2981,2174,807
34003023302,5015,4271,744
34003023401,3857,3204,653
34003023402,6351,3606,2745
34003023501,3559,2272,1287
34003023502,4164,2770,1394
34003023601,3063,1753,1310
34003023602,5213,1779,3434
34003024100,5942,5655,287
34003024200,4790,4410,380
34003025100,6320,5327,993
34003025200,5804,5318,486
34003026100,4820,4257,563
34003026200,5634,5192,442
34003027000,4139,3777,362
34003028001,5412,4394,1018
34003028002,3725,3200,525
34003029100,4995,4073,922
34003029200,5873,3992,1881
34003030100,5391,3404,1987
34003030200,7148,4573,2575
34003030300,4396,2656,1740
34003030400,7719,4961,2758
34003031100,5684,4004,1680
34003031200,4636,3752,884
34003031300,5259,4570,689
34003031400,6003,4789,1214
34003032102,5802,5582,220
34003032103,4970,4571,399
34003032104,5305,4484,821
34003032201,5714,5340,374
34003032202,4643,4352,291
34003033100,3578,2807,771
34003033200,2667,2154,513
34003033300,3481,2790,691
34003034000,7283,6490,793
34003035100,8285,7356,929
34003035200,5844,5777,67
34003036100,2755,1580,1175
34003036200,2756,1931,825
34003037100,5653,4690,963
34003037201,4048,3389,659
34003037202,6981,5435,1546
34003038100,5776,4124,1652
34003038200,4276,3262,1014
34003038300,5736,4209,1527
34003039100,4252,3764,488
34003039200,5985,5659,326
34003039300,2804,2706,98
34003040001,3486,3238,248
34003040002,4674,4560,114
34003041100,5501,3663,1838
34003041200,4993,4297,696
34003041301,5465,4083,1382
34003041302,4540,4231,309
34003042100,7088,6452,636
34003042301,4515,4140,375
34003042302,5900,5360,540
34003042400,4606,4278,328
34003042500,4686,4075,611
34003043001,4086,3284,802
34003043002,4768,4129,639
34003044100,6211,6092,119
34003044201,3760,3529,231
34003044202,5029,4794,235
34003045100,8873,6431,2442
34003045200,2421,1778,643
34003046100,4277,2769,1508
34003046200,4225,2376,1849
34003046300,4474,2623,1851
34003047100,5901,5165,736
34003047200,4318,4115,203
34003047300,3138,3047,91
34003047400,5130,4497,633
34003047500,6943,6521,422
34003048100,4138,3575,563
34003048200,7448,6662,786
34003049001,4504,4287,217
34003049002,5466,5208,258
34003050000,5634,4372,1262
34003051100,6251,5340,911
34003051200,2550,2099,451
34003051300,4722,3813,909
34003051400,4957,4092,865
34003052100,7789,6764,1025
34003052200,6191,5105,1086
34003053100,3241,2979,262
34003053200,8301,7681,620
34003054100,8588,7531,1057
34003054200,4291,3440,851
34003054300,6886,6733,153
34003054400,7353,5754,1599
34003054500,4749,3869,880
34003054600,8801,6332,2469
34003055100,6889,6333,556
34003055200,7932,7018,914
34003056100,4622,4439,183
34003056200,5300,4821,479
34003057101,4197,3664,533
34003057102,4011,3532,479
34003057200,3410,2657,753
34003058100,3843,3536,307
34003058200,5470,5059,411
34003059100,5394,4248,1146
34003059200,5776,5070,706
34003060000,8164,7372,792
34003061100,4531,4238,293
34003061200,3486,3429,57
34003061300,3875,3631,244
34003061400,5227,5022,205
34005700102,2761,2591,170
34005700103,2583,2399,184
34005700104,1955,1713,242
34005700200,2736,2569,167
34005700303,3642,3436,206
34005700304,2501,2278,223
34005700305,5164,4801,363
34005700306,2470,2310,160
34005700307,2754,2709,45
34005700401,2130,2002,128
34005700402,3223,3033,190
34005700403,4522,4166,356
34005700405,1912,1745,167
34005700407,5280,4297,983
34005700408,1936,1695,241
34005700501,5659,5525,134
34005700502,2280,2268,12
34005700503,3671,3623,48
34005700504,2977,2943,34
34005700505,6028,6028,0
34005700602,6222,6144,78
34005700603,5962,5368,594
34005700605,4626,4603,23
34005700701,3095,2895,200
34005700702,2791,2391,400
34005700703,2119,1841,278
34005700800,4513,4301,212
34005700900,2538,2348,190
34005701001,4988,4372,616
34005701002,3847,3324,523
34005701102,5462,4999,463
34005701103,6312,5824,488
34005701104,4538,3997,541
34005701105,6348,5875,473
34005701201,3268,3112,156
34005701203,1866,1728,138
34005701204,2516,2185,331
34005701205,2200,1903,297
34005701301,4366,4233,133
34005701302,2835,2684,151
34005701303,5437,5040,397
34005701401,6478,6172,306
34005701402,2117,2096,21
34005701502,4117,3770,347
34005701700,3874,3606,268
34005702101,4114,3452,662
34005702203,3371,2942,429
34005702204,2314,1832,482
34005702206,2074,1869,205
34005702207,3111,2591,520
34005702208,6900,6120,780
34005702209,3337,2998,339
34005702210,4561,3971,590
34005702300,1511,1130,381
34005702400,3363,3029,334
34005702500,6036,5707,329
34005702601,4199,3836,363
34005702603,2722,2356,366
34005702700,8759,7664,1095
34005702801,2079,1909,170
34005702802,3456,3227,229
34005702803,3833,3562,271
34005702804,2621,2248,373
34005702805,4100,3663,437
34005702806,3485,2923,562
34005702807,3219,2902,317
34005702808,3204,2800,404
34005702809,1859,1594,265
34005702810,1175,1069,106
34005702811,2431,2205,226
34005702905,4165,3947,218
34005702906,2097,1988,109
34005702907,2751,2562,189
34005702908,4080,4005,75
34005702909,6177,5850,327
34005702910,5454,5287,167
34005702913,4617,4506,111
34005702914,4462,4188,274
34005702915,4478,4278,200
34005702917,1853,1795,58
34005702918,1715,1525,190
34005703000,6105,5887,218
34005703102,2738,2657,81
34005703103,4674,4343,331
34005703104,5015,4787,228
34005703201,3752,3636,116
34005703202,2756,2670,86
34005703203,3828,3727,101
34005703600,6945,6534,411
34005703700,6488,6203,285
34005703801,6935,6679,256
34005703802,4088,3931,157
34005703803,4872,4679,193
34005703804,7420,7065,355
34005703900,4081,4001,80
34005704004,3755,3448,307
34005704005,3895,3764,131
34005704006,2307,2273,34
34005704007,3753,3517,236
34005704008,5361,5310,51
34005704009,4778,4612,166
34005704011,3092,2991,101
34005704012,5370,4855,515
34005704013,5249,4763,486
34005704014,8018,7808,210
34005704200,8229,7727,502
34005704302,5980,5447,533
34005704500,4243,3662,581
34005704600,2511,2182,329
34005704700,3718,3455,263
34005704801,3438,2862,576
34005704802,5704,4342,1362
34005981802,1641,1355,286
34005982111,1195,1017,178
34007600200,1791,1156,635
34007600400,2857,1929,928
34007600700,1423,413,1010
34007600800,5105,1449,3656
34007600900,4311,1405,2906
34007601000,6578,1290,5288
34007601101,3266,887,2379
34007601102,5892,2570,3322
34007601200,5747,2117,3630
34007601300,4340,2076,2264
34007601400,4527,3709,818
34007601500,5808,3884,1924
34007601600,2492,1993,499
34007601700,3267,2260,1007
34007601800,1394,862,532
34007601900,3046,1932,1114
34007602000,6617,4404,2213
34007602503,2437,1715,722
34007602601,2730,2061,669
34007602602,2773,1862,911
34007602901,4857,3767,1090
34007602902,3183,2381,802
34007603001,3900,3357,543
34007603002,4519,2506,2013
34007603100,3771,2946,825
34007603200,6667,5932,735
34007603301,5088,4550,538
34007603302,6583,5850,733
34007603303,2780,2550,230
34007603400,7322,6195,1127
34007603501,6257,6109,148
34007603503,4462,4443,19
34007603504,2670,2486,184
34007603505,3449,3334,115
34007603506,6214,5901,313
34007603507,6926,6600,326
34007603601,3671,3472,199
34007603602,2507,2277,230
34007603603,2293,2234,59
34007603700,4087,3821,266
34007603800,5305,5181,124
34007603901,5091,4946,145
34007603902,2883,2778,105
34007604100,2955,1481,1474
34007604200,3348,2985,363
34007604300,3778,3616,162
34007604400,3493,3206,287
34007604600,2007,1922,85
34007604700,1993,1963,30
34007605100,2181,2143,38
34007605200,2761,2582,179
34007605300,1954,1816,138
34007605400,2512,2438,74
34007605602,2840,2720,120
34007605700,3539,3519,20
34007605800,2814,2738,76
34007605900,2680,2579,101
34007606000,2012,1940,72
34007606100,2171,2077,94
34007606200,3890,3786,104
34007606300,2336,2269,67
34007606400,3056,2913,143
34007606500,2923,2723,200
34007606600,2162,2115,47
34007606700,4669,4448,221
34007606800,3729,3556,173
34007607000,4563,4085,478
34007607100,3721,3418,303
34007607200,4673,4057,616
34007607300,4321,3919,402
34007607401,2788,2545,243
34007607402,2574,2368,206
34007607502,5799,5549,250
34007607503,6609,6525,84
34007607504,3540,3316,224
34007607505,4972,4831,141
34007607506,3046,2927,119
34007607507,5363,5188,175
34007607600,2157,2101,56
34007607701,5478,3517,1961
34007607702,3838,3100,738
34007607801,5999,4467,1532
34007607802,2167,1933,234
34007607900,1950,1878,72
34007608001,3438,3223,215
34007608202,3869,3549,320
34007608205,4214,4119,95
34007608206,3616,3396,220
34007608209,3151,2960,191
34007608210,4039,3597,442
34007608211,5869,5379,490
34007608302,4665,4354,311
34007608303,2983,2698,285
34007608304,6715,5987,728
34007608401,3845,3687,158
34007608402,3855,3816,39
34007608403,6989,6354,635
34007608404,5892,5867,25
34007608503,2938,2728,210
34007608504,3298,2624,674
34007608600,4924,4268,656
34007608700,7620,7165,455
34007608800,5411,5063,348
34007608901,6231,5671,560
34007608903,3184,3169,15
34007608904,1306,1264,42
34007609000,1639,1333,306
34007609103,5287,5010,277
34007609201,4495,4008,487
34007609202,4974,4415,559
34007609203,9458,8484,974
34007609204,3822,3225,597
34007609205,6487,5506,981
34007610300,2132,1831,301
34007610400,5412,3282,2130
34007610500,7209,4376,2833
34007610600,1217,1018,199
34007610800,3006,2059,947
34007610900,3362,3344,18
34007611000,6415,5258,1157
34007611100,3211,2777,434
34007611200,4478,4293,185
34007611300,4347,4205,142
34007611400,4240,4052,188
34007611500,4894,4400,494
34007611600,3674,3322,352
34007611700,3087,3033,54
34009020101,3964,3549,415
34009020102,2377,2014,363
34009020201,1428,1428,0
34009020203,1992,1992,0
34009020205,866,847,19
34009020206,803,799,4
34009020301,4383,4300,83
34009020302,4565,4479,86
34009020400,3150,2954,196
34009020500,2690,1900,790
34009020600,2218,2075,143
34009020700,4124,3839,285
34009020800,1905,1880,25
34009020901,925,925,0
34009020902,1421,1402,19
34009021001,2375,2313,62
34009021002,3460,3392,68
34009021100,5492,5325,167
34009021300,3943,3943,0
34009021400,3786,3082,704
34009021500,1906,1479,427
34009021600,3210,2975,235
34009021701,2773,2508,265
34009021702,2484,2474,10
34009021803,3154,2987,167
34009021804,5799,5168,631
34009021805,4448,3883,565
34009021806,2725,2725,0
34009021900,2058,1935,123
34009022000,3529,3213,316
34009022101,1713,1650,63
34009022102,5738,5133,605
34009990100,0,0,0
34011010101,3066,2956,110
34011010103,5011,4020,991
34011010200,5105,4506,599
34011010301,3241,2853,388
34011010302,1209,1155,54
34011010401,5110,4459,651
34011010402,1275,964,311
34011010500,1703,1638,65
34011010600,4867,4657,210
34011010700,7565,6865,700
34011010800,3108,2535,573
34011020100,1109,379,730
34011020200,3126,982,2144
34011020300,6674,1593,5081
34011020400,3303,1655,1648
34011020502,1767,1456,311
34011020503,5203,3561,1642
34011020600,4027,2887,1140
34011030100,958,760,198
34011030200,5035,3625,1410
34011030300,3248,2700,548
34011030400,8253,7230,1023
34011030501,6582,6001,581
34011030502,4323,3162,1161
34011040300,3694,1915,1779
34011040400,7280,3411,3869
34011040500,6567,2902,3665
34011040600,7147,4259,2888
34011040700,8082,6508,1574
34011040800,5250,4446,804
34011040901,2790,1792,998
34011040902,6096,4411,1685
34011041000,7886,6334,1552
34011041100,6084,1791,4293
34011990000,0,0,0
34013000100,6443,2043,4400
34013000200,3217,867,2350
34013000300,4119,1841,2278
34013000400,2068,614,1454
34013000500,1922,471,1451
34013000600,4408,992,3416
34013000700,6389,3113,3276
34013000800,4766,1364,3402
34013000900,3777,1804,1973
34013001000,3506,2330,1176
34013001100,3141,2339,802
34013001300,1765,1450,315
34013001400,2748,2115,633
34013001500,1736,1452,284
34013001600,1755,974,781
34013001700,2285,1740,545
34013001800,1923,1694,229
34013001900,1994,1840,154
34013002000,4518,4298,220
34013002100,3155,3084,71
34013002201,9075,6868,2207
34013002202,3585,3561,24
34013002300,4605,3870,735
34013002400,2531,2480,51
34013002500,3283,3201,82
34013002600,1912,1602,310
34013002800,1678,1403,275
34013003100,1952,1776,176
34013003500,2095,1858,237
34013003700,1459,1351,108
34013003800,2094,1800,294
34013003900,969,902,67
34013004100,2311,2189,122
34013004200,2407,2312,95
34013004300,2510,2433,77
34013004400,1547,1446,101
34013004500,3115,3072,43
34013004600,2656,2656,0
34013004700,5508,5447,61
34013004801,2361,1906,455
34013004802,3297,2449,848
34013004900,3441,3120,321
34013005000,2760,2480,280
34013005100,2122,1970,152
34013005200,1372,1177,195
34013005300,1948,1917,31
34013005400,3579,3226,353
34013005700,2564,1568,996
34013006200,1649,1190,459
34013006400,1063,936,127
34013006600,1432,1119,313
34013006700,3750,2892,858
34013006800,6062,2565,3497
34013006900,5100,1749,3351
34013007000,3963,2345,1618
34013007100,3696,2544,1152
34013007200,4290,2195,2095
34013007300,5922,3283,2639
34013007400,5359,3549,1810
34013007501,4341,2257,2084
34013007502,2741,1346,1395
34013007600,3321,1450,1871
34013007700,3299,1133,2166
34013007800,3844,1449,2395
34013007900,4285,1771,2514
34013008000,2447,1550,897
34013008100,3160,2639,521
34013008200,2232,2090,142
34013008700,4041,1342,2699
34013008800,1779,497,1282
34013008900,2028,672,1356
34013009000,2003,1475,528
34013009100,2701,556,2145
34013009200,2967,1557,1410
34013009300,5144,1876,3268
34013009400,5187,2396,2791
34013009500,5613,1414,4199
34013009600,4825,1520,3305
34013009700,5290,1059,4231
34013009900,1862,1818,44
34013010000,2870,2829,41
34013010100,3118,2872,246
34013010200,4770,4496,274
34013010300,3816,3444,372
34013010400,4452,4265,187
34013010500,4746,4138,608
34013010600,4426,3744,682
34013010700,3075,2697,378
34013010800,2474,2033,441
34013010900,2493,2271,222
34013011100,4082,3612,470
34013011200,3024,2788,236
34013011300,3532,3207,325
34013011400,4790,4437,353
34013011500,2328,2292,36
34013011600,2981,2881,100
34013011700,3439,3342,97
34013011800,2343,2243,100
34013011900,1684,1531,153
34013012000,6332,5645,687
34013012100,3845,2983,862
34013012200,5101,4801,300
34013012300,4994,4486,508
34013012400,4376,3833,543
34013012500,3800,3697,103
34013012600,3065,2910,155
34013012700,4472,4361,111
34013012800,3336,3198,138
34013012900,3784,2824,960
34013013000,1982,1860,122
34013013100,1940,1665,275
34013013200,2245,2202,43
34013013300,3347,3028,319
34013013400,3676,3304,372
34013013500,4665,4007,658
34013013600,6635,5558,1077
34013013700,4532,3879,653
34013013800,4147,3607,540
34013013900,4931,4083,848
34013014000,4042,3019,1023
34013014100,3922,2682,1240
34013014200,4214,2292,1922
34013014300,5529,2602,2927
34013014400,3623,2104,1519
34013014500,4205,1876,2329
34013014600,4382,2136,2246
34013014700,6205,3223,2982
34013014800,3404,2832,572
34013014900,4864,4115,749
34013015000,3425,2881,544
34013015100,4655,3417,1238
34013015200,4185,2911,1274
34013015300,2873,2166,707
34013015400,4721,3779,942
34013015500,4165,2727,1438
34013015600,4003,3089,914
34013015700,2318,1515,803
34013015800,4034,2499,1535
34013015900,5335,2703,2632
34013016000,7615,6669,946
34013016100,3293,2976,317
34013016200,3387,3224,163
34013016300,3851,3711,140
34013016400,3768,3462,306
34013016500,3841,3407,434
34013016600,2988,2672,316
34013016700,2548,2115,433
34013016800,3357,3116,241
34013016900,2987,2732,255
34013017000,2891,2660,231
34013017100,2394,1945,449
34013017200,2825,2564,261
34013017301,5630,5087,543
34013017302,7590,6727,863
34013017400,5577,4839,738
34013017500,5828,5077,751
34013017600,4905,3116,1789
34013017700,4789,2671,2118
34013017800,3564,2170,1394
34013017900,3450,3066,384
34013018000,5704,5321,383
34013018100,2003,1501,502
34013018200,4635,3182,1453
34013018300,5089,3595,1494
34013018400,1781,1460,321
34013018600,3633,1700,1933
34013018700,4975,4595,380
34013018800,4697,4507,190
34013018900,3708,3087,621
34013019000,4418,4199,219
34013019100,3680,3480,200
34013019200,4783,4378,405
34013019300,3401,3278,123
34013019400,3272,3017,255
34013019500,4096,3828,268
34013019600,5553,5267,286
34013019700,6181,5529,652
34013019800,2668,2483,185
34013019900,2644,2552,92
34013020000,5826,5598,228
34013020100,4593,4490,103
34013020200,5183,4697,486
34013020300,4614,4473,141
34013020400,4923,4599,324
34013020500,7995,7725,270
34013020600,4683,4617,66
34013020700,4271,4095,176
34013020800,7819,7539,280
34013020901,2164,2053,111
34013020902,5875,5194,681
34013021000,5089,4893,196
34013021100,4749,4453,296
34013021200,3643,3321,322
34013021300,6034,5785,249
34013021400,6511,6188,323
34013021601,7531,7218,313
34013021602,6519,6236,283
34013021701,3724,3364,360
34013021702,4243,3816,427
34013021801,2698,2615,83
34013021802,3701,3531,170
34013021803,4446,4079,367
34013022700,3045,2157,888
34013022800,2231,2007,224
34013022900,4265,3469,796
34013023000,2882,2454,428
34013023100,2451,2129,322
34013023200,3251,2519,732
34013980100,2388,2012,376
34013980200,1721,1561,160
34015500100,4233,3964,269
34015500201,2425,2237,188
34015500202,4464,4316,148
34015500203,4632,4575,57
34015500204,6437,5935,502
34015500205,3485,3455,30
34015500300,3012,2962,50
34015500400,6009,5352,657
34015500500,4870,4828,42
34015500600,10252,9934,318
34015500701,7751,7403,348
34015500702,5947,5791,156
34015500703,1465,1418,47
34015500800,2163,2144,19
34015500900,3027,2918,109
34015501001,2196,1912,284
34015501002,4119,3340,779
34015501003,3709,3549,160
34015501101,4349,3724,625
34015501102,6701,6288,413
34015501103,5013,4667,346
34015501104,3145,2990,155
34015501105,3049,2930,119
34015501106,3912,3706,206
34015501107,4421,4201,220
34015501201,6211,6063,148
34015501202,4661,4595,66
34015501203,3162,3158,4
34015501204,3875,3796,79
34015501205,2855,2732,123
34015501206,3629,3339,290
34015501208,4052,3970,82
34015501209,7644,7026,618
34015501210,3660,3608,52
34015501212,3750,3470,280
34015501213,4802,4546,256
34015501301,3586,3518,68
34015501302,2807,2746,61
34015501303,2523,2504,19
34015501402,3388,2954,434
34015501403,3752,3519,233
34015501404,3097,2863,234
34015501405,4033,3805,228
34015501406,4925,4013,912
34015501500,8386,8045,341
34015501603,6386,6082,304
34015501604,7355,7080,275
34015501605,4731,4484,247
34015501606,7113,6664,449
34015501608,5266,4738,528
34015501609,5916,5568,348
34015501701,5276,5171,105
34015501702,2523,2361,162
34015501703,4265,3874,391
34015501704,4575,4047,528
34015501800,1668,1570,98
34015501900,4134,4060,74
34015502001,5576,5298,278
34015502002,7228,6986,242
34015502100,3203,3032,171
34015502200,11886,11418,468
34015502300,2606,2182,424
34015502400,5995,5624,371
34017000100,6581,3136,3445
34017000200,5749,2667,3082
34017000300,4539,1764,2775
34017000400,3760,2535,1225
34017000500,4758,2451,2307
34017000600,5762,2937,2825
34017000700,3366,1676,1690
34017000800,4108,2043,2065
34017000902,6273,5079,1194
34017001000,2056,1451,605
34017001100,5299,2781,2518
34017001201,2221,1704,517
34017001202,1636,1068,568
34017001300,2924,1651,1273
34017001400,3902,2160,1742
34017001701,4652,3252,1400
34017001800,4310,3201,1109
34017001900,1299,1254,45
34017002000,3956,3241,715
34017002200,1573,1166,407
34017002300,2182,1757,425
34017002400,2571,2228,343
34017002700,5632,4089,1543
34017002800,6175,4493,1682
34017002900,4297,3270,1027
34017003000,2900,1816,1084
34017003100,4463,3111,1352
34017003500,2106,1433,673
34017004000,5485,4232,1253
34017004101,6525,4649,1876
34017004102,3423,2273,1150
34017004200,5049,3230,1819
34017004300,2487,1891,596
34017004400,2502,2041,461
34017004500,4476,3605,871
34017004600,2233,1088,1145
34017004700,2649,1588,1061
34017004800,4257,3532,725
34017004900,3885,2797,1088
34017005200,4615,3868,747
34017005300,2887,1993,894
34017005400,7226,6178,1048
34017005500,2724,2213,511
34017005600,3328,2232,1096
34017005801,5543,4234,1309
34017005802,1627,1389,238
34017005900,7589,6286,1303
34017006000,4867,3632,1235
34017006100,6613,5112,1501
34017006200,3798,2632,1166
34017006300,4098,2407,1691
34017006400,2978,2271,707
34017006500,2161,1414,747
34017006600,1636,1601,35
34017006700,3010,1785,1225
34017006800,3722,3348,374
34017006900,44,24,20
34017007000,3803,2656,1147
34017007100,3349,2480,869
34017007200,2239,1901,338
34017007300,2010,1818,192
34017007400,5375,4852,523
34017007500,5812,4842,970
34017007600,6928,6428,500
34017007700,10202,9347,855
34017007800,1461,904,557
34017010100,5915,4495,1420
34017010200,2832,2291,541
34017010300,3171,2385,786
34017010400,4490,3498,992
34017010500,5175,4064,1111
34017010600,6881,4726,2155
34017010700,3839,2612,1227
34017010800,3146,2206,940
34017010900,2149,1603,546
34017011000,2239,1493,746
34017011100,4770,3205,1565
34017011200,6689,5357,1332
34017011300,2755,1692,1063
34017011400,3794,3034,760
34017011500,3484,2575,909
34017011600,4443,3447,996
34017012300,2476,1403,1073
34017012400,2998,2321,677
34017012500,4660,3217,1443
34017012600,3534,2035,1499
34017012700,6035,3327,2708
34017012800,4230,2374,1856
34017012900,4068,1733,2335
34017013000,3639,1318,2321
34017013100,2298,1322,976
34017013200,4783,2090,2693
34017013300,3308,1543,1765
34017013400,2717,941,1776
34017013500,5069,2484,2585
34017013600,2281,985,1296
34017013700,2492,869,1623
34017013800,2285,1637,648
34017013900,2880,2232,648
34017014000,5213,1023,4190
34017014101,3710,2562,1148
34017014102,5217,1687,3530
34017014200,6446,1338,5108
34017014300,5829,1285,4544
34017014400,7695,1884,5811
34017014501,7255,1175,6080
34017014502,3217,743,2474
34017014600,3754,937,2817
34017014700,5232,797,4435
34017014800,6061,1621,4440
34017014900,3162,829,2333
34017015001,2263,1642,621
34017015002,5991,1297,4694
34017015100,3374,705,2669
34017015201,2890,2402,488
34017015202,5982,1879,4103
34017015300,4219,630,3589
34017015500,5610,653,4957
34017015600,4396,451,3945
34017015700,3815,210,3605
34017015801,3195,2781,414
34017015802,6320,937,5383
34017015900,5644,660,4984
34017016000,3292,313,2979
34017016100,3599,367,3232
34017016200,4567,403,4164
34017016300,4899,602,4297
34017016400,4060,437,3623
34017016500,4609,1329,3280
34017016600,4482,813,3669
34017016700,1637,458,1179
34017016800,3421,557,2864
34017016900,3559,511,3048
34017017000,5061,1031,4030
34017017100,5017,988,4029
34017017200,3250,539,2711
34017017300,2578,860,1718
34017017400,2734,403,2331
34017017500,4030,701,3329
34017017600,3271,596,2675
34017017700,1881,415,1466
34017017800,6310,1528,4782
34017017900,2379,2160,219
34017018000,4182,2342,1840
34017018100,2971,1316,1655
34017018200,4139,2691,1448
34017018301,2375,2200,175
34017018302,3726,3435,291
34017018400,5483,4611,872
34017018500,6465,5644,821
34017018600,2492,2078,414
34017018701,2775,2593,182
34017018702,4451,3539,912
34017018800,3271,2969,302
34017018900,3829,3370,459
34017019000,4924,2864,2060
34017019100,3457,2800,657
34017019200,4159,3982,177
34017019300,2802,2366,436
34017019400,2927,2540,387
34017019800,6371,5115,1256
34017019900,4856,3840,1016
34017020000,5650,4397,1253
34017020100,1860,1558,302
34017032400,7044,619,6425
34017980100,0,0,0
34019010100,5873,5749,124
34019010200,7499,7372,127
34019010300,2892,2658,234
34019010400,4691,4422,269
34019010500,5196,5044,152
34019010600,6097,6001,96
34019010701,5706,5358,348
34019010702,3231,3090,141
34019010801,2679,2411,268
34019010802,1693,1593,100
34019010900,3564,3378,186
34019011001,7132,6299,833
34019011002,5987,5461,526
34019011100,5064,4878,186
34019011201,7342,6856,486
34019011202,3516,3388,128
34019011301,6420,5961,459
34019011302,7367,7056,311
34019011303,4652,4392,260
34019011304,3587,3527,60
34019011400,4663,3281,1382
34019011500,5177,5085,92
34019011600,5126,4871,255
34019011700,3930,3658,272
34019011800,2783,2684,99
34019011900,3841,3705,136
34021000100,3225,1403,1822
34021000200,3796,1706,2090
34021000300,4399,2478,1921
34021000400,4849,1445,3404
34021000500,4291,1409,2882
34021000600,4846,2120,2726
34021000700,2755,854,1901
34021000800,2237,470,1767
34021000900,3317,1847,1470
34021001000,2653,1826,827
34021001101,2285,2035,250
34021001102,3644,3503,141
34021001200,4212,3905,307
34021001300,4584,4260,324
34021001401,4058,3954,104
34021001402,2131,1904,227
34021001500,3011,2551,460
34021001600,1206,893,313
34021001700,3780,3254,526
34021001800,4870,3497,1373
34021001900,1635,742,893
34021002000,1142,895,247
34021002100,4999,3202,1797
34021002200,5415,3485,1930
34021002400,1219,925,294
34021002500,6115,4413,1702
34021002601,4362,2685,1677
34021002602,4454,3641,813
34021002701,4262,3155,1107
34021002702,6396,5304,1092
34021002800,7077,5158,1919
34021002902,4879,4090,789
34021002903,3041,2648,393
34021002904,5296,5139,157
34021003001,5969,5776,193
34021003002,5501,4967,534
34021003003,6195,6058,137
34021003004,5201,4471,730
34021003006,5919,5697,222
34021003007,3555,3433,122
34021003008,5438,4986,452
34021003009,5169,4837,332
34021003100,4511,3587,924
34021003201,7538,6973,565
34021003202,5687,5317,370
34021003301,7283,7100,183
34021003302,8204,7663,541
34021003400,2531,2165,366
34021003500,6963,6385,578
34021003601,3797,3271,526
34021003602,3385,3179,206
34021003703,7152,6598,554
34021003704,2671,2605,66
34021003705,6270,5861,409
34021003706,3514,3378,136
34021003800,7484,7277,207
34021003902,1904,1873,31
34021003903,2567,2447,120
34021003904,6007,5588,419
34021003905,4949,4785,164
34021004000,5355,4523,832
34021004201,7338,6717,621
34021004203,4140,3983,157
34021004204,5547,5161,386
34021004301,8639,8250,389
34021004304,8004,7776,228
34021004306,5538,5358,180
34021004307,5807,5550,257
34021004309,4550,4355,195
34021004310,9565,9101,464
34021004403,5532,3226,2306
34021004404,7034,5833,1201
34021004405,8011,6662,1349
34021004406,5046,3325,1721
34021004407,7402,5975,1427
34021004501,6567,6122,445
34021004502,1221,1129,92
34023000100,8159,6686,1473
34023000200,5652,4306,1346
34023000300,7355,4971,2384
34023000401,3592,2799,793
34023000403,5381,4830,551
34023000404,4980,4150,830
34023000501,4588,3453,1135
34023000502,6986,6284,702
34023000603,2289,2113,176
34023000606,7073,6731,342
34023000608,1640,1580,60
34023000701,3485,3010,475
34023000702,5485,4993,492
34023000801,3776,2954,822
34023000802,2886,2322,564
34023000901,2569,1944,625
34023000902,4766,3822,944
34023001001,2499,2310,189
34023001002,7467,6759,708
34023001100,4436,4002,434
34023001200,5326,4334,992
34023001300,4483,3897,586
34023001409,3311,2958,353
34023001410,4244,4136,108
34023001411,3450,3276,174
34023001412,3546,3446,100
34023001413,5495,5432,63
34023001414,5692,5338,354
34023001415,5477,5018,459
34023001416,8937,8441,496
34023001417,2184,2150,34
34023001502,5885,5380,505
34023001504,5748,5380,368
34023001505,2304,2172,132
34023001506,5918,5614,304
34023001600,5192,3991,1201
34023001701,5068,4423,645
34023001702,3311,2970,341
34023001803,3102,2446,656
34023001804,4163,3777,386
34023001805,5018,4684,334
34023001901,5038,4288,750
34023001902,2043,1719,324
34023001903,3142,2550,592
34023002000,3841,3659,182
34023002101,2283,2073,210
34023002102,3988,3788,200
34023002200,3679,3419,260
34023002301,3952,3440,512
34023002302,3682,3206,476
34023002401,5386,4779,607
34023002402,1550,1397,153
34023002500,7297,6753,544
34023002603,5292,5108,184
34023002604,6267,5634,633
34023002605,2745,2456,289
34023002701,5546,4643,903
34023002703,5607,4524,1083
34023002805,2667,2191,476
34023002901,3395,2624,771
34023002902,2952,1821,1131
34023003001,4151,2889,1262
34023003002,6193,5697,496
34023003101,2636,2326,310
34023003102,5139,4292,847
34023003201,3307,2678,629
34023003203,3466,2320,1146
34023003300,5283,2907,2376
34023003401,3708,2992,716
34023003500,3348,2433,915
34023003600,8067,4993,3074
34023003700,3687,2579,1108
34023003800,7943,5573,2370
34023004000,4071,1180,2891
34023004100,2924,632,2292
34023004200,3025,775,2250
34023004300,4088,677,3411
34023004400,4636,641,3995
34023004500,7640,1780,5860
34023004600,5356,635,4721
34023004700,4518,1042,3476
34023004800,6109,714,5395
34023004900,5002,870,4132
34023005000,4896,599,4297
34023005100,6069,5591,478
34023005200,5671,2972,2699
34023005300,3559,837,2722
34023005500,3999,1324,2675
34023005601,2947,544,2403
34023005602,8080,1022,7058
34023005700,5518,1547,3971
34023005800,5480,1252,4228
34023006001,2228,1808,420
34023006002,6705,4873,1832
34023006101,5891,3063,2828
34023006103,5294,3624,1670
34023006104,4358,3637,721
34023006203,9875,9132,743
34023006204,1829,1652,177
34023006205,6830,5933,897
34023006206,1801,1760,41
34023006207,6514,5559,955
34023006300,7016,6476,540
34023006403,2864,2536,328
34023006500,7239,6640,599
34023006601,2551,2433,118
34023006604,6807,6470,337
34023006605,3876,3767,109
34023006606,3023,2944,79
34023006607,2898,2691,207
34023006608,3709,3625,84
34023006701,4023,3732,291
34023006703,6057,5238,819
34023006800,4904,3427,1477
34023006900,3585,2084,1501
34023007000,7816,6788,1028
34023007101,3849,3206,643
34023007102,4834,4398,436
34023007103,5051,4467,584
34023007202,4949,4617,332
34023007203,4822,4048,774
34023007301,3109,2756,353
34023007303,1823,1598,225
34023007304,6833,5862,971
34023007402,4592,4358,234
34023007500,3271,2860,411
34023007600,5491,5035,456
34023007702,6230,5742,488
34023007703,3220,2667,553
34023007704,2707,2188,519
34023007801,3204,2818,386
34023007804,5059,4572,487
34023007805,4920,4490,430
34023007806,4099,3712,387
34023007905,2255,1971,284
34023007906,1662,1262,400
34023007907,3142,2743,399
34023007908,4545,3722,823
34023007909,4399,3972,427
34023007910,3459,3159,300
34023007911,3925,3256,669
34023007912,7163,6328,835
34023008001,6584,5477,1107
34023008101,4536,4006,530
34023008102,3882,3493,389
34023008103,2314,2096,218
34023008202,12588,12175,413
34023008204,4255,4094,161
34023008205,3156,3042,114
34023008206,3754,3462,292
34023008207,2607,2554,53
34023008208,12938,12349,589
34023008209,3557,3459,98
34023008300,6001,4679,1322
34023008403,7894,7546,348
34023008404,3919,3529,390
34023008405,5040,4759,281
34023008406,1983,1823,160
34023008501,5540,5250,290
34023008502,5073,4742,331
34023008503,8791,7972,819
34023008504,6857,6696,161
34023008601,5483,5308,175
34023008602,5513,5333,180
34023008604,5729,5430,299
34023008605,2531,2386,145
34023008606,4142,3914,228
34023008700,3803,3615,188
34023008800,11933,11101,832
34023008900,4219,3298,921
34023009000,7669,6548,1121
34023009100,3543,2633,910
34023009200,4398,3747,651
34023009300,6171,3073,3098
34023009400,5357,4782,575
34025800100,4900,4550,350
34025800200,4318,4095,223
34025800400,3406,3172,234
34025800500,4250,3750,500
34025800601,5412,4834,578
34025800602,3449,3274,175
34025800701,5073,4678,395
34025800702,3573,3358,215
34025800800,6431,5957,474
34025800900,5906,5629,277
34025801000,4173,3776,397
34025801100,4216,3972,244
34025801200,3619,3550,69
34025801300,6171,6097,74
34025801400,3944,3787,157
34025801500,6352,6068,284
34025801600,5718,4642,1076
34025801700,4186,3487,699
34025801800,5770,5197,573
34025801900,3245,2634,611
34025802000,3891,3139,752
34025802100,6365,5790,575
34025802200,3553,3336,217
34025802300,4671,4256,415
34025802400,5519,5118,401
34025802500,3070,2716,354
34025802600,4984,4424,560
34025802700,3853,3442,411
34025802800,4408,4043,365
34025802900,1977,1911,66
34025803000,5339,4860,479
34025803100,3555,3165,390
34025803201,4112,3820,292
34025803202,6017,5647,370
34025803300,6544,6268,276
34025803400,5557,2217,3340
34025803500,2389,1942,447
34025803600,4272,3479,793
34025803700,6033,5877,156
34025803800,3180,3026,154
34025803900,3698,3546,152
34025804100,3249,3149,100
34025804200,5922,5753,169
34025804500,5713,5111,602
34025804600,2668,2555,113
34025804700,7,6,1
34025804800,9522,9066,456
34025805001,4763,3691,1072
34025805100,4197,3738,459
34025805300,5684,5426,258
34025805400,4324,3680,644
34025805500,4039,2646,1393
34025805600,2498,1381,1117
34025805700,3002,1798,1204
34025805800,3658,2167,1491
34025805900,5540,3327,2213
34025806000,3952,2762,1190
34025806100,3692,3391,301
34025806201,3545,3380,165
34025806202,4402,4098,304
34025806300,2488,2395,93
34025806400,4842,4604,238
34025806501,4186,3007,1179
34025806502,3398,3051,347
34025806503,3840,3739,101
34025806504,2587,2294,293
34025806600,5654,4838,816
34025807003,4650,2488,2162
34025807004,3034,2312,722
34025807100,2553,2284,269
34025807200,2246,1637,609
34025807300,3367,2433,934
34025807400,3069,2853,216
34025807500,2777,2203,574
34025807600,2939,2359,580
34025807700,4186,3738,448
34025807800,4449,4131,318
34025807900,3403,3081,322
34025808001,4507,4362,145
34025808002,2374,2299,75
34025808100,4758,4231,527
34025808200,4272,3722,550
34025808300,1846,1786,60
34025808401,2210,2135,75
34025808402,3505,2759,746
34025808500,6460,6377,83
34025808600,6213,5956,257
34025808701,4729,4628,101
34025808702,4359,4246,113
34025808800,4239,4174,65
34025808900,4646,4449,197
34025809000,1463,1252,211
34025809100,2973,2952,21
34025809200,1697,1659,38
34025809301,3150,2913,237
34025809302,2662,2510,152
34025809400,4745,4519,226
34025809501,8456,8146,310
34025809502,8572,8471,101
34025809600,7375,6837,538
34025809701,5656,5251,405
34025809703,4337,4150,187
34025809704,6020,5840,180
34025809901,5070,5025,45
34025809902,4695,4437,258
34025809903,264,203,61
34025810001,5771,5418,353
34025810002,3282,3184,98
34025810003,5169,5056,113
34025810004,3979,3876,103
34025810101,4464,4166,298
34025810102,4223,3895,328
34025810200,13047,12127,920
34025810300,2189,1964,225
34025810401,4391,4049,342
34025810402,8769,8289,480
34025810501,4553,3947,606
34025810502,7649,7016,633
34025810503,3979,3508,471
34025810600,6466,6090,376
34025810700,1956,1446,510
34025810800,3172,1824,1348
34025810900,3039,1761,1278
34025811000,3777,1782,1995
34025811101,5635,5132,503
34025811102,6981,6363,618
34025811200,5731,5117,614
34025811301,6046,5135,911
34025811303,4259,4053,206
34025811304,3165,2715,450
34025811401,6012,5824,188
34025811402,3973,3574,399
34025811501,6320,5741,579
34025811502,3643,3306,337
34025811600,1479,1355,124
34025811900,6874,6741,133
34025812000,1890,1834,56
34025812100,1353,1250,103
34025812200,3352,2915,437
34025812300,5066,4683,383
34025812400,2212,2132,80
34025812501,5996,5697,299
34025812502,5273,4934,339
34025990000,0,0,0
34027040101,4291,3776,515
34027040102,6197,5687,510
34027040200,7159,6326,833
34027040300,8345,7946,399
34027040400,4206,3742,464
34027040500,3829,2908,921
34027040600,3944,3599,345
34027040701,5857,5179,678
34027040702,4382,4000,382
34027040801,5295,5110,185
34027040803,6871,6815,56
34027040804,3699,3468,231
34027040805,5875,5614,261
34027040900,4346,4277,69
34027041000,4793,4183,610
34027041100,3612,3019,593
34027041200,4287,4196,91
34027041300,4587,4350,237
34027041400,6064,5628,436
34027041500,6149,5565,584
34027041601,7448,7149,299
34027041602,2889,2661,228
34027041603,4695,4147,548
34027041604,4490,4148,342
34027041701,6203,5259,944
34027041702,3358,2921,437
34027041704,4703,4263,440
34027041705,1571,1529,42
34027041706,5348,4828,520
34027041801,2851,2743,108
34027041802,5100,4270,830
34027041803,4859,4575,284
34027041901,6012,5340,672
34027041902,5220,4717,503
34027042000,4690,4565,125
34027042100,4190,3737,453
34027042200,5427,5200,227
34027042301,2550,2283,267
34027042302,3062,2884,178
34027042500,3313,3076,237
34027042600,8474,7692,782
34027042700,4095,3714,381
34027042800,4935,4576,359
34027042900,3779,3335,444
34027043000,4518,3791,727
34027043100,3486,3430,56
34027043200,4307,3890,417
34027043301,3003,2547,456
34027043302,2947,2820,127
34027043303,3749,3603,146
34027043401,7148,6756,392
34027043402,5660,5432,228
34027043500,3669,1216,2453
34027043600,5353,4307,1046
34027043700,3607,3300,307
34027043800,6048,3427,2621
34027043900,4807,4699,108
34027044000,5721,5484,237
34027044101,2953,2860,93
34027044102,5809,5492,317
34027044200,3881,3744,137
34027044300,6472,5165,1307
34027044401,4399,4255,144
34027044403,4833,4420,413
34027044404,4323,3963,360
34027044501,6519,6026,493
34027044502,4467,3259,1208
34027044601,4864,4582,282
34027044602,5763,5295,468
34027044701,4992,4664,328
34027044702,5832,5307,525
34027044800,7171,2069,5102
34027044900,6081,1754,4327
34027045000,5065,1563,3502
34027045100,6586,3670,2916
34027045200,3634,2975,659
34027045300,4622,3999,623
34027045401,5251,4847,404
34027045402,5082,4326,756
34027045501,5040,4757,283
34027045502,8737,8076,661
34027045602,1623,632,991
34027045603,5315,4089,1226
34027045701,5968,5694,274
34027045703,3869,3546,323
34027045704,5360,5122,238
34027045804,5892,5498,394
34027045901,1577,1387,190
34027045902,7935,7477,458
34027046000,3248,2719,529
34027046103,5594,5144,450
34027046104,7331,5560,1771
34027046105,7664,6535,1129
34027046106,8262,7166,1096
34027046201,6259,5899,360
34027046202,3823,3583,240
34027046297,3514,3453,61
34027046298,5116,4900,216
34027046300,5404,5011,393
34027046400,5012,4779,233
34029710100,4594,4140,454
34029711100,4267,4002,265
34029711200,4455,4242,213
34029711300,4187,4020,167
34029711400,5555,5524,31
34029712000,1330,1297,33
34029713000,4571,4195,376
34029713100,6151,5845,306
34029713201,2667,2637,30
34029713202,4077,3701,376
34029713203,4691,4198,493
34029713300,4307,4114,193
34029713401,5098,4356,742
34029713402,3600,3132,468
34029713500,2969,2857,112
34029713600,3801,3650,151
34029713700,2585,2386,199
34029713800,3374,3139,235
34029713900,6600,5607,993
34029714000,6045,5282,763
34029714100,3528,3304,224
34029714200,6945,6564,381
34029714300,3304,3230,74
34029714400,656,649,7
34029715000,10210,6211,3999
34029715200,13090,9734,3356
34029715301,9276,7966,1310
34029715302,6468,5578,890
34029715401,5503,5207,296
34029715402,6155,6035,120
34029715500,12016,11375,641
34029715600,7568,6144,1424
34029715700,10450,9175,1275
34029715800,7161,5844,1317
34029715901,2236,1845,391
34029715902,4161,3158,1003
34029716000,3613,3506,107
34029717001,2821,2541,280
34029717002,4831,4075,756
34029717101,8652,7681,971
34029717102,4519,4184,335
34029717200,8901,8336,565
34029717300,5862,5529,333
34029717400,5437,4844,593
34029717501,8071,7265,806
34029717502,7100,6774,326
34029718000,8490,7929,561
34029720001,4190,4049,141
34029720101,6590,6117,473
34029720102,3378,3257,121
34029720103,4832,4649,183
34029720202,3836,3606,230
34029720203,4231,3787,444
34029720204,5835,5222,613
34029720205,2961,2837,124
34029720206,5953,5723,230
34029721000,2673,2314,359
34029722001,5263,4978,285
34029722002,8459,7450,1009
34029722100,6164,5778,386
34029722200,2323,2259,64
34029722300,4107,3723,384
34029722401,5219,5011,208
34029722402,3829,3685,144
34029722500,1413,1359,54
34029722600,3251,3185,66
34029722701,4655,4450,205
34029722702,4019,3755,264
34029722800,4983,3717,1266
34029722900,5324,4380,944
34029723000,5710,5324,386
34029723100,4195,3935,260
34029723200,6434,6001,433
34029723300,6945,6298,647
34029723400,3009,2897,112
34029723500,2236,2181,55
34029723600,2412,2211,201
34029724000,3731,2975,756
34029725001,3020,2953,67
34029725002,5996,5547,449
34029725100,2137,1983,154
34029726000,1613,1545,68
34029727001,2026,1980,46
34029727002,1183,1152,31
34029728000,5430,4396,1034
34029729000,2060,1938,122
34029730000,2211,2129,82
34029731001,3127,3009,118
34029731002,4097,3818,279
34029731101,3301,3052,249
34029731102,6141,5586,555
34029731103,4628,4374,254
34029731201,4071,3788,283
34029731202,4119,4069,50
34029731203,1774,1761,13
34029731204,3552,3431,121
34029731205,3611,3412,199
34029731206,2219,2078,141
34029732001,6440,6385,55
34029732002,9113,8568,545
34029732101,6484,5779,705
34029732103,2473,2263,210
34029732104,3763,3654,109
34029733000,8746,8456,290
34029734001,7594,7350,244
34029734002,6669,5910,759
34029734003,7566,6795,771
34029735001,7094,6483,611
34029735002,8800,8412,388
34029735101,2613,2475,138
34029735103,4101,3926,175
34029735104,4263,3313,950
34029736001,3341,3298,43
34029736002,1483,1448,35
34029736101,6360,5725,635
34029736102,7662,7207,455
34029736105,3133,2803,330
34029737000,3367,3185,182
34029738001,2250,2245,5
34029738002,1225,1216,9
34029738100,1602,1600,2
34029739000,2046,2015,31
34029739100,1554,1520,34
34029980000,0,0,0
34029980100,0,0,0
34029990000,0,0,0
34031116500,7995,6537,1458
34031124200,7177,5782,1395
34031124311,4650,3871,779
34031124312,4549,3951,598
34031124321,6005,4064,1941
34031124322,4407,3781,626
34031124323,2894,2381,513
34031124401,6901,5752,1149
34031124402,5198,4080,1118
34031124500,5978,4411,1567
34031124601,5243,3015,2228
34031124602,5078,3169,1909
34031124700,6144,3551,2593
34031124800,4914,2488,2426
34031124900,5449,1686,3763
34031125000,6838,1994,4844
34031125100,4153,1135,3018
34031133701,5371,2818,2553
34031133702,3028,1941,1087
34031143200,6224,5383,841
34031143300,5338,3989,1349
34031143400,7388,5709,1679
34031154001,6346,5667,679
34031154002,8147,7155,992
34031163500,8490,7833,657
34031175200,5299,380,4919
34031175301,3369,195,3174
34031175302,5129,558,4571
34031175401,5577,1022,4555
34031175402,5345,827,4518
34031175500,7580,1704,5876
34031175601,2205,2127,78
34031175602,6918,2028,4890
34031175701,4958,2743,2215
34031175703,4655,2638,2017
34031175704,4374,3035,1339
34031175801,4330,1271,3059
34031175802,7033,516,6517
34031175900,3764,628,3136
34031180100,8516,3903,4613
34031180201,3222,1410,1812
34031180202,6787,2727,4060
34031180300,5743,2196,3547
34031180600,4560,2197,2363
34031180700,2427,1173,1254
34031180800,3132,1292,1840
34031180900,3617,1226,2391
34031181000,4350,762,3588
34031181100,7213,3410,3803
34031181200,4833,2451,2382
34031181300,4918,2632,2286
34031181400,2485,1593,892
34031181500,2731,1795,936
34031181702,2800,669,2131
34031181800,3241,1472,1769
34031181900,4674,1959,2715
34031182000,1460,208,1252
34031182100,3702,1116,2586
34031182200,3405,1093,2312
34031182301,1572,191,1381
34031182302,6582,1418,5164
34031182400,4927,1683,3244
34031182500,9299,4272,5027
34031182600,4961,3028,1933
34031182700,7059,1153,5906
34031182800,3790,459,3331
34031182900,2279,279,2000
34031183000,7135,3786,3349
34031183101,3038,1165,1873
34031183102,4831,1065,3766
34031183200,3105,1846,1259
34031196401,3960,3508,452
34031196402,7203,5570,1633
34031203600,5919,2665,3254
34031216701,6739,6542,197
34031216702,5659,5134,525
34031223801,2526,2091,435
34031223802,7818,6715,1103
34031223900,556,491,65
34031236601,4608,3853,755
34031236602,7028,6584,444
34031246001,6330,5421,909
34031246002,3005,2843,162
34031246003,5643,5100,543
34031246101,6803,6142,661
34031246102,2944,2468,476
34031246103,6427,5791,636
34031246104,3078,2804,274
34031246201,6237,5715,522
34031246202,5320,4887,433
34031246203,4114,3497,617
34031246300,5019,3689,1330
34031256801,5481,5199,282
34031256802,3786,3455,331
34031256803,5081,4422,659
34031256804,6917,6349,568
34031256805,5310,4908,402
34031264101,5867,3626,2241
34031264102,6491,5424,1067
34031264200,4500,2633,1867
34033020100,1830,1762,68
34033020200,1956,1174,782
34033020300,3029,2132,897
34033020400,2950,2329,621
34033020500,2493,2484,9
34033020600,2419,2061,358
34033020700,4098,3916,182
34033020800,3548,3386,162
34033020900,3428,3240,188
34033021000,1408,1365,43
34033021101,4879,4715,164
34033021102,4224,4073,151
34033021201,3303,3228,75
34033021202,2235,2136,99
34033021300,1859,1650,209
34033021400,3130,2964,166
34033021500,1944,1819,125
34033021600,5822,5730,92
34033021700,2019,1990,29
34033021900,1561,1429,132
34033022000,2023,1757,266
34033022100,1347,1203,144
34033022201,1868,1819,49
34033022202,1131,1050,81
34033990000,0,0,0
34035050100,3348,2411,937
34035050200,2478,2167,311
34035050300,3794,3301,493
34035050400,2587,1659,928
34035050500,3736,2641,1095
34035050600,3803,3479,324
34035050701,4034,3581,453
34035050703,4982,4746,236
34035050704,6906,6215,691
34035050801,3812,3558,254
34035050802,4401,4172,229
34035050901,4727,4522,205
34035050902,3415,3256,159
34035050903,5741,5308,433
34035051000,7079,5414,1665
34035051100,3178,1642,1536
34035051200,5152,2032,3120
34035051300,2182,1744,438
34035051400,4255,3042,1213
34035051500,3077,2547,530
34035051600,3116,2312,804
34035051700,4518,1505,3013
34035051800,4358,2137,2221
34035051900,3430,2419,1011
34035052001,4674,3405,1269
34035052002,5126,2601,2525
34035052100,7141,6363,778
34035052201,5339,4861,478
34035052203,5385,5225,160
34035052204,5242,4935,307
34035052300,5944,5232,712
34035052400,5449,4991,458
34035052601,9515,9237,278
34035052603,4065,3933,132
34035052700,7776,6631,1145
34035052800,2588,2343,245
34035052901,991,843,148
34035052903,6019,5478,541
34035052904,2215,2085,130
34035053000,4613,3209,1404
34035053102,4287,3583,704
34035053103,5437,4823,614
34035053105,7680,7100,580
34035053200,6292,4890,1402
34035053300,4692,3227,1465
34035053402,7031,6485,546
34035053403,4780,4304,476
34035053404,11401,9715,1686
34035053501,3970,3834,136
34035053602,6375,6002,373
34035053603,4856,4553,303
34035053604,3434,3281,153
34035053703,3904,3755,149
34035053704,3171,2910,261
34035053705,6345,5697,648
34035053706,5391,4701,690
34035053707,4000,3797,203
34035053801,498,464,34
34035053803,8292,8114,178
34035053804,4692,3967,725
34035053805,3722,3601,121
34035053901,618,576,42
34035053904,3475,3223,252
34035053905,7161,6728,433
34035054100,7985,7613,372
34035054201,7128,6675,453
34035054202,5074,4888,186
34035054300,9804,9092,712
34037371000,3778,3571,207
34037371100,4092,3961,131
34037371200,1976,1855,121
34037371300,3458,3195,263
34037371400,2873,2608,265
34037371502,4991,4712,279
34037371503,2731,2517,214
34037371600,3151,2548,603
34037371700,5579,4955,624
34037371800,7036,6782,254
34037371900,1935,1794,141
34037372000,2989,2815,174
34037372100,2017,1925,92
34037372200,2225,1875,350
34037372300,4054,3986,68
34037372400,2386,2215,171
34037372500,3102,2987,115
34037372600,4924,4863,61
34037372700,3194,3026,168
34037372800,1555,1437,118
34037372900,3333,3012,321
34037373000,2424,2251,173
34037373100,6292,5770,522
34037373200,3472,3224,248
34037373300,2912,2737,175
34037373400,6491,6354,137
34037373500,3860,3689,171
34037373600,2846,2666,180
34037373700,4239,3455,784
34037373800,3743,3285,458
34037373900,4011,3910,101
34037374000,3266,3115,151
34037374100,3524,3180,344
34037374200,2562,2444,118
34037374300,3206,3104,102
34037374400,2377,2269,108
34037374500,1892,1794,98
34037374600,3457,3282,175
34037374700,3985,3599,386
34037374800,3997,3604,393
34037374900,4759,3843,916
34039030200,3557,997,2560
34039030400,5658,2678,2980
34039030500,5584,1279,4305
34039030600,3272,1695,1577
34039030701,1815,695,1120
34039030702,8495,2673,5822
34039030802,3166,995,2171
34039030900,6418,1120,5298
34039031000,4352,704,3648
34039031100,5574,962,4612
34039031200,5910,2518,3392
34039031300,7060,2938,4122
34039031400,5074,2725,2349
34039031500,5908,2429,3479
34039031601,3637,1429,2208
34039031602,5539,1986,3553
34039031700,5368,2880,2488
34039031801,5405,1613,3792
34039031802,2924,799,2125
34039031903,5696,2047,3649
34039031904,3012,1253,1759
34039032001,7049,2448,4601
34039032002,4197,1917,2280
34039032100,7008,3313,3695
34039032200,5834,5488,346
34039032300,2352,2020,332
34039032400,7800,6137,1663
34039032500,5814,4364,1450
34039032600,4697,4259,438
34039032700,7895,6423,1472
34039032800,4661,4254,407
34039032901,3895,3172,723
34039032902,5597,4506,1091
34039033000,4340,3711,629
34039033100,6009,5102,907
34039033200,4966,3930,1036
34039033300,4109,3242,867
34039033400,3555,2669,886
34039033500,8042,6532,1510
34039033600,8129,6463,1666
34039033700,5093,3547,1546
34039033800,5421,4289,1132
34039033900,3046,1955,1091
34039034000,6121,3323,2798
34039034100,3538,2627,911
34039034200,3782,2798,984
34039034300,4230,3459,771
34039034400,3836,3346,490
34039034500,4832,2885,1947
34039034600,4157,3142,1015
34039034700,4078,2816,1262
34039034800,4601,3693,908
34039034900,6536,4625,1911
34039035000,2730,1701,1029
34039035100,3987,3317,670
34039035200,2468,945,1523
34039035300,5512,3832,1680
34039035400,2694,1872,822
34039035500,7441,4708,2733
34039035600,3725,2893,832
34039035700,5118,3367,1751
34039035800,3615,2591,1024
34039035900,3487,2377,1110
34039036000,5498,3792,1706
34039036100,1545,1410,135
34039036200,6369,5672,697
34039036301,4984,4413,571
34039036302,3926,3357,569
34039036400,7418,6796,622
34039036500,5417,5086,331
34039036600,4312,3682,630
34039036700,5941,5401,540
34039036800,7350,6797,553
34039036900,4315,3552,763
34039037000,6328,5695,633
34039037100,4306,4106,200
34039037200,3834,3415,419
34039037300,4641,4385,256
34039037400,4422,3967,455
34039037500,6209,5380,829
34039037601,4736,4481,255
34039037602,6373,6083,290
34039037700,4783,4423,360
34039037800,5644,4910,734
34039037900,5645,5473,172
34039038000,5823,3791,2032
34039038101,4012,3784,228
34039038102,8422,7741,681
34039038201,6511,6104,407
34039038202,6876,6242,634
34039038300,6835,6743,92
34039038400,6427,5746,681
34039038500,5798,5223,575
34039038601,7955,7508,447
34039038602,3888,3617,271
34039038700,7530,6843,687
34039038800,4562,3642,920
34039038900,6222,3355,2867
34039039000,3514,1646,1868
34039039100,3133,2725,408
34039039200,5514,3259,2255
34039039300,6277,2007,4270
34039039400,5021,2590,2431
34039039500,7002,3453,3549
34039039600,4226,3116,1110
34039039700,5107,3944,1163
34039039800,4542,2116,2426
34039039900,1822,1011,811
34041030600,3857,3436,421
34041030700,4499,3872,627
34041030800,3338,2964,374
34041030900,2876,2441,435
34041031101,5818,5197,621
34041031102,3931,3738,193
34041031200,7715,7493,222
34041031301,5545,5156,389
34041031302,4519,4285,234
34041031401,4447,3543,904
34041031402,5138,4116,1022
34041031500,7516,6941,575
34041031601,4776,4556,220
34041031602,2522,2358,164
34041031700,2621,2524,97
34041031800,2559,2533,26
34041031900,6500,6338,162
34041032000,6489,5625,864
34041032101,3104,3019,85
34041032102,5567,5297,270
34041032200,8255,7664,591
34041032300,3254,3076,178
34041032400,2249,2174,75
35001000107,2514,2046,468
35001000108,3122,2429,693
35001000109,2580,1817,763
35001000110,3906,2684,1222
35001000111,2864,2179,685
35001000112,2066,1649,417
35001000113,3555,2656,899
35001000114,3213,1768,1445
35001000115,3194,2132,1062
35001000116,3249,2282,967
35001000117,2385,1669,716
35001000118,2502,1916,586
35001000119,1841,1326,515
35001000120,2605,1692,913
35001000121,5913,3935,1978
35001000122,4318,2729,1589
35001000123,4082,2334,1748
35001000124,3687,2374,1313
35001000125,3763,2882,881
35001000126,2754,1978,776
35001000127,2924,1779,1145
35001000128,3328,1977,1351
35001000129,4405,2630,1775
35001000203,1853,1342,511
35001000204,3100,1963,1137
35001000205,3061,1207,1854
35001000206,3008,1922,1086
35001000207,3066,1794,1272
35001000208,2916,1171,1745
35001000300,5525,4598,927
35001000401,4548,3173,1375
35001000402,3446,2664,782
35001000501,3105,1879,1226
35001000502,4782,3619,1163
35001000601,3592,2556,1036
35001000603,5504,1405,4099
35001000604,4229,1475,2754
35001000704,3745,2055,1690
35001000707,6823,2204,4619
35001000708,6293,3422,2871
35001000710,7273,4770,2503
35001000711,4911,3507,1404
35001000712,4237,2641,1596
35001000713,5640,3776,1864
35001000714,4823,3089,1734
35001000801,3887,3263,624
35001000901,6984,1956,5028
35001000903,5162,3075,2087
35001000904,4199,1997,2202
35001001101,4172,2790,1382
35001001102,3130,1735,1395
35001001200,6925,3583,3342
35001001300,4426,282,4144
35001001400,2487,534,1953
35001001500,2345,1042,1303
35001001600,2380,1832,548
35001001700,4628,3344,1284
35001001800,2111,1347,764
35001001900,1141,836,305
35001002000,2273,803,1470
35001002100,1238,792,446
35001002200,3349,1820,1529
35001002300,8558,887,7671
35001002401,5444,1138,4306
35001002402,7436,1314,6122
35001002500,2803,770,2033
35001002600,1057,551,506
35001002700,4188,1745,2443
35001002900,4025,1383,2642
35001003001,4777,1723,3054
35001003002,4113,1805,2308
35001003100,2844,1817,1027
35001003201,2840,1129,1711
35001003202,6043,1544,4499
35001003400,4360,1802,2558
35001003501,5611,2314,3297
35001003502,5207,3497,1710
35001003600,6633,2816,3817
35001003707,4321,2911,1410
35001003712,5259,3645,1614
35001003714,7286,4094,3192
35001003715,3977,2946,1031
35001003717,5221,3923,1298
35001003718,2496,1957,539
35001003719,5674,4003,1671
35001003721,6600,5547,1053
35001003722,6468,4317,2151
35001003723,5728,3932,1796
35001003724,3235,2485,750
35001003725,4141,3015,1126
35001003726,2446,2054,392
35001003728,4232,2897,1335
35001003729,1829,1572,257
35001003730,4623,3771,852
35001003731,3739,2816,923
35001003732,7476,5868,1608
35001003733,3628,1869,1759
35001003735,6512,3173,3339
35001003736,2151,1092,1059
35001003737,2725,2069,656
35001003738,5242,4105,1137
35001003803,2995,2587,408
35001003804,5809,4387,1422
35001003805,2211,1287,924
35001003806,3488,2750,738
35001003807,4260,2938,1322
35001004001,5327,1024,4303
35001004300,5136,1139,3997
35001004401,3272,311,2961
35001004402,4636,965,3671
35001004501,3711,632,3079
35001004502,4150,566,3584
35001004602,4404,1170,3234
35001004603,3579,719,2860
35001004604,5782,1310,4472
35001004712,7213,1463,5750
35001004713,6773,1134,5639
35001004715,4963,838,4125
35001004716,2086,1185,901
35001004717,7900,3996,3904
35001004720,3538,2221,1317
35001004722,4960,3183,1777
35001004723,7319,4084,3235
35001004724,3130,1729,1401
35001004725,3809,1633,2176
35001004726,2382,1497,885
35001004727,1957,1093,864
35001004728,5029,3014,2015
35001004729,3838,1790,2048
35001004733,7488,865,6623
35001004734,7375,1066,6309
35001004735,2283,187,2096
35001004736,1465,183,1282
35001004737,6970,1723,5247
35001004738,5683,1005,4678
35001004739,7439,1379,6060
35001004740,7734,1228,6506
35001004741,7160,1712,5448
35001004742,6773,2958,3815
35001004743,3529,1725,1804
35001004744,5842,2559,3283
35001004745,6592,3829,2763
35001004746,8390,4006,4384
35001004747,5416,2920,2496
35001004748,10362,6140,4222
35001004749,4508,1576,2932
35001004750,6236,2183,4053
35001004751,3141,1837,1304
35001004752,4028,2543,1485
35001004753,3961,2111,1850
35001940500,2931,2716,215
35001940600,11193,5549,5644
35001940700,2586,2143,443
35003976400,3547,2863,684
35005000201,3881,1527,2354
35005000202,3808,1665,2143
35005000300,6614,3700,2914
35005000400,4111,1304,2807
35005000500,2058,613,1445
35005000600,4955,898,4057
35005000700,4509,1798,2711
35005000800,5587,2072,3515
35005000900,2934,1665,1269
35005001001,5631,3825,1806
35005001002,4416,3088,1328
35005001101,6086,2045,4041
35005001102,3831,2753,1078
35005001200,1331,736,595
35005001300,3040,864,2176
35005001400,2818,1010,1808
35006941500,3010,2952,58
35006945800,2045,1965,80
35006946100,3782,3639,143
35006974201,5053,2268,2785
35006974202,3291,1762,1529
35006974400,3848,1583,2265
35006974700,6344,2840,3504
35007950500,3944,1916,2028
35007950600,3355,1337,2018
35007950700,5417,3237,2180
35009000100,5213,1443,3770
35009000201,4481,2722,1759
35009000202,4048,1679,2369
35009000301,6901,4044,2857
35009000303,4186,3073,1113
35009000304,6165,5153,1012
35009000400,4533,2134,2399
35009000500,2083,704,1379
35009000601,1250,1174,76
35009000602,4688,3868,820
35009000603,4295,2085,2210
35009000900,2701,2060,641
35011960100,1977,1035,942
35013000102,4174,1454,2720
35013000103,5427,1503,3924
35013000104,5153,2296,2857
35013000201,5533,1553,3980
35013000202,5485,1924,3561
35013000300,4134,1654,2480
35013000401,2868,623,2245
35013000402,5946,1311,4635
35013000500,2175,785,1390
35013000600,2385,509,1876
35013000700,5365,1648,3717
35013000800,3488,1724,1764
35013000900,7436,3167,4269
35013001000,3080,1576,1504
35013001102,3396,1207,2189
35013001103,4254,1539,2715
35013001104,5263,1349,3914
35013001201,15722,8410,7312
35013001203,5104,2743,2361
35013001204,4230,3061,1169
35013001205,4436,3069,1367
35013001303,7237,3915,3322
35013001304,7934,2121,5813
35013001305,5215,1671,3544
35013001306,11669,5829,5840
35013001307,6451,2022,4429
35013001400,5146,828,4318
35013001500,6085,3415,2670
35013001600,2895,475,2420
35013001701,7642,1590,6052
35013001702,1687,265,1422
35013001703,3482,760,2722
35013001705,2958,88,2870
35013001706,3938,44,3894
35013001707,5438,55,5383
35013001801,5452,848,4604
35013001802,7749,335,7414
35013001804,6801,1528,5273
35013001805,3569,44,3525
35013001806,6119,109,6010
35013001900,1304,1071,233
35015000100,1668,1005,663
35015000200,5152,4131,1021
35015000300,5992,3769,2223
35015000401,3584,2317,1267
35015000402,4419,1869,2550
35015000500,3181,1111,2070
35015000600,5596,2341,3255
35015000700,5846,3208,2638
35015000800,2176,825,1351
35015000900,4887,2731,2156
35015001000,6873,2968,3905
35015001100,6995,3776,3219
35017964100,2073,1692,381
35017964200,1932,1600,332
35017964300,6768,3310,3458
35017964400,4110,1599,2511
35017964500,2792,993,1799
35017964600,3214,760,2454
35017964700,6016,3557,2459
35017964800,1974,1057,917
35019961600,4469,1007,3462
35021000100,565,328,237
35023970000,1900,1526,374
35023970200,2631,413,2218
35025000100,3287,754,2533
35025000200,3854,1191,2663
35025000300,4345,823,3522
35025000400,3151,1136,2015
35025000502,6934,3176,3758
35025000503,3703,2486,1217
35025000504,3711,2659,1052
35025000600,7046,2984,4062
35025000701,1645,1204,441
35025000702,3344,1620,1724
35025000703,2550,1569,981
35025000704,2947,1734,1213
35025000800,3334,1536,1798
35025000900,2217,1094,1123
35025001003,4686,1753,2933
35025001004,3948,1043,2905
35025001005,3578,1157,2421
35025001100,4650,2518,2132
35027960200,1592,1140,452
35027960300,2908,2211,697
35027960400,6877,4156,2721
35027960600,6412,4673,1739
35027960800,1937,1329,608
35028000100,3609,3197,412
35028000200,4764,3721,1043
35028000400,3421,2805,616
35028000500,6101,5170,931
35029000100,5319,1969,3350
35029000200,4123,1314,2809
35029000300,2336,789,1547
35029000400,5103,2344,2759
35029000500,4624,1690,2934
35029000600,3122,510,2612
35031940300,8820,8721,99
35031940500,1741,1712,29
35031943500,3890,3845,45
35031943600,5798,5747,51
35031943700,4288,4253,35
35031943800,6453,6270,183
35031943901,4876,4618,258
35031943902,3910,3488,422
35031944000,2268,2234,34
35031945200,6011,3982,2029
35031945300,3216,1604,1612
35031945400,2266,1300,966
35031945500,6658,4761,1897
35031945600,5736,3849,1887
35031945700,2201,2121,80
35031946000,5296,4781,515
35031973100,918,846,72
35033955200,4598,924,3674
35035000100,1794,803,991
35035000200,1824,1022,802
35035000303,2186,1404,782
35035000304,3386,2430,956
35035000305,4177,2367,1810
35035000306,3345,2297,1048
35035000401,4521,3340,1181
35035000402,7196,6228,968
35035000500,5369,2844,2525
35035000601,4187,3575,612
35035000602,2966,2251,715
35035000603,2492,2073,419
35035000700,5272,2872,2400
35035000901,2840,2438,402
35035000902,10192,2021,8171
35035940000,3586,3331,255
35037958601,2998,1482,1516
35037958602,2802,1229,1573
35037958900,2755,2052,703
35039000100,2824,430,2394
35039000200,3917,682,3235
35039000300,6158,670,5488
35039000400,4274,664,3610
35039000500,3856,1198,2658
35039940700,3626,606,3020
35039940800,5032,2067,2965
35039941000,3382,3103,279
35039944100,6855,1995,4860
35041000100,4626,3031,1595
35041000200,3762,1154,2608
35041000300,4365,3178,1187
35041000401,3246,1791,1455
35041000402,3619,2507,1112
35043010503,3249,1140,2109
35043010601,4560,3085,1475
35043010602,3914,2965,949
35043010702,7045,4768,2277
35043010703,9742,5772,3970
35043010705,5532,3595,1937
35043010712,4906,2963,1943
35043010713,5312,2823,2489
35043010714,4736,3185,1551
35043010715,3321,2309,1012
35043010716,6589,4684,1905
35043010717,9541,5476,4065
35043010718,5468,3490,1978
35043010719,3822,2041,1781
35043010720,9063,4848,4215
35043010721,4570,2383,2187
35043010722,5857,2928,2929
35043010723,11424,6510,4914
35043010900,1916,847,1069
35043011000,1972,1363,609
35043011100,6568,5272,1296
35043011200,2667,2002,665
35043940200,3672,3331,341
35043940300,0,0,0
35043940500,4088,842,3246
35043940600,2017,2001,16
35043940700,4090,3668,422
35043940900,2476,2374,102
35045000100,4082,2646,1436
35045000201,4374,3384,990
35045000202,5166,4330,836
35045000204,2142,1587,555
35045000205,6291,4273,2018
35045000301,3928,3196,732
35045000302,3295,2686,609
35045000401,5489,4254,1235
35045000402,3361,2837,524
35045000503,3443,2465,978
35045000504,2199,2041,158
35045000505,6207,5413,794
35045000607,4196,2906,1290
35045000608,5777,5141,636
35045000609,1437,1149,288
35045000610,4001,2915,1086
35045000611,3572,3165,407
35045000612,2206,1737,469
35045000613,3915,2887,1028
35045000702,944,625,319
35045000705,3547,2266,1281
35045000706,2634,1218,1416
35045000707,4250,2940,1310
35045000708,4152,2281,1871
35045000900,2203,1348,855
35045942801,2719,2706,13
35045942802,6049,5894,155
35045942803,2769,2752,17
35045942900,4500,4410,90
35045943000,4529,4384,145
35045943100,1704,1657,47
35045943201,5176,4879,297
35045943300,2280,1931,349
35047957200,3983,664,3319
35047957300,3012,1268,1744
35047957400,4562,801,3761
35047957500,4326,1341,2985
35047957600,6016,1311,4705
35047957700,1983,276,1707
35047957800,4468,690,3778
35049000101,3936,3208,728
35049000200,3847,2682,1165
35049000300,1451,882,569
35049000400,320,262,58
35049000500,1982,1620,362
35049000600,2147,1637,510
35049000700,1870,1171,699
35049000800,3170,1377,1793
35049000900,3253,1403,1850
35049001001,2467,1632,835
35049001002,3721,1255,2466
35049001102,3226,2148,1078
35049001103,1803,921,882
35049001105,2566,1349,1217
35049001106,2874,1057,1817
35049001107,4575,2084,2491
35049001202,5771,1500,4271
35049001203,2903,843,2060
35049001204,5560,905,4655
35049001205,5395,695,4700
35049001301,1544,684,860
35049001302,2659,593,2066
35049001303,7490,1601,5889
35049001304,827,121,706
35049010102,4340,675,3665
35049010203,1305,884,421
35049010204,2016,1717,299
35049010304,3491,1793,1698
35049010308,2525,504,2021
35049010309,2153,1665,488
35049010310,1268,883,385
35049010311,3877,3091,786
35049010312,4485,3207,1278
35049010314,2116,938,1178
35049010315,2910,1622,1288
35049010316,1404,860,544
35049010400,3217,2735,482
35049010500,1791,1330,461
35049010601,5724,2608,3116
35049010602,3203,2733,470
35049010603,2272,1141,1131
35049010700,5880,4944,936
35049010800,2627,1660,967
35049010900,2867,1328,1539
35049940300,1901,890,1011
35049940400,1445,864,581
35049940500,1677,623,1054
35049940600,3592,1066,2526
35049940900,2891,412,2479
35049980000,986,252,734
35051962200,3339,2269,1070
35051962300,3243,2407,836
35051962401,2271,1933,338
35051962402,2589,1446,1143
35053940000,620,604,16
35053978100,5397,2769,2628
35053978200,1261,863,398
35053978301,3181,881,2300
35053978302,3223,1894,1329
35053978303,3642,1751,1891
35055940000,2005,386,1619
35055940100,9149,4719,4430
35055952100,5448,2504,2944
35055952300,2417,1075,1342
35055952600,7763,2902,4861
35055952700,6179,2728,3451
35057963201,3914,3057,857
35057963202,3337,1909,1428
35057963600,5974,3117,2857
35057963700,2374,1086,1288
35059950200,4292,2539,1753
35061940300,1211,1154,57
35061970101,4483,1156,3327
35061970102,6359,2766,3593
35061970200,3863,2200,1663
35061970301,7278,1612,5666
35061970302,3137,1110,2027
35061970303,6477,2509,3968
35061970401,4983,1853,3130
35061970404,4983,2149,2834
35061970405,3348,1946,1402
35061970700,6402,2824,3578
35061970800,5294,1609,3685
35061970901,4784,1519,3265
35061970902,2137,832,1305
35061971000,4688,2383,2305
35061971100,1503,645,858
35061971300,2027,1149,878
35061971400,3036,1243,1793
36001000100,1934,1434,500
36001000200,4431,4086,345
36001000300,5277,5023,254
36001000401,2377,2278,99
36001000403,4819,4472,347
36001000404,5045,4372,673
36001000501,3667,2811,856
36001000502,3756,3466,290
36001000600,3810,3229,581
36001000700,3713,3168,545
36001000800,2037,1701,336
36001001100,1239,1194,45
36001001400,3668,3413,255
36001001500,5080,4438,642
36001001600,4163,3873,290
36001001700,4562,4255,307
36001001801,7046,6882,164
36001001802,3933,3826,107
36001001901,2497,2404,93
36001001902,2723,2689,34
36001002000,6775,5663,1112
36001002100,3119,2771,348
36001002200,2498,2228,270
36001002300,1946,1668,278
36001002500,3096,2587,509
36001002600,5214,4773,441
36001012700,2419,2351,68
36001012800,3770,3405,365
36001012900,3307,3211,96
36001013000,6915,6745,170
36001013100,2613,2372,241
36001013200,3146,2995,151
36001013300,4878,4645,233
36001013400,2183,2078,105
36001013503,5014,4769,245
36001013505,2655,2493,162
36001013506,6701,6238,463
36001013507,2443,2296,147
36001013508,6751,6494,257
36001013601,10036,9434,602
36001013602,4246,3908,338
36001013703,2657,2564,93
36001013705,6282,6249,33
36001013706,2195,2131,64
36001013707,6061,5914,147
36001013801,7542,7194,348
36001013802,4214,4205,9
36001013901,2481,2359,122
36001013902,5407,5259,148
36001014001,4039,3924,115
36001014002,4169,3857,312
36001014100,5204,5052,152
36001014201,5873,5646,227
36001014202,5883,5773,110
36001014203,6317,6255,62
36001014301,2880,2860,20
36001014302,8552,8475,77
36001014401,4143,4134,9
36001014402,3275,3166,109
36001014501,2518,2518,0
36001014502,3418,3278,140
36001014503,2822,2707,115
36001014606,3648,3582,66
36001014607,7621,7390,231
36001014608,4083,3833,250
36001014609,4738,4582,156
36001014611,1996,1969,27
36001014612,1735,1667,68
36001014613,3406,3354,52
36001014614,5578,5432,146
36001014615,2888,2737,151
36001014700,2754,2735,19
36001014801,2820,2763,57
36001014802,1808,1785,23
36001014803,3382,3306,76
36003940200,20,20,0
36003950100,2566,2531,35
36003950300,4754,4673,81
36003950400,3730,3668,62
36003950500,3534,3495,39
36003950600,3682,3636,46
36003950700,3575,3567,8
36003950800,6309,6025,284
36003950900,3760,3723,37
36003951000,3217,3188,29
36003951100,3866,3797,69
36003951200,4796,4773,23
36003951300,3891,3864,27
36005000100,7503,5263,2240
36005000200,5251,1315,3936
36005000400,5980,2112,3868
36005001600,6056,2015,4041
36005001900,2682,1233,1449
36005002000,9131,3528,5603
36005002300,4824,1796,3028
36005002400,123,123,0
36005002500,5651,1255,4396
36005002701,3034,970,2064
36005002702,4684,1448,3236
36005002800,5350,3341,2009
36005003100,1744,576,1168
36005003300,3855,1446,2409
36005003500,3935,1043,2892
36005003700,279,116,163
36005003800,1246,517,729
36005003900,6487,1212,5275
36005004001,1489,641,848
36005004100,6208,1255,4953
36005004200,7848,4165,3683
36005004300,6021,1736,4285
36005004400,4827,1821,3006
36005004600,1976,786,1190
36005004800,4504,1098,3406
36005005001,5181,1792,3389
36005005002,5687,1734,3953
36005005100,5676,1461,4215
36005005200,2368,652,1716
36005005300,3866,2029,1837
36005005400,6292,1557,4735
36005005600,2614,934,1680
36005005902,2746,718,2028
36005006000,1269,303,966
36005006100,3878,3081,797
36005006200,7386,2355,5031
36005006300,4291,1433,2858
36005006400,3266,1548,1718
36005006500,5609,1879,3730
36005006700,7597,2659,4938
36005006800,3358,1772,1586
36005006900,8672,3799,4873
36005007000,4889,1805,3084
36005007100,2544,921,1623
36005007200,5563,3082,2481
36005007300,4046,1721,2325
36005007400,3701,1266,2435
36005007500,6043,2660,3383
36005007600,5013,1780,3233
36005007700,2040,569,1471
36005007800,6535,1846,4689
36005007900,6693,1774,4919
36005008300,6887,1289,5598
36005008400,2528,924,1604
36005008500,6406,1338,5068
36005008600,3849,1171,2678
36005008700,6420,1468,4952
36005008900,3323,693,2630
36005009000,3636,1124,2512
36005009200,5975,2318,3657
36005009300,6601,1970,4631
36005009600,2597,1191,1406
36005009800,5306,1523,3783
36005011000,151,0,151
36005011502,4656,1449,3207
36005011700,1536,483,1053
36005011800,5267,4083,1184
36005011900,5179,1726,3453
36005012101,2875,885,1990
36005012102,1682,223,1459
36005012300,3893,1260,2633
36005012500,4311,1445,2866
36005012701,1954,459,1495
36005012901,4240,1793,2447
36005013000,1447,676,771
36005013100,5008,1512,3496
36005013200,7160,3664,3496
36005013300,6095,2414,3681
36005013500,3855,1414,2441
36005013800,2794,2021,773
36005014100,5781,2183,3598
36005014300,1085,672,413
36005014400,6198,2346,3852
36005014500,8112,3205,4907
36005014701,7152,3631,3521
36005014702,5326,2175,3151
36005014900,4508,1815,2693
36005015100,5172,2226,2946
36005015200,2805,1019,1786
36005015300,4880,2317,2563
36005015500,2966,594,2372
36005015700,4365,1274,3091
36005015800,1090,455,635
36005015900,1600,132,1468
36005016000,4004,3042,962
36005016100,4372,1220,3152
36005016200,2013,987,1026
36005016300,0,0,0
36005016400,1026,695,331
36005016500,1002,505,497
36005016600,2210,880,1330
36005016700,2920,1319,1601
36005016900,1361,775,586
36005017100,0,0,0
36005017300,5320,1980,3340
36005017500,6960,2422,4538
36005017701,5228,1953,3275
36005017702,5401,1972,3429
36005017901,5112,1679,3433
36005017902,3580,1976,1604
36005018101,3068,1226,1842
36005018102,5851,2631,3220
36005018301,4011,1641,2370
36005018302,3836,1348,2488
36005018400,3559,2268,1291
36005018500,7342,3248,4094
36005018900,8200,2311,5889
36005019300,5659,2076,3583
36005019400,2339,933,1406
36005019500,7462,2216,5246
36005019700,6795,1979,4816
36005019900,8446,2519,5927
36005020000,4751,1824,2927
36005020100,4346,1429,2917
36005020200,2194,876,1318
36005020400,2934,883,2051
36005020501,6789,2024,4765
36005020502,2110,807,1303
36005020601,2896,1707,1189
36005020900,4429,1692,2737
36005021001,9648,5634,4014
36005021002,6854,5310,1544
36005021100,5200,2078,3122
36005021200,5155,3372,1783
36005021301,1147,222,925
36005021302,6151,2959,3192
36005021501,4761,1191,3570
36005021502,6298,1717,4581
36005021601,4311,1926,2385
36005021602,5861,3453,2408
36005021700,5213,2373,2840
36005021800,6870,2553,4317
36005021900,1142,125,1017
36005022000,2174,494,1680
36005022101,3948,1005,2943
36005022102,5293,1033,4260
36005022200,3308,1316,1992
36005022300,5177,1597,3580
36005022401,2807,839,1968
36005022403,3589,1137,2452
36005022404,4265,2184,2081
36005022500,8440,2957,5483
36005022701,5733,2336,3397
36005022702,1446,617,829
36005022703,1775,698,1077
36005022800,5912,2912,3000
36005022901,5650,2076,3574
36005022902,3304,938,2366
36005023000,2945,1570,1375
36005023100,1650,665,985
36005023200,2702,1083,1619
36005023301,4185,1008,3177
36005023302,3601,774,2827
36005023501,3225,562,2663
36005023502,4624,874,3750
36005023600,2268,1021,1247
36005023702,1222,358,864
36005023703,5766,1347,4419
36005023704,4142,969,3173
36005023800,2523,884,1639
36005023900,7931,1553,6378
36005024000,3647,1200,2447
36005024100,5963,1855,4108
36005024300,5613,1818,3795
36005024400,2318,1106,1212
36005024501,5444,1367,4077
36005024502,3962,1086,2876
36005024600,2342,1257,1085
36005024700,1919,1097,822
36005024800,3075,2324,751
36005024900,0,0,0
36005025000,2723,2002,721
36005025100,6578,1951,4627
36005025200,2702,1760,942
36005025300,5925,1396,4529
36005025400,2020,1455,565
36005025500,5929,1044,4885
36005025600,1756,1010,746
36005025700,1875,422,1453
36005026100,1995,1241,754
36005026300,5867,1507,4360
36005026400,5517,2923,2594
36005026500,7827,1627,6200
36005026601,3088,1374,1714
36005026602,5430,2742,2688
36005026701,3944,1199,2745
36005026702,7146,1601,5545
36005026900,3751,1000,2751
36005027300,8181,1970,6211
36005027401,4521,3575,946
36005027402,3578,2725,853
36005027600,59,51,8
36005027700,5633,1638,3995
36005027900,7012,2888,4124
36005028100,4046,2491,1555
36005028300,3331,1080,2251
36005028400,687,421,266
36005028500,3284,2043,1241
36005028600,1190,692,498
36005028700,3174,1536,1638
36005028800,3564,2877,687
36005028900,4545,1540,3005
36005029301,1852,1590,262
36005029302,5325,4291,1034
36005029500,5103,3478,1625
36005029600,1670,1276,394
36005029700,3585,2792,793
36005030000,5521,2686,2835
36005030100,1309,861,448
36005030200,9875,7554,2321
36005030701,5296,4464,832
36005030900,3775,3061,714
36005031000,4919,3511,1408
36005031200,1676,1419,257
36005031400,2193,1394,799
36005031600,1829,1256,573
36005031800,2023,1354,669
36005031900,654,516,138
36005032300,4430,3782,648
36005032400,2779,1075,1704
36005032600,3453,2556,897
36005032800,4233,1912,2321
36005033000,5750,2368,3382
36005033201,4340,1455,2885
36005033202,4409,1977,2432
36005033400,1468,517,951
36005033500,2072,1768,304
36005033600,6821,3139,3682
36005033700,2314,1896,418
36005033800,4404,2411,1993
36005034000,4859,2165,2694
36005034200,2032,1193,839
36005034300,1624,945,679
36005034400,2299,1532,767
36005034500,3389,2355,1034
36005034800,6976,3659,3317
36005035000,1847,1349,498
36005035100,3591,2432,1159
36005035600,2317,1762,555
36005035800,7068,5710,1358
36005035900,2035,519,1516
36005036000,3203,2131,1072
36005036100,6028,1581,4447
36005036300,7836,1709,6127
36005036400,2550,2216,334
36005036501,3801,1721,2080
36005036502,2077,476,1601
36005036700,2724,680,2044
36005036800,2158,1666,492
36005036901,2235,594,1641
36005036902,2197,892,1305
36005037000,2416,1806,610
36005037100,4212,1890,2322
36005037200,2166,1491,675
36005037300,5719,2072,3647
36005037400,3884,2265,1619
36005037504,3472,1406,2066
36005037600,2454,1224,1230
36005037800,3295,2264,1031
36005037900,5027,2510,2517
36005038000,4816,3863,953
36005038100,6790,1899,4891
36005038200,2831,2195,636
36005038301,4604,1279,3325
36005038302,5991,2673,3318
36005038500,4757,1481,3276
36005038600,8096,7297,799
36005038700,3375,1217,2158
36005038800,2552,1961,591
36005038900,5492,2243,3249
36005039000,2841,2309,532
36005039100,7073,1962,5111
36005039200,1955,1370,585
36005039300,9438,2677,6761
36005039400,4948,3332,1616
36005039500,4185,1394,2791
36005039600,4505,3707,798
36005039700,3994,2992,1002
36005039800,3004,2849,155
36005039901,5536,1452,4084
36005039902,5545,1662,3883
36005040100,4652,705,3947
36005040302,4265,1175,3090
36005040303,4974,1137,3837
36005040304,3943,602,3341
36005040400,3139,2638,501
36005040501,4698,1077,3621
36005040502,6636,2218,4418
36005040600,3593,2898,695
36005040701,3140,742,2398
36005040702,6823,2065,4758
36005040800,4780,3280,1500
36005040900,3138,2683,455
36005041100,3158,1149,2009
36005041300,7429,2061,5368
36005041400,4776,3760,1016
36005041500,6031,1889,4142
36005041800,4302,2707,1595
36005041900,7168,2947,4221
36005042000,3639,2361,1278
36005042100,5576,1813,3763
36005042200,3387,2860,527
36005042300,4384,1671,2713
36005042400,2680,2303,377
36005042500,6494,1903,4591
36005042600,6893,6384,509
36005042800,1996,1721,275
36005042901,4154,1839,2315
36005042902,4544,1385,3159
36005043000,3804,3333,471
36005043100,10346,4258,6088
36005043400,3937,2845,1092
36005043500,62,54,8
36005043600,2179,1822,357
36005044200,3533,2732,801
36005044400,3728,3307,421
36005044800,2054,1859,195
36005044901,1450,1260,190
36005044902,1994,1658,336
36005045101,1548,1395,153
36005045102,1870,1594,276
36005045600,2988,2192,796
36005045800,5211,2060,3151
36005046000,2888,2026,862
36005046201,29256,20372,8884
36005046202,9410,7040,2370
36005048400,4054,3373,681
36005050400,65,14,51
36005051600,4034,2882,1152
36007000100,3267,2975,292
36007000200,3159,3081,78
36007000300,2604,2245,359
36007000400,2003,1932,71
36007000500,1910,1707,203
36007000600,2133,1905,228
36007000700,3579,3338,241
36007000900,1667,1489,178
36007001100,1903,1462,441
36007001200,798,741,57
36007001300,3149,2752,397
36007001400,4880,4548,332
36007001500,4997,4872,125
36007001600,2432,2314,118
36007001700,3997,3826,171
36007001800,3799,3481,318
36007010200,5301,5275,26
36007011901,2880,2827,53
36007011902,2688,2635,53
36007011903,2693,2671,22
36007012000,1645,1636,9
36007012101,3763,3727,36
36007012102,3968,3961,7
36007012103,3267,3240,27
36007012201,2682,2682,0
36007012202,3854,3854,0
36007012300,5149,5132,17
36007012400,2376,2295,81
36007012500,6160,6150,10
36007012600,5735,5406,329
36007012701,5313,5249,64
36007012702,4859,4818,41
36007012800,5209,5119,90
36007012900,1679,1679,0
36007013000,4460,4356,104
36007013100,2743,2517,226
36007013201,2104,2030,74
36007013202,3174,3049,125
36007013301,4784,4745,39
36007013303,2535,2489,46
36007013304,5908,5908,0
36007013400,4212,3936,276
36007013500,1868,1725,143
36007013600,3770,3710,60
36007013700,3223,2995,228
36007013800,3138,2993,145
36007013900,2701,2590,111
36007014000,3104,3025,79
36007014100,3184,3143,41
36007014200,2708,2608,100
36007014301,5207,5057,150
36007014302,9257,8444,813
36007014400,4763,4641,122
36007014500,3452,3389,63
36007014600,5588,5393,195
36009940000,364,364,0
36009940200,0,0,0
36009940300,6298,5833,465
36009960100,3428,3344,84
36009960200,4232,4223,9
36009960300,4840,4787,53
36009960400,4142,4046,96
36009960500,5280,5162,118
36009960600,3532,3385,147
36009960702,2512,2485,27
36009960800,4466,4387,79
36009961000,4087,4076,11
36009961100,4251,4237,14
36009961200,3743,3692,51
36009961300,5361,5144,217
36009961400,4969,4871,98
36009961500,2181,2180,1
36009961600,3835,3806,29
36009961700,3255,3242,13
36009961800,4720,4720,0
36009962200,3010,2992,18
36011040100,4640,4617,23
36011040200,4901,4842,59
36011040300,4092,4011,81
36011040400,4365,4302,63
36011040500,3430,3335,95
36011040600,3572,3537,35
36011040700,3730,3715,15
36011040800,4708,4546,162
36011040900,3992,3839,153
36011041000,4829,4491,338
36011041100,4444,4309,135
36011041200,4979,4826,153
36011041300,4050,4007,43
36011041400,4471,4372,99
36011041500,2822,2741,81
36011041600,2307,2299,8
36011041700,4179,4036,143
36011041800,5041,5002,39
36011042100,4231,3836,395
36011990200,0,0,0
36013030100,3948,3681,267
36013030200,4221,3634,587
36013030300,2090,1512,578
36013030400,4573,4355,218
36013030500,3437,3003,434
36013030600,3537,3309,228
36013030700,4110,3728,382
36013030800,4429,4359,70
36013035100,4416,4313,103
36013035300,2621,2505,116
36013035400,3076,1991,1085
36013035500,2899,1901,998
36013035600,3249,2542,707
36013035700,2962,2036,926
36013035800,3778,3617,161
36013035901,4701,4393,308
36013035902,2656,2486,170
36013036000,4584,3991,593
36013036100,4741,4658,83
36013036300,4807,4566,241
36013036401,3071,3001,70
36013036402,3527,3496,31
36013036500,4765,4499,266
36013036600,3356,3326,30
36013036700,4228,4204,24
36013036800,4186,4082,104
36013036901,2673,2650,23
36013036902,3710,3710,0
36013037000,3523,3484,39
36013037100,3783,3766,17
36013037200,3481,3396,85
36013037300,5082,5032,50
36013037400,3864,3776,88
36013037500,5061,5006,55
36013037600,2603,2452,151
36013990000,0,0,0
36015000100,2804,2724,80
36015000200,2682,2664,18
36015000300,1879,1644,235
36015000400,2152,2088,64
36015000500,3020,2925,95
36015000600,3687,3422,265
36015000700,2388,2266,122
36015000900,3516,3176,340
36015001000,3225,2997,228
36015001100,3230,3151,79
36015010100,3729,3687,42
36015010200,5875,5810,65
36015010300,7793,7717,76
36015010400,3633,3618,15
36015010500,2936,2854,82
36015010600,2898,2896,2
36015010700,7648,7424,224
36015010800,3445,3445,0
36015010900,5284,5268,16
36015011000,3839,3797,42
36015011100,6950,6632,318
36015011200,5129,4958,171
36017970100,5985,5928,57
36017970200,4205,4092,113
36017970300,3913,3870,43
36017970400,3066,2873,193
36017970500,5729,5721,8
36017970601,4203,4180,23
36017970602,4094,3909,185
36017970700,2376,2311,65
36017970801,3500,3412,88
36017970802,3975,3860,115
36017970900,5014,4894,120
36017971000,3226,3212,14
36019100100,5690,5644,46
36019100200,4224,4188,36
36019100300,6506,6218,288
36019100400,7185,6472,713
36019100600,5519,5512,7
36019100700,3511,3464,47
36019100800,4578,4455,123
36019100900,5065,5024,41
36019101000,4029,3955,74
36019101100,2744,2377,367
36019101300,2842,2756,86
36019101400,1762,1760,2
36019101600,1581,1569,12
36019101700,5152,5099,53
36019101800,5415,5383,32
36019101900,7010,6912,98
36019102000,3118,3062,56
36019102100,2196,2153,43
36019102200,3378,3269,109
36021000100,2367,2319,48
36021000200,1739,1676,63
36021000300,4027,3869,158
36021000401,2405,2384,21
36021000402,6029,5596,433
36021000500,2172,2156,16
36021000600,2742,2604,138
36021000700,5275,5148,127
36021000800,1517,1498,19
36021000900,1669,1655,14
36021001000,5877,5797,80
36021001100,4133,3871,262
36021001200,3552,3016,536
36021001300,2997,2898,99
36021001400,3562,3366,196
36021001500,1156,1119,37
36021001600,3547,3423,124
36021001700,1418,1368,50
36021001800,1792,1744,48
36021001900,2013,1932,81
36021002000,1871,1742,129
36023970100,3440,3389,51
36023970200,5624,5617,7
36023970300,3070,2935,135
36023970400,2668,2511,157
36023970500,3789,3527,262
36023970600,2818,2711,107
36023970700,5082,4959,123
36023970800,2513,2478,35
36023970900,4816,4751,65
36023971000,5691,5523,168
36023971100,4874,4813,61
36023971200,4328,4249,79
36025970100,4605,4476,129
36025970200,2968,2859,109
36025970300,2281,2244,37
36025970400,5603,5405,198
36025970500,4100,4055,45
36025970600,5384,5184,200
36025970700,2453,2376,77
36025970800,3435,3349,86
36025970900,1540,1229,311
36025971000,3189,3128,61
36025971100,2188,2149,39
36025971200,3618,3387,231
36025971300,1990,1915,75
36025971400,3126,3061,65
36027010000,4316,3888,428
36027020003,4238,3954,284
36027020004,2790,2458,332
36027020005,5499,5085,414
36027030000,4286,4124,162
36027040001,4686,4392,294
36027040003,3844,2931,913
36027050102,3935,3506,429
36027050103,5472,5091,381
36027050104,6992,6597,395
36027050203,4771,4324,447
36027050204,2711,2558,153
36027050205,5401,5032,369
36027060100,4597,3910,687
36027060201,3322,2905,417
36027060202,4332,3380,952
36027060301,4509,4093,416
36027060302,2792,2561,231
36027060400,2143,1853,290
36027070101,4340,4103,237
36027070102,3385,2960,425
36027070201,2933,2648,285
36027070301,5656,5406,250
36027070401,4959,4449,510
36027080103,4733,4328,405
36027080104,3727,3407,320
36027080201,4501,4096,405
36027080202,2741,2628,113
36027090000,2203,2082,121
36027100000,2991,2431,560
36027110003,4302,4201,101
36027110004,2006,1579,427
36027110005,2053,1774,279
36027120000,2601,2473,128
36027130003,5480,5393,87
36027130004,1618,1504,114
36027130005,2636,2315,321
36027140101,6235,5318,917
36027140200,6912,6134,778
36027140300,5504,4577,927
36027140400,5479,5081,398
36027140500,2999,2683,316
36027140602,2795,2427,368
36027140700,6885,6621,264
36027140801,2733,2442,291
36027150003,3178,2897,281
36027150004,3690,3476,214
36027150005,2621,2494,127
36027150006,1739,1634,105
36027160003,2600,2499,101
36027160004,2499,2430,69
36027160005,2614,2451,163
36027170000,3794,3517,277
36027180001,4842,4637,205
36027190101,3974,3648,326
36027190102,1837,1639,198
36027190203,2736,2296,440
36027190204,5064,4841,223
36027190301,3493,2984,509
36027190401,2006,1762,244
36027190402,3332,2615,717
36027200001,3189,2940,249
36027200002,1491,1390,101
36027210101,5309,3937,1372
36027210201,3881,3312,569
36027210301,4274,3611,663
36027220100,4232,3589,643
36027220201,3185,2539,646
36027220300,4904,3900,1004
36027220700,2355,2083,272
36027220801,4346,3208,1138
36027220901,3831,3215,616
36027221001,3649,3544,105
36027221100,4009,2275,1734
36027300000,5429,3946,1483
36027410000,4184,3613,571
36027610000,1953,1446,507
36027640001,1153,790,363
36027640002,1469,1100,369
36029000110,2934,2220,714
36029000200,4146,3541,605
36029000500,1971,1596,375
36029000600,4686,4414,272
36029000700,3659,3588,71
36029000800,4603,4367,236
36029000900,2485,2199,286
36029001000,5679,5508,171
36029001100,2843,2608,235
36029001402,2743,2625,118
36029001500,1428,1395,33
36029001600,1993,1903,90
36029001700,1730,1619,111
36029001900,3052,2952,100
36029002300,3775,3644,131
36029002400,4077,3743,334
36029002502,2029,1928,101
36029002702,2442,2405,37
36029002800,2126,1978,148
36029002900,1938,1915,23
36029003000,2630,2572,58
36029003100,2296,2203,93
36029003301,3828,3800,28
36029003302,3126,2974,152
36029003400,2545,2534,11
36029003500,3059,3027,32
36029003600,2847,2712,135
36029003700,4165,3923,242
36029003800,2977,2773,204
36029003901,991,980,11
36029004001,4467,4249,218
36029004100,4435,4360,75
36029004200,3678,3626,52
36029004300,5869,5766,103
36029004401,4551,4500,51
36029004402,2614,2500,114
36029004500,5878,5701,177
36029004601,3224,3101,123
36029004602,1154,1023,131
36029004700,5999,5528,471
36029004800,4082,3815,267
36029004900,6158,5602,556
36029005000,2340,2198,142
36029005100,4410,3796,614
36029005201,2811,2614,197
36029005202,3456,3325,131
36029005300,1672,1571,101
36029005400,3895,3730,165
36029005500,3852,2795,1057
36029005600,4293,3227,1066
36029005700,2616,1902,714
36029005801,3392,2553,839
36029005802,4695,3841,854
36029005900,3978,2629,1349
36029006100,4783,3716,1067
36029006201,2028,1734,294
36029006301,4524,4172,352
36029006302,2685,2589,96
36029006501,2920,2701,219
36029006601,2522,2360,162
36029006602,2381,2166,215
36029006701,2867,2654,213
36029006702,2862,2614,248
36029006800,3363,3071,292
36029006901,3363,1941,1422
36029006902,4096,3012,1084
36029007000,2996,2062,934
36029007101,3576,1338,2238
36029007102,2764,1782,982
36029007202,1847,1313,534
36029007302,8013,7568,445
36029007303,7339,6934,405
36029007304,5383,5354,29
36029007600,3168,3151,17
36029007700,4280,4094,186
36029007800,5128,5063,65
36029007901,3181,3117,64
36029007902,5894,5761,133
36029007903,3404,3329,75
36029007904,3375,3172,203
36029007905,4282,4072,210
36029008001,5763,5569,194
36029008002,5646,5612,34
36029008003,5363,5129,234
36029008101,5592,5427,165
36029008102,4282,4171,111
36029008201,2404,2313,91
36029008202,3760,3699,61
36029008300,2386,2005,381
36029008400,2512,2471,41
36029008500,2496,2305,191
36029008600,4570,4549,21
36029008700,4694,4470,224
36029008800,3543,3454,89
36029008900,4301,4177,124
36029009004,3559,3375,184
36029009006,7492,7291,201
36029009007,7346,6994,352
36029009008,4913,4879,34
36029009009,5316,5279,37
36029009010,5963,5758,205
36029009104,4371,4241,130
36029009106,2904,2811,93
36029009107,5057,4414,643
36029009109,3146,3103,43
36029009110,5841,5315,526
36029009112,3033,2917,116
36029009113,6906,6658,248
36029009114,4319,4163,156
36029009115,3871,3765,106
36029009116,5380,5286,94
36029009200,3882,3777,105
36029009301,5566,5391,175
36029009302,2796,2761,35
36029009401,6048,5855,193
36029009402,4289,4199,90
36029009501,5158,5064,94
36029009502,6785,6588,197
36029009600,6405,6257,148
36029009701,2911,2901,10
36029009702,4611,4518,93
36029009800,1790,1710,80
36029009900,3606,3515,91
36029010001,2954,2870,84
36029010002,4395,4321,74
36029010003,3766,3698,68
36029010101,4309,4213,96
36029010102,3664,3507,157
36029010103,4177,4165,12
36029010201,2857,2848,9
36029010202,3568,3359,209
36029010300,1510,1367,143
36029010400,2307,2161,146
36029010500,2197,2079,118
36029010600,2591,2512,79
36029010700,2239,2212,27
36029010803,2027,2001,26
36029010804,3797,3756,41
36029010805,5020,4930,90
36029010807,5171,4941,230
36029010808,3876,3700,176
36029010809,3236,3064,172
36029010901,2348,2243,105
36029010902,4604,4528,76
36029011000,1880,1865,15
36029011100,2180,2148,32
36029011200,6734,6689,45
36029011300,4862,4805,57
36029011400,2289,2169,120
36029011500,1516,1431,85
36029011600,2123,2078,45
36029011700,3964,3828,136
36029011800,3724,3683,41
36029012001,4465,4330,135
36029012002,3383,3365,18
36029012003,5048,4977,71
36029012300,3077,2729,348
36029012400,2133,1843,290
36029012501,4562,4380,182
36029012502,1914,1855,59
36029012800,2616,2511,105
36029012901,6785,6543,242
36029012902,3345,3314,31
36029013001,3053,3050,3
36029013002,5910,5831,79
36029013101,6488,6404,84
36029013102,8384,8261,123
36029013201,6021,5761,260
36029013202,5229,5127,102
36029013300,3626,3439,187
36029013400,6477,6377,100
36029013501,7088,6875,213
36029013502,7200,7100,100
36029013600,2846,2771,75
36029013701,6291,6203,88
36029013702,6096,5982,114
36029013800,7942,7838,104
36029013900,2109,2093,16
36029014000,3768,3710,58
36029014101,6232,6153,79
36029014102,5470,5470,0
36029014204,4082,4016,66
36029014206,7418,7392,26
36029014207,5425,5314,111
36029014208,5628,5574,54
36029014209,3939,3860,79
36029014300,6180,6130,50
36029014400,4040,3832,208
36029014501,3661,3509,152
36029014502,2352,2208,144
36029014601,5446,5410,36
36029014603,4319,4286,33
36029014604,8233,7975,258
36029014701,5344,5213,131
36029014702,8344,8190,154
36029014801,2461,2419,42
36029014803,6226,6200,26
36029014901,2596,2591,5
36029014903,5587,5500,87
36029014904,2052,1814,238
36029015001,5364,5221,143
36029015002,3037,2995,42
36029015003,3386,3362,24
36029015101,3294,3294,0
36029015102,2786,2746,40
36029015201,3316,3263,53
36029015202,4718,4688,30
36029015301,4872,4801,71
36029015302,2821,2782,39
36029015401,2590,2590,0
36029015402,4959,4761,198
36029015501,1879,1815,64
36029015503,2641,2603,38
36029015504,4230,4143,87
36029015600,2113,2094,19
36029015700,3522,3482,40
36029015800,4217,4217,0
36029015900,4334,4213,121
36029016100,2683,2193,490
36029016200,2066,1918,148
36029016300,2425,2079,346
36029016400,2944,2415,529
36029016500,1611,1438,173
36029016600,2692,2681,11
36029016700,2128,1887,241
36029016800,3192,2934,258
36029016900,3647,3542,105
36029017000,2956,2911,45
36029017100,5495,4161,1334
36029017200,2415,2379,36
36029017300,7089,7002,87
36029017400,4240,3578,662
36029017501,1383,1383,0
36029017502,2509,2486,23
36029940000,1874,1847,27
36029940100,3,3,0
36029990000,0,0,0
36031960100,2657,2604,53
36031960200,2911,2907,4
36031960300,2968,2910,58
36031960498,2512,2433,79
36031960598,6071,5388,683
36031960700,1903,1855,48
36031960800,2031,1980,51
36031960900,3684,3658,26
36031961000,4753,4613,140
36031961100,1859,1858,1
36031961200,4971,4963,8
36031961300,1011,978,33
36031961400,1267,1264,3
36033940000,3284,3121,163
36033950100,4543,4458,85
36033950200,4859,4765,94
36033950300,5881,5842,39
36033950400,5125,5124,1
36033950501,3548,3380,168
36033950502,5673,4830,843
36033950600,1699,1684,15
36033950700,2364,2325,39
36033950800,2501,2479,22
36033950900,3536,3503,33
36033951000,2110,2095,15
36033951100,3674,3537,137
36033951200,2210,2183,27
36035970100,2610,2589,21
36035970200,2949,2861,88
36035970300,3377,3377,0
36035970400,1820,1808,12
36035970500,3971,3931,40
36035970600,7328,7128,200
36035970700,3681,3441,240
36035970800,3027,2985,42
36035970900,3234,3174,60
36035971000,2829,2659,170
36035971100,2387,2237,150
36035971200,3610,3355,255
36035971300,4773,4716,57
36035971400,3514,3436,78
36035971500,5187,5115,72
36037940100,535,528,7
36037950100,5355,5294,61
36037950200,5474,5075,399
36037950300,6141,6012,129
36037950400,6869,6638,231
36037950500,2974,2952,22
36037950600,2459,2223,236
36037950700,2276,2225,51
36037950800,2578,2564,14
36037950900,2217,2099,118
36037951000,2508,2455,53
36037951100,5072,5053,19
36037951200,4760,4610,150
36037951300,4276,4120,156
36037951400,5559,5433,126
36039080100,3278,3240,38
36039080201,3637,3587,50
36039080202,2673,2651,22
36039080300,3179,3062,117
36039080401,2667,2506,161
36039080402,1950,1849,101
36039080501,2609,2574,35
36039080502,3911,3801,110
36039080600,3356,2961,395
36039080700,2692,2669,23
36039080800,2631,2023,608
36039080900,3979,3821,158
36039081000,4358,4155,203
36039081101,4049,3805,244
36039081102,3100,2757,343
36041950100,874,843,31
36041950300,1032,1032,0
36041950400,1748,1729,19
36041950500,1043,1027,16
36043010100,6296,6200,96
36043010201,3473,3383,90
36043010202,4055,4017,38
36043010300,5175,4993,182
36043010400,3513,3399,114
36043010501,2513,2414,99
36043010502,1743,1743,0
36043010701,2962,2805,157
36043010702,1857,1827,30
36043010900,3452,3446,6
36043011001,2362,2311,51
36043011002,3169,3132,37
36043011100,1918,1899,19
36043011200,6402,6284,118
36043011301,1656,1656,0
36043011302,3411,3375,36
36043011400,4616,4547,69
36043011501,3127,3095,32
36043011502,1858,1786,72
36045060100,4266,4166,100
36045060200,7452,7154,298
36045060300,4182,4082,100
36045060400,6856,6728,128
36045060500,4996,4705,291
36045060600,6634,5622,1012
36045060700,4714,4553,161
36045060803,7000,5168,1832
36045060804,7035,5916,1119
36045060900,6224,6191,33
36045061000,3628,3230,398
36045061100,5852,5692,160
36045061200,3257,2905,352
36045061300,3064,2759,305
36045061400,4020,3855,165
36045061500,4158,3791,367
36045061600,4204,4174,30
36045061700,2393,2382,11
36045061800,7355,7148,207
36045061900,3829,3705,124
36045062100,4277,3750,527
36045062200,4392,4184,208
36045062400,4926,4574,352
36045062500,3130,3069,61
36045980000,122,104,18
36045990001,0,0,0
36047000100,4224,3883,341
36047000200,1638,168,1470
36047000301,4246,3917,329
36047000501,4697,4273,424
36047000502,2618,2400,218
36047000700,4110,3743,367
36047000900,4245,3975,270
36047001100,1124,1018,106
36047001300,2565,2075,490
36047001500,6390,5058,1332
36047001800,2073,1077,996
36047002000,1265,171,1094
36047002100,4628,4307,321
36047002200,4976,1627,3349
36047002300,4389,3077,1312
36047002901,4074,2861,1213
36047003000,1792,1392,400
36047003100,2879,2533,346
36047003300,3171,2581,590
36047003400,2829,2376,453
36047003500,1589,1395,194
36047003600,4342,3686,656
36047003700,1214,1122,92
36047003800,1459,1365,94
36047003900,2458,2087,371
36047004100,3653,3348,305
36047004300,3260,2743,517
36047004400,2255,2044,211
36047004500,3465,3352,113
36047004600,1338,1249,89
36047004700,2142,1721,421
36047004900,2599,2240,359
36047005000,2449,2142,307
36047005100,2392,1825,567
36047005201,1623,1430,193
36047005202,2464,2323,141
36047005300,2424,1634,790
36047005400,3160,2879,281
36047005601,2310,2125,185
36047005602,1622,1459,163
36047005800,3106,2613,493
36047005900,1397,1051,346
36047006000,2541,2081,460
36047006200,2916,2412,504
36047006300,1885,1709,176
36047006400,2975,2546,429
36047006500,5763,5497,266
36047006600,3528,2637,891
36047006700,3867,3531,336
36047006800,4731,3233,1498
36047006900,3417,3062,355
36047007000,2470,1974,496
36047007100,4943,2890,2053
36047007200,2127,848,1279
36047007400,5767,1591,4176
36047007500,4543,4221,322
36047007600,4936,1860,3076
36047007700,4705,3782,923
36047007800,5518,1203,4315
36047008000,4133,1028,3105
36047008200,4306,1267,3039
36047008400,3784,1125,2659
36047008500,7281,3863,3418
36047008600,0,0,0
36047008800,3399,1153,2246
36047009000,3206,1900,1306
36047009200,5488,3511,1977
36047009400,5571,4548,1023
36047009600,6103,3088,3015
36047009800,8144,4354,3790
36047010000,6642,4235,2407
36047010100,4297,1720,2577
36047010200,5291,3909,1382
36047010400,5904,5364,540
36047010600,5240,4500,740
36047010800,4108,3498,610
36047011000,2670,1569,1101
36047011200,6707,4418,2289
36047011400,4664,4169,495
36047011600,4189,3854,335
36047011700,2796,2046,750
36047011800,2072,1701,371
36047011900,1654,1230,424
36047012000,1305,1201,104
36047012100,1801,1242,559
36047012200,5787,2998,2789
36047012600,2852,1979,873
36047012700,4204,2767,1437
36047012801,2139,1904,235
36047012901,2462,1761,701
36047012902,1908,1501,407
36047013000,5203,3530,1673
36047013100,4137,3454,683
36047013200,2186,1762,424
36047013300,4657,4028,629
36047013400,3916,3345,571
36047013500,3594,3193,401
36047013600,3946,3409,537
36047013700,3497,2763,734
36047013800,3217,2577,640
36047013900,3621,2940,681
36047014000,1899,1764,135
36047014100,3385,2664,721
36047014200,3192,2556,636
36047014300,3561,1903,1658
36047014500,4507,2747,1760
36047014700,2263,1453,810
36047014800,1337,1329,8
36047014900,5814,4495,1319
36047015000,1487,1371,116
36047015100,4136,3411,725
36047015200,2690,2390,300
36047015300,2746,2370,376
36047015400,0,0,0
36047015500,3688,3490,198
36047015700,4198,3862,336
36047015900,5125,4904,221
36047016000,3989,3004,985
36047016100,3239,2834,405
36047016200,2275,2044,231
36047016300,3299,3109,190
36047016400,634,590,44
36047016500,5619,5156,463
36047016600,1842,1738,104
36047016700,5482,5152,330
36047016800,1852,1756,96
36047016900,4682,3884,798
36047017000,3935,3336,599
36047017100,3986,3674,312
36047017200,3877,3001,876
36047017400,1993,1945,48
36047017500,0,0,0
36047017600,2437,1913,524
36047017700,0,0,0
36047017800,3219,2234,985
36047017900,4274,3300,974
36047018000,3479,2562,917
36047018100,3531,3104,427
36047018200,3542,2900,642
36047018300,2934,2616,318
36047018400,2718,2631,87
36047018501,4788,3300,1488
36047018600,2289,2171,118
36047018700,1471,1109,362
36047018800,2831,2539,292
36047019000,4918,3612,1306
36047019100,2676,2221,455
36047019200,3510,3029,481
36047019300,5891,5231,660
36047019400,3838,2879,959
36047019500,3886,3428,458
36047019600,4844,3919,925
36047019700,3632,3414,218
36047019800,1877,1744,133
36047019900,3454,3143,311
36047020000,2301,2057,244
36047020100,3828,3412,416
36047020200,2019,1903,116
36047020300,1776,1572,204
36047020400,2016,1993,23
36047020500,2703,2550,153
36047020600,2558,2262,296
36047020700,4310,3555,755
36047020800,3192,3044,148
36047021000,4514,3793,721
36047021100,1577,1007,570
36047021200,5138,4877,261
36047021300,4267,4041,226
36047021400,2382,2292,90
36047021500,5166,4530,636
36047021600,4583,4427,156
36047021700,3906,3306,600
36047021800,4381,3804,577
36047021900,3639,3293,346
36047022000,4538,4256,282
36047022100,4014,3450,564
36047022200,4180,3759,421
36047022400,5895,4928,967
36047022600,2287,659,1628
36047022700,3972,3597,375
36047022800,3313,2996,317
36047022900,3719,3534,185
36047023000,4141,3389,752
36047023100,3535,3215,320
36047023200,5606,4970,636
36047023300,4939,3900,1039
36047023400,4957,4856,101
36047023500,4062,3203,859
36047023600,5567,5488,79
36047023800,4043,3750,293
36047024000,4310,4101,209
36047024100,2712,2099,613
36047024200,2987,2834,153
36047024300,4168,3515,653
36047024400,3782,3358,424
36047024500,4223,4053,170
36047024600,3083,2867,216
36047024700,2295,2081,214
36047024800,3048,2408,640
36047024900,4208,3968,240
36047025000,1349,1185,164
36047025100,3473,3108,365
36047025200,5334,4403,931
36047025300,2811,2381,430
36047025400,4347,3682,665
36047025500,5613,1992,3621
36047025600,3166,3000,166
36047025700,2442,1383,1059
36047025800,4242,3645,597
36047025901,1981,1196,785
36047025902,3736,2133,1603
36047026000,3428,3171,257
36047026100,4591,3497,1094
36047026200,2404,1974,430
36047026300,1865,1620,245
36047026400,4743,3819,924
36047026500,3594,3022,572
36047026600,3607,3121,486
36047026700,3897,3425,472
36047026800,3667,2766,901
36047026900,2979,2675,304
36047027000,2420,2297,123
36047027100,2658,2454,204
36047027200,3684,2823,861
36047027300,2895,2760,135
36047027400,3084,2774,310
36047027500,4500,4061,439
36047027600,4132,2898,1234
36047027700,4832,4514,318
36047027800,3461,3147,314
36047027900,4057,3740,317
36047028000,1666,1478,188
36047028100,4798,3157,1641
36047028200,3245,3027,218
36047028300,4142,2679,1463
36047028400,3759,3359,400
36047028501,432,200,232
36047028502,2749,1567,1182
36047028600,4646,3693,953
36047028700,2686,2092,594
36047028800,3580,2904,676
36047028900,3560,2525,1035
36047029000,3988,3731,257
36047029100,2909,2535,374
36047029200,2814,2357,457
36047029300,3419,2649,770
36047029400,2460,2144,316
36047029500,3860,3523,337
36047029600,5445,5164,281
36047029700,4198,3875,323
36047029800,4036,3312,724
36047029900,2791,2312,479
36047030000,4010,3246,764
36047030100,2621,2436,185
36047030200,4461,4099,362
36047030300,5319,4381,938
36047030400,3888,3665,223
36047030500,6042,5131,911
36047030600,1955,1743,212
36047030700,4427,3585,842
36047030800,1903,1678,225
36047030900,2021,1795,226
36047031100,2972,2564,408
36047031300,4657,4195,462
36047031400,4761,4466,295
36047031500,5234,4877,357
36047031701,3491,3393,98
36047031702,3733,3177,556
36047031900,3841,3474,367
36047032100,6006,5279,727
36047032300,3823,3395,428
36047032500,6538,6125,413
36047032600,7167,4702,2465
36047032700,2509,2063,446
36047032800,2457,2029,428
36047032900,5997,5200,797
36047033000,4606,3377,1229
36047033100,4058,3894,164
36047033300,4736,4522,214
36047033500,3033,2711,322
36047033600,3940,3417,523
36047033700,4098,3643,455
36047033900,4788,4423,365
36047034000,2174,1795,379
36047034100,2767,2494,273
36047034200,5838,4318,1520
36047034300,4809,3727,1082
36047034500,3188,2907,281
36047034700,3376,2884,492
36047034800,2483,1434,1049
36047034900,5932,5303,629
36047035000,2721,2702,19
36047035100,4280,3329,951
36047035200,1012,829,183
36047035300,4903,4489,414
36047035400,5341,5086,255
36047035500,5660,5087,573
36047035601,2683,2664,19
36047035602,5009,4873,136
36047035700,2494,1984,510
36047035900,5234,4655,579
36047036001,2923,2897,26
36047036002,4062,3743,319
36047036100,2621,2044,577
36047036200,3371,2290,1081
36047036300,3917,3105,812
36047036400,2237,2061,176
36047036501,2758,2486,272
36047036502,1280,919,361
36047036600,4995,3868,1127
36047036700,1296,897,399
36047036900,5504,3894,1610
36047037000,4303,4025,278
36047037100,4608,3942,666
36047037300,4101,2994,1107
36047037401,4264,4130,134
36047037402,4977,4321,656
36047037500,3170,2558,612
36047037700,4013,3270,743
36047037900,3573,3322,251
36047038100,5187,4621,566
36047038200,5893,4324,1569
36047038300,4399,4033,366
36047038500,3462,2813,649
36047038600,3706,2944,762
36047038700,4347,3459,888
36047038800,3651,3299,352
36047038900,3063,1226,1837
36047039000,2349,2266,83
36047039100,3157,1083,2074
36047039200,2860,2805,55
36047039300,3672,1513,2159
36047039400,2466,2152,314
36047039500,4359,2550,1809
36047039600,2028,1915,113
36047039700,3458,2305,1153
36047039800,2829,2355,474
36047039900,3434,1722,1712
36047040000,3325,2957,368
36047040100,3197,2179,1018
36047040200,2749,2248,501
36047040300,3770,2847,923
36047040400,2343,2079,264
36047040500,1590,666,924
36047040600,3117,2673,444
36047040700,0,0,0
36047040800,3391,2868,523
36047040900,3663,1056,2607
36047041000,1887,1662,225
36047041100,3158,1512,1646
36047041200,3141,2552,589
36047041300,4217,1686,2531
36047041401,1493,1235,258
36047041402,1765,1750,15
36047041500,4311,1565,2746
36047041600,2532,2197,335
36047041700,3208,1063,2145
36047041800,2713,2274,439
36047041900,3815,1322,2493
36047042000,1696,1606,90
36047042100,4219,1725,2494
36047042200,3501,2839,662
36047042300,4718,1397,3321
36047042400,3786,3274,512
36047042500,2932,1090,1842
36047042600,4231,3471,760
36047042700,5496,1997,3499
36047042800,3764,3591,173
36047042900,5811,1619,4192
36047043000,3405,3139,266
36047043100,5402,1961,3441
36047043200,4730,4102,628
36047043300,4303,910,3393
36047043400,3327,3069,258
36047043500,5018,1318,3700
36047043600,4676,4337,339
36047043700,5904,2139,3765
36047043800,2593,2250,343
36047043900,3971,1064,2907
36047044000,2889,2688,201
36047044100,5958,1590,4368
36047044200,3035,3035,0
36047044300,5414,1793,3621
36047044400,3430,3108,322
36047044500,5039,1812,3227
36047044600,2181,1906,275
36047044700,2518,1309,1209
36047044800,1816,1640,176
36047044900,3468,1860,1608
36047045000,514,497,17
36047045200,2839,2717,122
36047045300,2337,1249,1088
36047045400,1836,1654,182
36047045600,2520,2473,47
36047045800,1757,1740,17
36047046000,3726,3596,130
36047046201,2706,2446,260
36047046202,2301,1931,370
36047046400,2772,2732,40
36047046800,2254,2216,38
36047047000,2616,2536,80
36047047200,2905,2897,8
36047047400,2749,2726,23
36047047600,3547,3253,294
36047047700,3644,3285,359
36047047800,4491,3617,874
36047048000,4051,3218,833
36047048100,2978,1932,1046
36047048200,5316,4836,480
36047048400,6146,5752,394
36047048500,2854,1759,1095
36047048600,3300,2317,983
36047048800,4113,3641,472
36047048900,3755,1341,2414
36047049000,6248,5115,1133
36047049100,6459,4484,1975
36047049200,3293,2840,453
36047049300,7684,3070,4614
36047049400,5874,5000,874
36047049500,2899,2171,728
36047049600,4190,2984,1206
36047049700,2838,2459,379
36047049800,4512,3971,541
36047049900,1766,1417,349
36047050000,3694,3336,358
36047050100,3005,2470,535
36047050202,2306,2146,160
36047050300,2408,2015,393
36047050400,4515,3629,886
36047050500,4396,2201,2195
36047050600,5616,3659,1957
36047050700,2523,2071,452
36047050801,4240,3311,929
36047050803,2338,1888,450
36047050804,6144,4060,2084
36047050900,4488,4251,237
36047051001,4498,3733,765
36047051002,4841,3806,1035
36047051100,3890,2397,1493
36047051200,5759,4337,1422
36047051300,4756,2834,1922
36047051400,7717,5520,2197
36047051500,1626,1312,314
36047051601,5533,4208,1325
36047051602,4262,3520,742
36047051700,2107,1913,194
36047051800,3229,2638,591
36047051900,4792,4238,554
36047052000,4636,3813,823
36047052300,5538,2341,3197
36047052500,3392,2358,1034
36047052600,4486,3539,947
36047052700,6523,1741,4782
36047052800,1896,1709,187
36047052900,4202,3989,213
36047053000,3777,3554,223
36047053100,8953,8586,367
36047053200,2682,2525,157
36047053300,6821,6768,53
36047053400,4212,3992,220
36047053500,4065,3872,193
36047053700,3539,3503,36
36047053800,4341,3765,576
36047053900,2580,2201,379
36047054200,4542,4004,538
36047054300,351,266,85
36047054400,3069,2947,122
36047054500,8072,6435,1637
36047054600,4429,4053,376
36047054700,5172,4213,959
36047054800,2168,2052,116
36047054900,3607,2925,682
36047055000,3638,3086,552
36047055100,5860,2621,3239
36047055200,3098,2900,198
36047055300,2843,2276,567
36047055400,4083,3532,551
36047055500,5558,4581,977
36047055600,3658,3588,70
36047055700,2556,2025,531
36047055800,2359,2118,241
36047056000,3677,3564,113
36047056100,3160,2859,301
36047056200,1583,1583,0
36047056300,4776,3866,910
36047056400,2566,2415,151
36047056500,3172,2824,348
36047056600,2568,2334,234
36047056800,1367,1222,145
36047056900,1505,1344,161
36047057000,3468,3177,291
36047057100,3945,3737,208
36047057200,5330,3642,1688
36047057300,2386,2252,134
36047057400,2905,2794,111
36047057500,3802,3325,477
36047057600,2999,2848,151
36047057800,3332,2860,472
36047057900,1071,609,462
36047058000,3858,3331,527
36047058200,2950,2445,505
36047058400,3072,2914,158
36047058600,2744,2271,473
36047058800,3699,3245,454
36047058900,1820,1702,118
36047059000,1890,1723,167
36047059100,3877,3407,470
36047059200,4402,4088,314
36047059300,2071,1669,402
36047059401,8043,7807,236
36047059402,5205,5134,71
36047059600,2526,2483,43
36047059800,3560,3328,232
36047060000,6367,5912,455
36047060600,2610,2391,219
36047060800,3156,2910,246
36047061002,4213,4213,0
36047061003,1940,1320,620
36047061004,6113,5837,276
36047061200,879,879,0
36047061600,1583,1539,44
36047062000,1927,1905,22
36047062200,3070,2751,319
36047062600,2953,2472,481
36047062800,4934,4555,379
36047063200,1646,1517,129
36047063600,1432,1161,271
36047063800,1644,1549,95
36047064000,1783,1612,171
36047064200,2360,1995,365
36047064400,2906,2578,328
36047064600,2281,1980,301
36047064800,2110,1793,317
36047065000,1335,1144,191
36047065200,1125,1116,9
36047065400,1764,1654,110
36047065600,1833,1433,400
36047065800,1939,1887,52
36047066000,2202,2094,108
36047066200,1687,1489,198
36047066600,0,0,0
36047067000,2899,2477,422
36047067200,1704,1468,236
36047067400,2040,1759,281
36047067600,2132,1874,258
36047067800,2477,2414,63
36047068000,2112,1821,291
36047068200,3099,2640,459
36047068600,1729,1557,172
36047068800,1636,1535,101
36047069000,1901,1713,188
36047069200,2882,2722,160
36047069601,3960,3436,524
36047069602,6318,5385,933
36047069800,1419,1277,142
36047070000,1757,1687,70
36047070201,6265,5735,530
36047070202,16,16,0
36047070203,0,0,0
36047070600,2588,2528,60
36047072000,2182,2113,69
36047072200,2928,2819,109
36047072400,2025,1918,107
36047072600,2159,1945,214
36047072800,4107,3885,222
36047073000,2510,2337,173
36047073200,2633,2531,102
36047073400,2217,2101,116
36047073600,3638,3036,602
36047073800,3509,3183,326
36047074000,4152,3955,197
36047074200,3491,3192,299
36047074400,2748,2630,118
36047074600,2363,2224,139
36047074800,1863,1796,67
36047075000,2827,2693,134
36047075200,926,926,0
36047075400,1569,1567,2
36047075600,2123,2046,77
36047075800,1765,1713,52
36047076000,2956,2814,142
36047076200,4721,3935,786
36047076400,3824,3289,535
36047076600,2393,2164,229
36047076800,3298,2955,343
36047077000,3283,2840,443
36047077200,3203,2879,324
36047077400,3352,3071,281
36047077600,3767,3536,231
36047078000,2513,2384,129
36047078200,5120,4922,198
36047078400,2661,2484,177
36047078600,4994,4293,701
36047078800,3114,2721,393
36047079000,5154,4895,259
36047079200,3965,3405,560
36047079400,1904,1844,60
36047079601,4622,4079,543
36047079602,4870,4073,797
36047079801,3188,2739,449
36047079802,5811,4887,924
36047080000,3690,3507,183
36047080200,5106,4580,526
36047080400,3173,3045,128
36047080600,4125,4007,118
36047080800,1321,1129,192
36047081000,2235,2190,45
36047081400,2912,2790,122
36047081600,2627,2366,261
36047081800,4549,3835,714
36047082000,4899,4366,533
36047082200,7479,6713,766
36047082400,4361,3928,433
36047082600,5081,4757,324
36047082800,4135,3642,493
36047083000,6395,5828,567
36047083200,2412,2359,53
36047083400,1524,1505,19
36047083600,2109,2087,22
36047083800,2339,2263,76
36047084000,2472,2221,251
36047084600,1770,1664,106
36047084800,1491,1469,22
36047085000,1576,1520,56
36047085200,8,8,0
36047085400,2042,1836,206
36047085600,3174,2883,291
36047085800,2552,2421,131
36047086000,3710,3240,470
36047086200,2900,2883,17
36047086400,2239,2082,157
36047086600,2993,2895,98
36047086800,3416,2983,433
36047087000,3285,3051,234
36047087200,2856,2660,196
36047087401,3291,2864,427
36047087600,1513,1407,106
36047087800,2658,2536,122
36047088000,2876,2684,192
36047088200,6750,6061,689
36047088400,5305,5075,230
36047088600,4473,4091,382
36047088800,4125,3823,302
36047089000,6370,5453,917
36047089200,3756,3467,289
36047089400,3794,3397,397
36047089600,3471,3144,327
36047089800,1676,1568,108
36047090000,5283,4285,998
36047090200,3339,2747,592
36047090600,4017,2599,1418
36047090800,6254,4328,1926
36047091000,5201,4056,1145
36047091200,6920,4818,2102
36047091600,4202,3647,555
36047091800,2759,1552,1207
36047092000,3229,2605,624
36047092200,2909,2857,52
36047092400,3314,2840,474
36047092800,2987,2749,238
36047093000,2749,2711,38
36047093200,1256,1222,34
36047093400,2393,2248,145
36047093600,1863,1839,24
36047093800,2315,2254,61
36047094401,3896,3686,210
36047094402,2897,2160,737
36047094600,1812,1754,58
36047095000,3252,3159,93
36047095400,4557,4465,92
36047095600,4709,4508,201
36047095800,3820,3584,236
36047096000,0,0,0
36047096200,2055,1880,175
36047096400,1875,1733,142
36047096600,2445,2282,163
36047096800,1513,1437,76
36047097000,2526,2394,132
36047097400,2967,2725,242
36047098200,4241,3542,699
36047098400,2143,2143,0
36047098600,3107,2944,163
36047098800,3283,3042,241
36047099000,1774,1706,68
36047099200,2072,1912,160
36047099400,1838,1735,103
36047099600,4225,4082,143
36047099800,3361,3311,50
36047100400,2887,2818,69
36047100600,2686,2590,96
36047100800,2232,2092,140
36047101000,2277,2003,274
36047101200,2261,2110,151
36047101400,2186,2074,112
36047101600,1710,1687,23
36047101800,1767,1669,98
36047102000,2171,2034,137
36047102200,2091,2023,68
36047102400,2203,2190,13
36047102600,2448,2331,117
36047102800,1767,1736,31
36047103400,3918,2959,959
36047105801,5913,4726,1187
36047105804,6475,5454,1021
36047107000,1348,991,357
36047107800,4276,3787,489
36047109800,2256,1991,265
36047110400,4906,4126,780
36047110600,4284,3395,889
36047111000,3400,2704,696
36047111600,3836,2882,954
36047111800,3093,2333,760
36047112000,3069,2013,1056
36047112200,3810,2913,897
36047112400,3160,2770,390
36047112600,3601,2645,956
36047112800,3688,3275,413
36047113000,4194,3512,682
36047113200,1939,1659,280
36047113400,3182,2078,1104
36047114201,1860,442,1418
36047114202,2848,1146,1702
36047114400,2144,1282,862
36047114600,3416,1176,2240
36047115000,2796,1644,1152
36047115200,2947,2071,876
36047115600,4075,3118,957
36047115800,2814,2052,762
36047116000,2031,1310,721
36047116200,2329,2035,294
36047116400,3013,1993,1020
36047116600,2977,1938,1039
36047116800,1399,673,726
36047117000,1783,572,1211
36047117201,2375,543,1832
36047117202,2937,1251,1686
36047117400,4451,1261,3190
36047117601,3198,924,2274
36047117602,2958,924,2034
36047117800,1732,822,910
36047118000,0,0,0
36047118201,2962,888,2074
36047118202,3066,795,2271
36047118400,5465,1737,3728
36047118600,2453,996,1457
36047118800,4627,3177,1450
36047119000,2533,1184,1349
36047119200,3269,1944,1325
36047119400,3960,2787,1173
36047119600,5203,4007,1196
36047119800,3264,1501,1763
36047120000,2330,1811,519
36047120200,2018,1523,495
36047120800,8851,7891,960
36047121000,4157,2035,2122
36047121400,4608,2951,1657
36047122000,5903,4811,1092
36047123700,6610,6012,598
36047150200,2848,2481,367
36047152200,3496,2970,526
36047990100,0,0,0
36049950100,2523,2495,28
36049950200,4553,4472,81
36049950300,7880,7680,200
36049950400,2884,2831,53
36049950500,2326,2304,22
36049950600,1860,1850,10
36049950700,5081,5030,51
36051030100,4192,4138,54
36051030201,5249,5195,54
36051030202,5752,5650,102
36051030300,3324,3220,104
36051030400,3610,3509,101
36051030500,3064,2874,190
36051030600,4205,4047,158
36051030700,7665,7608,57
36051030800,6274,5623,651
36051030900,2434,2119,315
36051031000,1136,937,199
36051031100,4768,4723,45
36051031200,3793,3766,27
36051031300,4627,4597,30
36051031400,4529,4458,71
36053030101,2595,2470,125
36053030102,4904,4783,121
36053030103,3687,3600,87
36053030200,3631,3620,11
36053030300,5351,5351,0
36053030401,7326,7251,75
36053030402,3008,2993,15
36053030403,4975,4915,60
36053030501,3287,3140,147
36053030502,3767,3721,46
36053030600,7249,7098,151
36053030700,6787,6519,268
36053030800,3460,3449,11
36053030900,4237,4017,220
36053031000,5298,5167,131
36053031100,2527,2527,0
36055000200,2335,1918,417
36055000700,2255,1328,927
36055001000,3522,3367,155
36055001300,1924,1194,730
36055001500,924,572,352
36055001800,5264,4553,711
36055001900,2617,2058,559
36055002000,4436,3273,1163
36055002100,3765,3325,440
36055002200,2935,2502,433
36055002300,3721,2850,871
36055002400,3105,2512,593
36055002700,1610,1497,113
36055002900,4023,3862,161
36055003000,2152,2043,109
36055003100,4538,4421,117
36055003200,1723,1419,304
36055003300,1461,1339,122
36055003400,2531,2392,139
36055003500,1726,1668,58
36055003600,2454,2278,176
36055003700,3416,3188,228
36055003802,2506,2402,104
36055003805,6932,6484,448
36055003900,2201,1508,693
36055004000,1524,945,579
36055004100,1136,938,198
36055004602,2595,2220,375
36055004701,3098,2078,1020
36055004702,2182,1320,862
36055004800,2578,1537,1041
36055004900,2015,1250,765
36055005000,2004,1144,860
36055005100,1249,807,442
36055005200,1638,900,738
36055005300,2039,1176,863
36055005400,4307,3323,984
36055005500,2194,1451,743
36055005600,2725,2242,483
36055005700,1881,1574,307
36055005800,4257,3382,875
36055005900,1508,1220,288
36055006000,3004,2763,241
36055006100,2544,2427,117
36055006200,2626,2494,132
36055006300,2800,2188,612
36055006400,2483,2321,162
36055006500,1824,1797,27
36055006600,1840,1792,48
36055006700,3130,2936,194
36055006800,2988,2734,254
36055006900,1868,1810,58
36055007000,3105,2854,251
36055007100,3204,3038,166
36055007500,2681,2191,490
36055007600,3087,2876,211
36055007700,2599,2468,131
36055007801,2648,2453,195
36055007802,1521,1473,48
36055007900,1975,1234,741
36055008000,2248,1478,770
36055008100,4371,2708,1663
36055008200,3276,1922,1354
36055008301,3894,3008,886
36055008400,2869,1736,1133
36055008500,3497,3365,132
36055008600,4072,3931,141
36055008701,3316,2815,501
36055008702,1554,1375,179
36055008800,2555,1943,612
36055009200,1347,650,697
36055009301,2588,1534,1054
36055009302,1489,1362,127
36055009400,4503,3728,775
36055009500,3172,2990,182
36055009601,1279,1136,143
36055009602,1810,1455,355
36055009603,2190,1726,464
36055009604,987,686,301
36055010100,3735,3509,226
36055010200,3822,3790,32
36055010300,3695,3628,67
36055010400,4642,4063,579
36055010500,4605,4585,20
36055010601,2833,2185,648
36055010602,4005,3620,385
36055010700,3480,3303,177
36055010800,2944,2745,199
36055010901,5162,4351,811
36055010902,3117,2833,284
36055011000,5195,4648,547
36055011100,4230,4018,212
36055011201,3694,3643,51
36055011203,1932,1918,14
36055011205,5268,5143,125
36055011207,4941,4758,183
36055011208,5464,5430,34
36055011301,7468,7405,63
36055011302,6003,5950,53
36055011400,9314,8652,662
36055011501,7049,6423,626
36055011503,5720,5565,155
36055011504,6346,6176,170
36055011505,6058,6021,37
36055011601,6244,5808,436
36055011603,1130,1099,31
36055011604,2509,2482,27
36055011605,2062,1927,135
36055011703,8697,8464,233
36055011705,4979,4897,82
36055011706,4756,4618,138
36055011707,7181,7087,94
36055011708,3435,3430,5
36055011800,5383,5086,297
36055011901,6277,6058,219
36055011902,5858,5687,171
36055012000,2843,2736,107
36055012100,3836,3649,187
36055012201,5987,5731,256
36055012202,3525,3437,88
36055012301,5904,5818,86
36055012304,4379,4291,88
36055012305,4271,4129,142
36055012306,5509,5407,102
36055012401,3062,3021,41
36055012402,6191,6145,46
36055012500,4365,4313,52
36055012600,4728,4421,307
36055012700,3747,3472,275
36055012800,4683,4545,138
36055012900,5243,5152,91
36055013001,7650,7418,232
36055013002,6459,6123,336
36055013101,6370,6102,268
36055013103,5979,5355,624
36055013104,5192,5057,135
36055013203,6152,5915,237
36055013204,8389,8190,199
36055013205,4773,4662,111
36055013206,6691,6280,411
36055013300,3494,3377,117
36055013401,4355,3954,401
36055013402,3506,3482,24
36055013503,5392,5186,206
36055013505,3919,3631,288
36055013506,8597,8160,437
36055013507,5773,5711,62
36055013508,3910,3846,64
36055013601,5137,4863,274
36055013603,5613,5241,372
36055013604,5347,5009,338
36055013701,2319,2124,195
36055013702,3662,3425,237
36055013800,5794,5428,366
36055013901,4020,3836,184
36055013902,4041,3609,432
36055014001,4741,4575,166
36055014003,4653,4390,263
36055014004,3921,3722,199
36055014102,3987,3787,200
36055014103,4405,4192,213
36055014104,3556,3338,218
36055014202,6821,6548,273
36055014203,6514,5941,573
36055014204,2475,2319,156
36055014301,3023,2679,344
36055014302,5178,5073,105
36055014400,4659,4395,264
36055014501,4069,3990,79
36055014503,3337,3142,195
36055014504,5530,5483,47
36055014505,5616,5268,348
36055014601,5375,5346,29
36055014602,4800,4495,305
36055014700,4762,4596,166
36055014802,5204,5178,26
36055014803,3703,3587,116
36055014804,6901,6569,332
36055014901,5825,5450,375
36055014903,5198,5011,187
36055014905,5499,5180,319
36055014906,3619,3600,19
36055015000,5627,5549,78
36055015101,4920,4872,48
36055015102,4184,4122,62
36055015200,6889,6278,611
36055015301,2976,2829,147
36055015303,3052,2881,171
36055015304,4434,4333,101
36055015400,3782,3554,228
36055980000,0,0,0
36055980100,11,11,0
36055990000,0,0,0
36057070200,2229,1443,786
36057070300,2195,1410,785
36057070400,1774,1409,365
36057070500,2639,2082,557
36057070600,2094,1481,613
36057070700,2821,2138,683
36057070800,2534,1853,681
36057070900,1777,961,816
36057072100,5990,5789,201
36057072200,3783,3523,260
36057072300,3220,3173,47
36057072400,2566,2481,85
36057072500,4197,4171,26
36057072600,3642,3564,78
36057072700,4240,4106,134
36057072800,3966,3844,122
36059300100,5140,5042,98
36059300300,4175,3740,435
36059300400,6008,5648,360
36059300500,5227,5027,200
36059300600,6739,6511,228
36059300700,6254,5642,612
36059300800,4280,4107,173
36059300900,8504,8421,83
36059301000,5826,5663,163
36059301101,6601,5166,1435
36059301102,4604,3933,671
36059301200,6137,5316,821
36059301300,4343,3379,964
36059301400,2047,1851,196
36059301500,3095,2957,138
36059301600,4764,4400,364
36059301700,2719,2651,68
36059301800,5260,4361,899
36059301900,2736,2660,76
36059302000,4975,4745,230
36059302101,4258,4109,149
36059302102,3613,3416,197
36059302200,4243,3391,852
36059302300,4727,4676,51
36059302400,5189,4765,424
36059302501,2675,2586,89
36059302502,2681,2591,90
36059302600,2585,2211,374
36059302700,4483,4218,265
36059302800,6408,5722,686
36059302900,4483,4181,302
36059303000,5793,5054,739
36059303101,3654,3133,521
36059303102,4215,4001,214
36059303201,3936,3746,190
36059303202,4243,3537,706
36059303301,3194,2871,323
36059303302,4088,3550,538
36059303400,2581,2479,102
36059303500,5122,4309,813
36059303600,7042,4917,2125
36059303700,6907,5434,1473
36059303800,4796,4225,571
36059303900,4195,3729,466
36059304001,2575,2411,164
36059304002,4365,3041,1324
36059304100,4233,2071,2162
36059304202,3573,1560,2013
36059304203,5731,2984,2747
36059304204,4618,2092,2526
36059404300,3335,2856,479
36059404400,5016,4679,337
36059404500,4243,3801,442
36059404600,4345,3922,423
36059404700,6079,4946,1133
36059404800,7158,5410,1748
36059404901,5956,5312,644
36059404902,5186,3771,1415
36059405000,5665,4332,1333
36059405100,7693,6459,1234
36059405200,7322,5490,1832
36059405301,3528,2966,562
36059405302,4269,3531,738
36059405400,8499,6566,1933
36059405500,5617,4822,795
36059405600,4561,4065,496
36059405700,5127,4071,1056
36059405800,4275,3966,309
36059405900,5140,4377,763
36059406001,4731,4026,705
36059406002,3484,2788,696
36059406100,3129,2544,585
36059406201,2745,1880,865
36059406202,6577,5425,1152
36059406300,3585,3392,193
36059406400,6940,6710,230
36059406501,6697,6442,255
36059406600,4226,4102,124
36059406701,2967,1405,1562
36059406702,4896,3215,1681
36059406801,4614,2273,2341
36059406802,4439,1334,3105
36059406900,7214,4232,2982
36059407000,8188,4591,3597
36059407101,5686,3572,2114
36059407102,6425,3939,2486
36059407201,5084,1833,3251
36059407203,3236,2218,1018
36059407204,2705,1869,836
36059407301,6841,6120,721
36059407302,4883,2832,2051
36059407401,5465,3328,2137
36059407402,3960,2415,1545
36059407501,5091,2647,2444
36059407502,5515,3155,2360
36059407600,5605,4948,657
36059407700,5053,3884,1169
36059407801,5561,4636,925
36059407802,1931,1593,338
36059407900,6101,5618,483
36059408000,6221,5531,690
36059408100,6483,5571,912
36059408200,6317,5319,998
36059408300,6676,5725,951
36059408400,3916,3586,330
36059408500,6062,5884,178
36059408600,4723,3882,841
36059408700,4470,3955,515
36059408800,6727,6110,617
36059408900,5737,5247,490
36059409000,5785,4907,878
36059409100,4978,4373,605
36059409200,6001,5125,876
36059409300,4515,3764,751
36059409400,4272,3791,481
36059409500,3865,3670,195
36059409600,5072,4564,508
36059409700,4098,3801,297
36059409800,5831,5355,476
36059409900,8859,7560,1299
36059410000,3907,3333,574
36059410100,5794,5436,358
36059410200,3876,3603,273
36059410300,6932,4695,2237
36059410400,5230,3877,1353
36059410500,7205,5062,2143
36059410600,7093,4727,2366
36059410700,6296,4175,2121
36059410800,4870,3986,884
36059410900,6599,5677,922
36059411000,5114,2980,2134
36059411100,4632,2283,2349
36059411200,6652,5141,1511
36059411301,3987,3681,306
36059411302,7004,6789,215
36059411400,6563,5819,744
36059411500,2732,2672,60
36059411600,6526,6452,74
36059411700,6043,5636,407
36059411800,5985,5411,574
36059411901,3673,2895,778
36059411902,4098,3342,756
36059412000,5828,4454,1374
36059412100,6327,5470,857
36059412200,5319,5069,250
36059412301,3241,2426,815
36059412302,3506,2900,606
36059412400,5717,4772,945
36059412500,4189,4007,182
36059412600,3807,3634,173
36059412700,3802,3610,192
36059412800,3140,2503,637
36059412900,6032,4958,1074
36059413001,4069,3334,735
36059413002,3706,3088,618
36059413100,5110,4415,695
36059413200,6004,5557,447
36059413300,6157,5599,558
36059413400,5767,5195,572
36059413500,8407,5753,2654
36059413600,5514,3778,1736
36059413700,5118,3885,1233
36059413803,4052,3321,731
36059413804,3478,3090,388
36059413900,7491,4488,3003
36059414001,4237,3242,995
36059414002,4947,2883,2064
36059414100,6355,4551,1804
36059414201,5346,2315,3031
36059414202,4299,2410,1889
36059414301,3849,2168,1681
36059414303,4829,3051,1778
36059414304,3645,1494,2151
36059414400,5480,2128,3352
36059414501,5251,3852,1399
36059414502,4163,3131,1032
36059414600,3728,3390,338
36059414700,4693,4387,306
36059414800,6473,6060,413
36059414900,7185,6338,847
36059415000,5980,5291,689
36059415101,2567,2473,94
36059415102,4944,4733,211
36059415201,3385,3184,201
36059415202,3932,3635,297
36059415300,6009,5541,468
36059415401,5216,4930,286
36059415402,4497,4334,163
36059415500,2686,2519,167
36059415600,5407,5192,215
36059415700,5908,5512,396
36059415802,7175,6674,501
36059416000,4027,3678,349
36059416100,6923,6587,336
36059416201,3605,3107,498
36059416202,4718,3423,1295
36059416300,3605,3480,125
36059416401,4185,3896,289
36059416402,3069,2845,224
36059416500,6197,4009,2188
36059416600,5691,4965,726
36059416701,4491,3293,1198
36059416702,4133,3639,494
36059416801,2172,2051,121
36059416802,3732,3452,280
36059416900,3832,3511,321
36059517000,3589,3206,383
36059517101,5262,3529,1733
36059517102,2366,2169,197
36059517200,8280,5127,3153
36059517301,2849,2218,631
36059517302,4900,4073,827
36059517400,5069,4736,333
36059517500,3883,3720,163
36059517600,4860,4260,600
36059517701,8099,7812,287
36059517705,2793,2673,120
36059517801,3473,3287,186
36059517802,3229,2828,401
36059517901,5038,4661,377
36059517902,2809,2714,95
36059518000,6226,5528,698
36059518100,2865,2657,208
36059518201,4319,4108,211
36059518203,4420,4256,164
36059518204,4129,4068,61
36059518300,5785,5328,457
36059518400,4531,4325,206
36059518501,6772,6692,80
36059518502,3078,2958,120
36059518600,3977,3932,45
36059518700,5345,5151,194
36059518800,3571,3491,80
36059518900,7521,5709,1812
36059519000,6532,5506,1026
36059519100,6259,5542,717
36059519200,6371,5454,917
36059519300,5948,4680,1268
36059519400,4192,4023,169
36059519500,6033,5087,946
36059519601,4292,3970,322
36059519602,1910,1872,38
36059519702,5257,5087,170
36059519703,3359,3203,156
36059519704,3334,3210,124
36059519801,2549,2277,272
36059519802,5386,5059,327
36059519900,5221,5038,183
36059520001,6785,6292,493
36059520002,4191,3818,373
36059520100,5439,5336,103
36059520200,3121,2820,301
36059520300,5919,5355,564
36059520401,3996,3405,591
36059520402,4536,4050,486
36059520501,3931,3343,588
36059520502,5341,5104,237
36059520600,5861,4877,984
36059520700,5122,4850,272
36059520800,3833,3547,286
36059520900,4541,4331,210
36059521000,4997,4720,277
36059521100,4773,4535,238
36059521200,2937,2758,179
36059521301,2106,1958,148
36059521302,5436,4992,444
36059521400,6568,6404,164
36059521500,5011,4648,363
36059521601,4239,4097,142
36059521602,3152,2985,167
36059521700,4774,4276,498
36059521801,3760,3376,384
36059521802,4283,3877,406
36059521902,4055,3866,189
36059522000,7729,5294,2435
36059522700,4941,4619,322
36059980100,1083,965,118
36059981100,1233,1084,149
36059982100,1433,1227,206
36059990100,0,0,0
36059990200,0,0,0
36059990301,0,0,0
36059990302,0,0,0
36059990400,0,0,0
36061000100,0,0,0
36061000201,2670,1875,795
36061000202,8016,4782,3234
36061000500,0,0,0
36061000600,10765,7469,3296
36061000700,9008,8357,651
36061000800,9299,9034,265
36061000900,1733,1574,159
36061001001,1485,1147,338
36061001002,5909,1954,3955
36061001200,3726,2668,1058
36061001300,4537,3910,627
36061001401,3199,2764,435
36061001402,2902,2190,712
36061001501,6777,6215,562
36061001502,7747,7281,466
36061001600,7219,6726,493
36061001800,7991,7344,647
36061002000,4720,1793,2927
36061002100,6488,6186,302
36061002201,6546,3749,2797
36061002202,1937,1525,412
36061002400,5126,2396,2730
36061002500,5311,3086,2225
36061002601,4139,2152,1987
36061002602,4289,3562,727
36061002700,1400,1381,19
36061002800,7360,3958,3402
36061002900,6110,5373,737
36061003001,4167,3422,745
36061003002,2848,2214,634
36061003100,2744,2532,212
36061003200,7920,7485,435
36061003300,5030,4656,374
36061003400,6222,5140,1082
36061003601,3401,1928,1473
36061003602,2883,2426,457
36061003700,2663,2448,215
36061003800,8429,7291,1138
36061003900,5632,5075,557
36061004000,9429,8765,664
36061004100,8336,7848,488
36061004200,5291,5029,262
36061004300,4315,3969,346
36061004400,16039,14664,1375
36061004500,932,896,36
36061004700,2277,2205,72
36061004800,7147,6584,563
36061004900,4562,4325,237
36061005000,5174,4865,309
36061005200,3852,3672,180
36061005400,4626,4299,327
36061005501,4705,4635,70
36061005502,2214,1860,354
36061005600,2983,2749,234
36061005700,2844,2629,215
36061005800,3509,3355,154
36061005900,5543,5268,275
36061006000,5423,5020,403
36061006100,4811,4500,311
36061006200,4417,3786,631
36061006300,6286,5992,294
36061006400,7929,7464,465
36061006500,6460,6122,338
36061006600,11546,8196,3350
36061006700,5271,5123,148
36061006800,7636,6882,754
36061006900,2442,2280,162
36061007000,8397,8097,300
36061007100,6038,5817,221
36061007200,7002,6801,201
36061007300,5844,5199,645
36061007400,3875,3507,368
36061007500,4161,3887,274
36061007600,1980,1907,73
36061007700,5872,5404,468
36061007800,7995,7143,852
36061007900,4281,4024,257
36061008000,5159,4933,226
36061008100,8170,7286,884
36061008200,3258,3090,168
36061008300,3994,2406,1588
36061008400,2065,1944,121
36061008601,2828,2643,185
36061008602,0,0,0
36061008603,4062,3835,227
36061008700,7008,6136,872
36061008800,6840,6342,498
36061008900,5368,4672,696
36061009000,7760,7132,628
36061009100,6402,6028,374
36061009200,1701,1625,76
36061009300,10012,8250,1762
36061009400,44,44,0
36061009500,3332,3066,266
36061009600,119,119,0
36061009700,5186,3805,1381
36061009800,7284,6783,501
36061009900,5310,4856,454
36061010000,1776,1584,192
36061010100,1189,1091,98
36061010200,180,171,9
36061010300,1797,1712,85
36061010400,914,849,65
36061010601,7139,6791,348
36061010602,4458,4082,376
36061010800,9032,8534,498
36061010900,147,145,2
36061011000,7499,6981,518
36061011100,5034,4144,890
36061011201,837,797,40
36061011202,257,250,7
36061011203,1206,1152,54
36061011300,120,114,6
36061011401,1195,1171,24
36061011402,2126,2035,91
36061011500,3380,2643,737
36061011600,3321,3115,206
36061011700,3954,2997,957
36061011800,9010,8643,367
36061011900,996,712,284
36061012000,3504,3339,165
36061012100,7917,6896,1021
36061012200,3125,2930,195
36061012400,10300,8999,1301
36061012500,2501,2318,183
36061012600,12658,11962,696
36061012700,6681,5005,1676
36061012800,5896,5555,341
36061012900,5743,4936,807
36061013000,3472,3297,175
36061013100,2825,2380,445
36061013200,10094,8630,1464
36061013300,4870,3827,1043
36061013400,12980,12066,914
36061013500,7000,4630,2370
36061013600,15234,14229,1005
36061013700,6430,6090,340
36061013800,12704,11882,822
36061013900,8702,7768,934
36061014000,8175,7438,737
36061014200,4186,4118,68
36061014300,5,3,2
36061014401,5334,5045,289
36061014402,7405,7268,137
36061014500,5465,5060,405
36061014601,4305,4015,290
36061014602,7731,6778,953
36061014700,3384,2973,411
36061014801,3164,2953,211
36061014802,6884,6220,664
36061014900,5866,5245,621
36061015001,2122,2013,109
36061015002,5015,4330,685
36061015100,7682,5096,2586
36061015200,7510,5399,2111
36061015300,9298,8673,625
36061015400,15502,13355,2147
36061015500,9798,9750,48
36061015601,5553,4904,649
36061015602,2454,1432,1022
36061015700,9052,8241,811
36061015801,5811,5415,396
36061015802,4830,4281,549
36061015900,9146,8643,503
36061016001,3918,3649,269
36061016002,3599,3312,287
36061016100,6305,5871,434
36061016200,9429,5015,4414
36061016300,7118,6787,331
36061016400,7260,3431,3829
36061016500,6425,5690,735
36061016600,7555,3690,3865
36061016700,6423,5917,506
36061016800,4681,2806,1875
36061016900,8505,7689,816
36061017000,7477,3745,3732
36061017100,9050,8127,923
36061017200,5644,2061,3583
36061017300,8491,7201,1290
36061017401,4508,2624,1884
36061017402,2340,1507,833
36061017500,10263,9505,758
36061017700,9476,6737,2739
36061017800,3728,1809,1919
36061017900,9521,7230,2291
36061018000,8306,3162,5144
36061018100,9135,7735,1400
36061018200,7218,3125,4093
36061018300,7582,6385,1197
36061018400,7286,3989,3297
36061018500,5259,4844,415
36061018600,7774,5030,2744
36061018700,8046,7405,641
36061018800,5262,2496,2766
36061018900,12939,6815,6124
36061019000,3260,2874,386
36061019100,9481,8115,1366
36061019200,4000,1725,2275
36061019300,9360,5634,3726
36061019400,6729,3140,3589
36061019500,7339,6097,1242
36061019600,4291,2284,2007
36061019701,749,593,156
36061019702,2228,1684,544
36061019800,2824,2290,534
36061019900,9013,7731,1282
36061020000,3478,2937,541
36061020101,1813,1606,207
36061020102,4378,3515,863
36061020300,3238,2863,375
36061020500,5188,4725,463
36061020600,3142,2344,798
36061020701,3379,2859,520
36061020800,5555,4630,925
36061020901,3652,1638,2014
36061021000,7199,5254,1945
36061021100,9976,8158,1818
36061021200,4562,3623,939
36061021303,5795,3803,1992
36061021400,3332,3028,304
36061021500,4128,3223,905
36061021600,8289,6837,1452
36061021703,8,8,0
36061021800,7110,5894,1216
36061021900,6415,2915,3500
36061022000,5977,5085,892
36061022102,2451,2318,133
36061022200,3090,2622,468
36061022301,8022,2062,5960
36061022302,3426,1497,1929
36061022400,7616,5420,2196
36061022500,10631,5021,5610
36061022600,4563,3845,718
36061022700,5638,3916,1722
36061022800,6185,5234,951
36061022900,8437,4245,4192
36061023000,9402,6734,2668
36061023100,6604,3753,2851
36061023200,8788,5071,3717
36061023300,7109,3898,3211
36061023400,5480,4049,1431
36061023501,6132,3573,2559
36061023502,1931,1648,283
36061023600,6969,5392,1577
36061023700,7957,4049,3908
36061023801,9278,8101,1177
36061023802,2453,2060,393
36061023900,2596,1365,1231
36061024000,1742,1386,356
36061024100,8108,3410,4698
36061024200,4188,2557,1631
36061024301,4505,2614,1891
36061024302,7601,4195,3406
36061024500,15642,2535,13107
36061024700,7615,2275,5340
36061024900,1304,344,960
36061025100,2832,770,2062
36061025300,13903,2891,11012
36061025500,5758,3154,2604
36061025700,4511,3777,734
36061025900,4167,2854,1313
36061026100,13492,1404,12088
36061026300,9033,1395,7638
36061026500,7688,2934,4754
36061026700,2201,1366,835
36061026900,9431,1225,8206
36061027100,9744,3079,6665
36061027300,6898,5217,1681
36061027500,3667,2686,981
36061027700,7315,1670,5645
36061027900,12413,2667,9746
36061028100,3191,2754,437
36061028300,7653,2811,4842
36061028500,7050,1114,5936
36061028700,3960,1624,2336
36061029100,12188,1474,10714
36061029300,9338,1207,8131
36061029500,8440,3177,5263
36061029700,18,18,0
36061029900,4627,961,3666
36061030300,4878,1840,3038
36061030700,3739,2559,1180
36061030900,9471,2774,6697
36061031100,0,0,0
36061031703,8891,8353,538
36061031704,7044,6087,957
36061031900,0,0,0
36063020100,3553,3511,42
36063020200,2660,2565,95
36063020300,2154,2058,96
36063020400,1574,1464,110
36063020500,2084,2007,77
36063020600,1150,1090,60
36063020700,2948,2809,139
36063020900,2605,2499,106
36063021000,2833,2759,74
36063021100,1195,1175,20
36063021200,2143,1965,178
36063021300,2089,1954,135
36063021400,2198,2117,81
36063021700,3314,3217,97
36063022000,3311,3193,118
36063022100,2360,2326,34
36063022200,3725,3647,78
36063022300,2604,2598,6
36063022401,1888,1865,23
36063022500,2792,2741,51
36063022601,2407,2303,104
36063022602,5776,5750,26
36063022702,6558,6536,22
36063022711,10303,10145,158
36063022712,7988,7749,239
36063022803,3467,3330,137
36063022804,3281,3242,39
36063022901,2145,2112,33
36063022902,2932,2811,121
36063023001,2279,2024,255
36063023100,2355,2322,33
36063023200,2743,2647,96
36063023300,7160,7115,45
36063023401,6889,6691,198
36063023402,4331,4181,150
36063023404,5569,5298,271
36063023405,3448,3384,64
36063023500,2872,2833,39
36063023600,3882,3594,288
36063023700,1637,1531,106
36063023800,3089,3021,68
36063023901,4322,4152,170
36063023902,4920,4725,195
36063024001,5882,5750,132
36063024002,1879,1865,14
36063024101,3859,3821,38
36063024102,2758,2550,208
36063024201,6740,6733,7
36063024202,2708,2696,12
36063024301,1156,1156,0
36063024302,4752,4686,66
36063024303,5829,5817,12
36063024401,2592,2582,10
36063024404,4952,4897,55
36063024405,5256,5084,172
36063024406,3247,3063,184
36063024501,2886,2832,54
36063024502,3762,3656,106
36063024600,4573,4572,1
36063940001,1010,1003,7
36063940100,0,0,0
36063990000,0,0,0
36065020102,1173,1094,79
36065020300,1001,890,111
36065020705,2163,2067,96
36065020802,3892,3089,803
36065020803,2586,2065,521
36065020900,2160,1932,228
36065021000,1456,1192,264
36065021101,1048,757,291
36065021102,2682,2383,299
36065021103,1253,1084,169
36065021201,1973,1742,231
36065021202,2746,2326,420
36065021301,3163,2830,333
36065021302,4212,3600,612
36065021303,2971,2861,110
36065021401,2621,2348,273
36065021402,2088,1939,149
36065021500,2583,2171,412
36065021601,5327,4775,552
36065021602,2045,1980,65
36065021701,2985,2906,79
36065021702,2434,2335,99
36065021900,2003,1965,38
36065022000,3713,3346,367
36065022100,2888,2741,147
36065022200,2621,2611,10
36065022400,3387,3356,31
36065022500,4043,3830,213
36065022701,2040,1961,79
36065022702,4015,3843,172
36065022800,2708,2676,32
36065023000,6112,5945,167
36065023200,4330,4328,2
36065023300,2642,2478,164
36065023400,4848,4774,74
36065023501,2289,2256,33
36065023502,4634,4614,20
36065023702,3786,3739,47
36065023901,2284,2283,1
36065023902,2000,1993,7
36065024000,4451,4421,30
36065024101,1479,1479,0
36065024102,2960,2902,58
36065024200,4556,4465,91
36065024301,3046,3046,0
36065024302,3412,3247,165
36065024303,2709,2670,39
36065024400,3914,3831,83
36065024500,4926,4830,96
36065024700,6278,6258,20
36065024800,3063,2967,96
36065024900,5412,5260,152
36065025001,3208,3121,87
36065025002,3792,3698,94
36065025003,3205,3044,161
36065025100,2002,1936,66
36065025200,4491,4488,3
36065025300,6897,6756,141
36065025400,5994,5933,61
36065025500,4368,4286,82
36065025600,4573,4490,83
36065025700,2422,2407,15
36065025800,1418,1388,30
36065025900,1485,1022,463
36065026100,2513,2435,78
36065026200,6625,6592,33
36065026300,3770,3269,501
36065026400,5778,5074,704
36065026500,997,862,135
36065026600,2738,1965,773
36065026700,5471,5471,0
36065980002,0,0,0
36065980003,0,0,0
36065980100,0,0,0
36067000100,674,649,25
36067000200,2929,2441,488
36067000300,1642,1511,131
36067000400,3772,3502,270
36067000501,2205,1925,280
36067000600,3735,3461,274
36067000700,1605,1445,160
36067000800,2551,2289,262
36067000900,3015,2889,126
36067001000,4001,3677,324
36067001400,3812,3599,213
36067001500,3083,2753,330
36067001600,3149,3004,145
36067001701,2527,2197,330
36067001702,2343,2204,139
36067001800,2955,2757,198
36067001900,3837,3761,76
36067002000,2017,1870,147
36067002101,2771,2464,307
36067002300,1666,1592,74
36067002400,2081,1740,341
36067002700,2084,1946,138
36067002901,2844,2801,43
36067003000,1999,1092,907
36067003200,2755,2607,148
36067003400,1354,1254,100
36067003500,2420,2095,325
36067003601,2420,2091,329
36067003602,2243,2090,153
36067003800,2247,1852,395
36067003900,3006,2452,554
36067004000,1580,1264,316
36067004200,1984,1509,475
36067004301,1647,1465,182
36067004302,6559,6082,477
36067004400,2050,1953,97
36067004500,4216,3973,243
36067004600,5226,5071,155
36067004800,1636,1616,20
36067004900,1334,1255,79
36067005000,2598,2451,147
36067005100,2143,1876,267
36067005200,2008,1843,165
36067005300,2076,1904,172
36067005400,2762,2559,203
36067005500,3408,3251,157
36067005601,1434,1369,65
36067005602,3633,3310,323
36067005700,1928,1831,97
36067005800,2427,2167,260
36067005900,1657,1536,121
36067006000,4014,3681,333
36067006101,3861,3596,265
36067006102,1798,1764,34
36067006103,2629,2516,113
36067010100,2804,2754,50
36067010200,5658,5630,28
36067010301,5936,5830,106
36067010321,2688,2676,12
36067010322,3808,3741,67
36067010400,4197,4055,142
36067010500,2447,2432,15
36067010600,2216,2181,35
36067010700,1741,1736,5
36067010800,4938,4826,112
36067010900,2333,2279,54
36067011011,3390,3284,106
36067011012,3792,3642,150
36067011021,2819,2700,119
36067011022,3339,3275,64
36067011101,5865,5755,110
36067011102,3694,3496,198
36067011201,3843,3743,100
36067011202,4561,4261,300
36067011231,4879,4673,206
36067011232,3810,3758,52
36067011241,2367,2304,63
36067011242,6641,6435,206
36067011300,3246,3209,37
36067011401,6979,6700,279
36067011402,4515,4447,68
36067011500,5909,5673,236
36067011600,5124,4956,168
36067011700,3407,3376,31
36067011800,6200,6104,96
36067011900,3743,3640,103
36067012000,5846,5810,36
36067012100,4575,4410,165
36067012200,1211,1186,25
36067012300,3448,3324,124
36067012400,4202,4151,51
36067012500,3891,3714,177
36067012600,5149,5037,112
36067012700,1914,1838,76
36067012800,2947,2850,97
36067012900,2641,2353,288
36067013000,3814,3527,287
36067013100,4662,4524,138
36067013200,2809,2754,55
36067013300,2252,2194,58
36067013400,5491,5338,153
36067013500,5510,5395,115
36067013600,2971,2931,40
36067013701,4929,4863,66
36067013800,2180,2170,10
36067013900,2929,2728,201
36067014000,3701,3507,194
36067014200,3523,3398,125
36067014300,3021,2953,68
36067014400,2565,2509,56
36067014500,3721,3671,50
36067014600,4967,4709,258
36067014700,6030,5877,153
36067014800,3093,3022,71
36067014900,2286,2155,131
36067015000,4467,4402,65
36067015100,5599,5576,23
36067015201,3057,2930,127
36067015202,4730,4707,23
36067015203,2595,2580,15
36067015400,5792,5599,193
36067015500,2689,2689,0
36067015601,3432,3370,62
36067015700,7327,7120,207
36067015800,4919,4903,16
36067016001,3555,3496,59
36067016002,3002,2920,82
36067016100,2553,2439,114
36067016200,2256,2165,91
36067016300,7677,7339,338
36067016400,4064,3882,182
36067016501,1754,1679,75
36067016502,4431,4408,23
36067016600,4699,4666,33
36067016700,2547,2543,4
36067016801,1704,1667,37
36067016802,2554,2530,24
36067016901,2731,2673,58
36067016902,2287,2014,273
36067940000,112,81,31
36069050101,3493,3467,26
36069050102,11094,11001,93
36069050201,6687,6406,281
36069050202,6079,5582,497
36069050301,4591,4481,110
36069050302,4799,4759,40
36069050400,6988,6944,44
36069050500,6127,6034,93
36069050601,6124,6055,69
36069050602,4478,4321,157
36069050800,3192,3184,8
36069050900,2245,2212,33
36069051000,2739,2724,15
36069051100,2284,2201,83
36069051200,3743,3580,163
36069051300,4268,4191,77
36069051400,2738,2696,42
36069051500,3219,2635,584
36069051600,3490,3104,386
36069051700,1907,1509,398
36069051800,2656,2105,551
36069051900,5100,4566,534
36069052000,5091,4785,306
36069052100,3851,3822,29
36069052200,2467,2443,24
36071000100,3797,2635,1162
36071000200,2881,1517,1364
36071000300,6666,2446,4220
36071000400,4459,2853,1606
36071000501,3226,1088,2138
36071000502,3948,1835,2113
36071000600,3543,1905,1638
36071001100,4800,2801,1999
36071001200,2682,1188,1494
36071001300,3394,2623,771
36071001500,5012,3037,1975
36071001600,6793,4365,2428
36071002100,3107,2641,466
36071002200,3722,3530,192
36071002300,1821,1685,136
36071010101,4774,4274,500
36071010102,5120,4297,823
36071010200,4567,3998,569
36071010300,3652,2833,819
36071010400,4087,2986,1101
36071010500,8289,6397,1892
36071010600,7305,6333,972
36071010700,6769,5584,1185
36071010801,3944,3367,577
36071010802,5461,4630,831
36071010901,3157,2871,286
36071010902,6074,5332,742
36071011000,4917,4222,695
36071011101,2718,2145,573
36071011102,4063,2999,1064
36071011200,4503,3586,917
36071011300,7619,5020,2599
36071011400,3897,3351,546
36071011500,6997,5937,1060
36071011601,4150,3896,254
36071011602,3645,3353,292
36071011701,4673,4237,436
36071011702,4498,3927,571
36071011801,4626,3678,948
36071011802,2655,2492,163
36071011900,6514,5794,720
36071012100,3625,2946,679
36071012200,3654,3270,384
36071012300,5436,4938,498
36071012601,4109,3028,1081
36071012602,3580,2727,853
36071012700,4111,2808,1303
36071012800,4722,3451,1271
36071012900,2903,2714,189
36071013000,4683,3684,999
36071013100,4878,4613,265
36071013201,5513,4259,1254
36071013202,2090,1649,441
36071013300,7177,6316,861
36071013400,2993,2469,524
36071013500,6476,5422,1054
36071013600,6612,5855,757
36071013700,2751,2306,445
36071013800,2821,2601,220
36071013900,4539,3643,896
36071014101,3890,2874,1016
36071014102,6153,4502,1651
36071014201,3628,3105,523
36071014202,5960,5194,766
36071014301,4933,3685,1248
36071014302,6968,6166,802
36071014400,4461,3994,467
36071014501,4297,4131,166
36071014502,5106,4825,281
36071014600,7111,6580,531
36071014700,3841,3455,386
36071014800,6472,5015,1457
36071014900,3547,3267,280
36071015003,5360,5299,61
36071015004,6806,6448,358
36071015005,4589,4408,181
36071015006,6513,6407,106
36071015100,5551,3296,2255
36071015200,9858,8327,1531
36073040200,3261,3195,66
36073040300,2650,2507,143
36073040400,3327,3222,105
36073040500,2558,2338,220
36073040600,7413,7010,403
36073040700,6235,5651,584
36073040801,4570,4486,84
36073040802,3863,3660,203
36073401200,3401,3384,17
36073401300,4660,4539,121
36073990000,0,0,0
36075020100,3622,3524,98
36075020200,3846,3832,14
36075020301,2178,2168,10
36075020302,3500,3452,48
36075020400,5156,5113,43
36075020500,6065,6009,56
36075020600,4924,4819,105
36075020701,4205,4198,7
36075020702,4404,4369,35
36075020703,4965,4954,11
36075020800,3639,3628,11
36075020901,2460,2399,61
36075020902,5884,5824,60
36075021000,5820,5717,103
36075021101,3821,3579,242
36075021102,2258,2082,176
36075021103,2910,2838,72
36075021104,2633,2523,110
36075021200,6681,6643,38
36075021300,4726,4655,71
36075021401,7912,7449,463
36075021402,1459,1441,18
36075021501,2859,2859,0
36075021502,6706,6498,208
36075021601,2906,2822,84
36075021602,3523,3356,167
36075021603,3798,3662,136
36075021604,4264,4019,245
36075021605,3389,3212,177
36075990000,0,0,0
36077590100,4612,4546,66
36077590201,1999,1971,28
36077590202,3796,3713,83
36077590300,3866,3827,39
36077590400,5278,5193,85
36077590500,2977,2963,14
36077590600,1830,1811,19
36077590700,4111,3932,179
36077590800,5117,4739,378
36077590900,2227,2081,146
36077591000,3517,3418,99
36077591100,2866,2679,187
36077591200,2026,1877,149
36077591300,3227,2820,407
36077591400,5700,5587,113
36077591500,3541,3483,58
36077591600,4289,4228,61
36079010100,3666,3213,453
36079010200,8302,6776,1526
36079010300,4708,3635,1073
36079010400,3457,2990,467
36079010500,5220,4664,556
36079010600,3914,3737,177
36079010700,2526,2318,208
36079010800,3255,3001,254
36079010900,7519,6979,540
36079011000,4197,3755,442
36079011100,5932,5498,434
36079011200,7463,6158,1305
36079011300,3991,3668,323
36079011400,4928,4470,458
36079011500,6278,5471,807
36079011600,5778,5311,467
36079011700,4968,4558,410
36079011800,7793,5345,2448
36079011900,5513,4795,718
36081000100,6756,6320,436
36081000200,3425,1381,2044
36081000400,4896,2144,2752
36081000600,4208,1605,2603
36081000700,5928,4941,987
36081000800,3728,1598,2130
36081001000,3890,1333,2557
36081001200,4727,2014,2713
36081001400,3810,1435,2375
36081001600,2967,791,2176
36081001800,3224,1456,1768
36081001900,1850,1636,214
36081002000,2019,1073,946
36081002200,2220,942,1278
36081002400,2249,1107,1142
36081002500,6592,3762,2830
36081002600,2503,1042,1461
36081002800,3384,1476,1908
36081003000,1442,701,741
36081003100,1032,415,617
36081003200,1690,750,940
36081003300,2922,2125,797
36081003400,2573,1070,1503
36081003600,3830,2123,1707
36081003700,0,0,0
36081003800,2520,1058,1462
36081003900,1658,867,791
36081004001,2267,1204,1063
36081004002,1639,1047,592
36081004200,4496,2643,1853
36081004300,2660,1275,1385
36081004401,3872,2780,1092
36081004500,3290,2665,625
36081004700,3910,2406,1504
36081005000,62,18,44
36081005100,2001,1689,312
36081005200,2769,1835,934
36081005300,4666,3565,1101
36081005400,5200,3027,2173
36081005500,933,584,349
36081005700,4084,2637,1447
36081005800,5921,3026,2895
36081005900,4315,3094,1221
36081006100,5757,4436,1321
36081006201,6202,4178,2024
36081006202,7083,4657,2426
36081006300,5204,3857,1347
36081006501,3418,3031,387
36081006502,4161,2775,1386
36081006900,4527,3386,1141
36081007100,3813,3030,783
36081007300,4058,3232,826
36081007500,4492,3347,1145
36081007700,1596,1224,372
36081007900,3384,2156,1228
36081008100,1389,750,639
36081008300,3143,2111,1032
36081008500,1129,846,283
36081008600,3030,1565,1465
36081008700,5196,3067,2129
36081008800,3691,1771,1920
36081009100,2600,1840,760
36081009400,2922,2242,680
36081009500,2520,2241,279
36081009600,4024,3053,971
36081009700,3593,3214,379
36081009800,2844,2262,582
36081009900,0,0,0
36081010000,4798,3212,1586
36081010100,2695,2222,473
36081010200,3132,2138,994
36081010300,3863,3209,654
36081010400,3320,3034,286
36081010500,4012,2461,1551
36081010600,3939,3542,397
36081010701,0,0,0
36081010800,3504,2670,834
36081011000,3635,2580,1055
36081011100,3413,2767,646
36081011200,2202,1673,529
36081011300,4295,3231,1064
36081011400,1150,476,674
36081011500,2249,1685,564
36081011600,2335,1677,658
36081011700,3841,2985,856
36081011800,2757,1949,808
36081011900,1576,1171,405
36081012000,2681,2045,636
36081012100,2268,1800,468
36081012200,3373,2107,1266
36081012301,2741,2133,608
36081012400,3261,1671,1590
36081012500,1851,1286,565
36081012601,2798,987,1811
36081012602,2628,1316,1312
36081012800,2389,1085,1304
36081013000,1620,1195,425
36081013200,2604,1551,1053
36081013400,5616,4580,1036
36081013500,1447,1231,216
36081013600,1935,1437,498
36081013700,1842,1464,378
36081013800,3609,2621,988
36081014000,3890,2924,966
36081014100,1755,1105,650
36081014201,4219,2566,1653
36081014202,2739,1651,1088
36081014300,4205,2948,1257
36081014400,2223,1295,928
36081014500,2197,1805,392
36081014700,3227,2662,565
36081014800,2051,1370,681
36081014900,2228,1611,617
36081015000,3017,2473,544
36081015100,2435,2198,237
36081015200,3067,2324,743
36081015300,2029,1570,459
36081015400,2521,2035,486
36081015500,2499,1946,553
36081015600,3365,2959,406
36081015700,1508,1157,351
36081015801,3680,3160,520
36081015802,4862,3748,1114
36081015900,3932,3150,782
36081016100,2556,1350,1206
36081016300,3788,1926,1862
36081016400,3828,3304,524
36081016600,3625,2442,1183
36081016800,3235,2439,796
36081016900,5779,4457,1322
36081017000,2790,2433,357
36081017100,0,0,0
36081017200,2333,2054,279
36081017400,2564,1958,606
36081017600,2408,1997,411
36081017800,2214,1696,518
36081017900,979,729,250
36081018000,1486,1238,248
36081018101,3727,2043,1684
36081018102,3683,2835,848
36081018200,2602,2156,446
36081018300,6475,3876,2599
36081018401,2147,1956,191
36081018402,2440,2102,338
36081018501,3777,2273,1504
36081018502,3491,2464,1027
36081018600,2063,1851,212
36081018700,3077,2283,794
36081018800,1493,1258,235
36081018900,3542,2084,1458
36081019000,2437,2014,423
36081019200,2092,1608,484
36081019400,2549,2302,247
36081019600,2877,2579,298
36081019800,3117,2387,730
36081019900,888,460,428
36081020200,1675,1512,163
36081020400,2307,1884,423
36081020500,1176,209,967
36081020600,1930,981,949
36081020800,2847,1679,1168
36081021200,2302,843,1459
36081021400,6967,4096,2871
36081021600,4483,3000,1483
36081021900,4,4,0
36081022001,6012,4072,1940
36081022002,6650,5132,1518
36081022900,0,0,0
36081023000,2274,1567,707
36081023200,5271,3942,1329
36081023500,8843,3509,5334
36081023600,2924,1930,994
36081023800,4951,2920,2031
36081024000,6402,3240,3162
36081024300,6346,3765,2581
36081024500,5770,3508,2262
36081024600,0,0,0
36081024700,1504,953,551
36081024900,5043,3773,1270
36081025100,6119,3838,2281
36081025301,3898,2597,1301
36081025302,3053,1323,1730
36081025400,9155,7329,1826
36081025500,1471,1065,406
36081025700,1419,960,459
36081025800,2405,2072,333
36081025900,3524,1880,1644
36081026000,2425,1769,656
36081026100,7139,3912,3227
36081026200,1167,963,204
36081026300,6780,4341,2439
36081026400,2643,2021,622
36081026500,4213,3350,863
36081026600,1907,1710,197
36081026700,6229,2792,3437
36081026901,5152,2341,2811
36081026902,4363,2458,1905
36081027000,1999,1583,416
36081027100,8359,4662,3697
36081027200,2384,2228,156
36081027300,7991,1243,6748
36081027400,1722,1542,180
36081027500,6907,1303,5604
36081027600,1198,995,203
36081027700,7779,2037,5742
36081027800,2368,1951,417
36081027900,6541,2183,4358
36081028000,1926,1696,230
36081028100,4462,1781,2681
36081028200,1790,1652,138
36081028300,7446,3325,4121
36081028400,4354,4034,320
36081028500,5152,2742,2410
36081028700,6321,3591,2730
36081028800,4703,4053,650
36081028900,5043,3164,1879
36081029100,6476,4775,1701
36081029300,1109,1035,74
36081029400,7252,6605,647
36081029500,3559,2698,861
36081029700,2265,1674,591
36081029900,0,0,0
36081030600,4372,3952,420
36081030902,7954,5482,2472
36081030903,6379,3590,2789
36081030904,3632,2185,1447
36081031700,5973,4895,1078
36081032000,4958,4510,448
36081032700,3809,1518,2291
36081032800,2562,2340,222
36081032900,3918,1705,2213
36081033000,7168,6597,571
36081033100,0,0,0
36081033401,3580,3311,269
36081033402,13157,12517,640
36081033700,3391,907,2484
36081033900,3357,1261,2096
36081034700,3352,1250,2102
36081035100,4215,1217,2998
36081035200,2907,2714,193
36081035300,2432,474,1958
36081035700,3820,2273,1547
36081035800,3979,3630,349
36081036100,2960,807,2153
36081036300,2014,421,1593
36081036500,3463,1104,2359
36081036600,3348,3094,254
36081036700,2667,1432,1235
36081036800,2502,2244,258
36081037100,1741,813,928
36081037300,2663,888,1775
36081037500,4155,372,3783
36081037600,6476,6221,255
36081037700,3792,395,3397
36081037900,7232,712,6520
36081038100,7583,1368,6215
36081038301,0,0,0
36081038302,0,0,0
36081038400,2387,2188,199
36081039400,2986,2747,239
36081039800,1762,1675,87
36081039900,4173,757,3416
36081040000,1299,1226,73
36081040100,7085,994,6091
36081040200,1681,1636,45
36081040300,7208,991,6217
36081040400,4600,4275,325
36081040500,3291,119,3172
36081040700,8285,839,7446
36081040900,6046,830,5216
36081041100,3935,712,3223
36081041300,4705,1315,3390
36081041400,4103,3157,946
36081041500,4056,979,3077
36081042400,2496,2412,84
36081042600,507,440,67
36081042700,5393,868,4525
36081043200,1403,1315,88
36081043400,1818,1685,133
36081043701,3425,995,2430
36081043702,6033,2414,3619
36081043900,4357,655,3702
36081044000,3766,3148,618
36081044301,3442,1328,2114
36081044302,4902,2470,2432
36081044400,3182,1999,1183
36081044601,3247,1549,1698
36081044602,4843,3358,1485
36081044800,2936,2138,798
36081045000,2183,1591,592
36081045200,1096,976,120
36081045400,4543,4119,424
36081045500,14205,10096,4109
36081045600,1368,1262,106
36081045700,3033,2405,628
36081045800,2246,2035,211
36081045900,3691,2101,1590
36081046000,5920,4298,1622
36081046100,2767,1634,1133
36081046200,8694,5432,3262
36081046300,4023,1588,2435
36081046400,1685,1235,450
36081046500,3348,706,2642
36081046600,3660,3190,470
36081046700,6765,2413,4352
36081046800,3083,2530,553
36081046900,7860,3628,4232
36081047000,3205,2733,472
36081047100,4415,3260,1155
36081047200,4204,3684,520
36081047300,4007,3297,710
36081047500,4142,3043,1099
36081047600,1456,1246,210
36081047800,5506,4524,982
36081047900,5170,4433,737
36081048000,2684,2022,662
36081048100,6130,4340,1790
36081048200,1504,1292,212
36081048300,4399,2782,1617
36081048400,5377,4777,600
36081048500,4620,3858,762
36081048900,1712,1094,618
36081049200,4597,3912,685
36081049301,1914,1488,426
36081049302,2669,1692,977
36081049500,1343,831,512
36081049600,3254,2484,770
36081049700,2854,2216,638
36081049900,5123,4148,975
36081050000,4362,3750,612
36081050201,1246,1080,166
36081050202,1351,1160,191
36081050400,1921,1799,122
36081050500,1467,1160,307
36081050600,1652,1487,165
36081050700,3943,3111,832
36081050800,1846,1732,114
36081051000,1955,1812,143
36081051100,2068,1742,326
36081051200,2850,2530,320
36081051300,2146,1666,480
36081051500,2757,2062,695
36081051600,1854,1626,228
36081051700,1959,1122,837
36081051800,2196,1977,219
36081052000,1695,1545,150
36081052100,1958,1560,398
36081052200,1777,1709,68
36081052400,1516,1394,122
36081052500,1864,1420,444
36081052600,1998,1824,174
36081052800,1405,1287,118
36081053000,2389,2320,69
36081053100,2943,1941,1002
36081053200,1994,1823,171
36081053401,1956,1877,79
36081053500,1405,393,1012
36081053601,1913,1671,242
36081053800,1696,1597,99
36081053900,4413,2520,1893
36081054000,4535,3831,704
36081054200,5429,4426,1003
36081054500,4126,1326,2800
36081054700,4909,1713,3196
36081054800,2351,1927,424
36081054900,5807,1518,4289
36081055100,4745,2941,1804
36081055200,2950,2288,662
36081055300,2554,1130,1424
36081055400,2302,1729,573
36081055500,2233,616,1617
36081055600,2345,1999,346
36081055700,3452,1702,1750
36081055800,1625,1256,369
36081055900,1365,264,1101
36081056000,1666,1492,174
36081056100,103,95,8
36081056200,1695,1253,442
36081056400,1432,1050,382
36081056500,1527,330,1197
36081056600,1505,1069,436
36081056700,4552,2151,2401
36081056800,4414,3441,973
36081057700,4001,2336,1665
36081057900,1693,1125,568
36081058000,3654,3369,285
36081058100,2865,1733,1132
36081058200,5268,4710,558
36081058300,3572,2135,1437
36081058500,4685,2577,2108
36081058700,3467,2618,849
36081058900,4587,2637,1950
36081059000,1399,1310,89
36081059100,5142,2793,2349
36081059200,1193,1159,34
36081059300,4273,3198,1075
36081059400,1712,1594,118
36081059500,4795,2681,2114
36081059600,1345,1274,71
36081059800,1669,1532,137
36081059900,1259,955,304
36081060000,1122,1021,101
36081060100,1972,1149,823
36081060300,1941,1112,829
36081060600,1392,1324,68
36081060701,15,0,15
36081060800,1591,1539,52
36081061000,1354,1354,0
36081061200,1747,1719,28
36081061301,5960,3797,2163
36081061302,14,14,0
36081061400,1324,1230,94
36081061601,2278,2163,115
36081061602,1262,1138,124
36081061800,1876,1862,14
36081061900,2590,1926,664
36081062000,1521,1423,98
36081062100,2567,1918,649
36081062200,1742,1598,144
36081062300,2033,1411,622
36081062400,0,0,0
36081062500,2710,1989,721
36081062600,2913,2675,238
36081062700,2992,1753,1239
36081062900,2932,2212,720
36081063000,1740,1603,137
36081063200,2592,2475,117
36081063301,1483,1263,220
36081063302,1510,1155,355
36081063500,2701,2006,695
36081063700,3193,2559,634
36081063800,4169,3803,366
36081063900,2702,2097,605
36081064101,2120,1742,378
36081064102,172,164,8
36081064500,1947,1630,317
36081064600,3262,3075,187
36081065000,3035,2842,193
36081065400,3161,2537,624
36081065501,0,0,0
36081065600,5576,5234,342
36081065702,1716,1445,271
36081065703,2733,2300,433
36081065900,1874,1774,100
36081066000,3657,3438,219
36081066100,1496,1315,181
36081066300,2466,2264,202
36081066400,9637,8996,641
36081066501,3603,3324,279
36081066701,2344,1853,491
36081066900,1641,1597,44
36081067100,2171,2060,111
36081067700,1739,1659,80
36081067900,3727,2458,1269
36081068000,5225,4873,352
36081068200,1166,1046,120
36081068300,4256,2709,1547
36081068700,4477,3393,1084
36081069000,3530,3490,40
36081069300,3060,2273,787
36081069400,3815,3515,300
36081069500,1962,1468,494
36081069701,3901,3131,770
36081069702,3435,3188,247
36081070300,1964,1557,407
36081070700,2331,1975,356
36081070900,2582,2301,281
36081071100,6512,5723,789
36081071303,5370,4251,1119
36081071304,6384,5327,1057
36081071305,4951,4011,940
36081071306,6005,4527,1478
36081071600,0,0,0
36081071701,5591,4929,662
36081071702,3716,3271,445
36081071900,2271,1889,382
36081072100,4531,3497,1034
36081072300,2102,1935,167
36081072900,1254,1143,111
36081073100,1642,1561,81
36081073700,1722,1562,160
36081073900,5626,4829,797
36081074100,3033,2619,414
36081074300,4483,3756,727
36081074500,4120,3511,609
36081074700,3418,2958,460
36081074900,1492,1432,60
36081075701,5107,4218,889
36081075702,4033,3747,286
36081076901,4182,3779,403
36081076902,1433,1223,210
36081077300,2113,1566,547
36081077500,2073,1762,311
36081077902,5322,5155,167
36081077903,3090,2475,615
36081077904,5931,5394,537
36081077905,2676,2033,643
36081077906,3703,3102,601
36081077907,3075,2616,459
36081077908,4154,3593,561
36081078800,1751,1556,195
36081079000,2799,2406,393
36081079200,2526,2237,289
36081079300,0,0,0
36081079701,6811,6275,536
36081079702,4947,4433,514
36081079900,3244,2687,557
36081080301,4925,3913,1012
36081080302,3531,2917,614
36081080900,7246,6105,1141
36081081400,4091,3340,751
36081081800,4542,3688,854
36081083700,5444,4975,469
36081083800,5705,4222,1483
36081084000,6342,4990,1352
36081084500,4630,3844,786
36081084601,2762,1983,779
36081084602,1123,812,311
36081084900,8073,6955,1118
36081085300,4395,4207,188
36081085500,6704,5351,1353
36081085700,5532,4491,1041
36081085900,5118,4829,289
36081086100,2168,1855,313
36081086300,6598,5798,800
36081086400,2842,1603,1239
36081086500,4561,4215,346
36081086900,2053,1827,226
36081087100,2263,1830,433
36081088400,7226,6110,1116
36081088901,10835,8299,2536
36081089200,7736,7077,659
36081090700,1234,1059,175
36081091601,3928,3778,150
36081091602,0,0,0
36081091800,7,7,0
36081091900,6218,3846,2372
36081092200,1990,1894,96
36081092500,3862,2095,1767
36081092800,3323,3261,62
36081092900,6943,4049,2894
36081093401,3627,3360,267
36081093402,4372,3881,491
36081093800,5308,4382,926
36081093900,4913,3479,1434
36081094201,3381,2061,1320
36081094202,4937,3561,1376
36081094203,5730,4458,1272
36081094500,3846,3031,815
36081094700,2705,1538,1167
36081095400,5438,4630,808
36081096400,4815,3472,1343
36081097202,2886,2113,773
36081097203,6803,4309,2494
36081097204,3962,2823,1139
36081097300,1849,1644,205
36081098100,2401,2044,357
36081098700,2544,2306,238
36081099100,6265,5409,856
36081099200,4432,3030,1402
36081099701,2686,2330,356
36081099703,3830,3367,463
36081099704,6948,5800,1148
36081099705,2497,2298,199
36081099801,7876,6094,1782
36081099802,5573,4713,860
36081099900,0,0,0
36081100801,2353,1894,459
36081100802,9319,6851,2468
36081101001,10976,7578,3398
36081101002,3932,3708,224
36081101700,5984,5085,899
36081102900,3506,2995,511
36081103201,6401,3991,2410
36081103202,7834,4919,2915
36081103300,4165,3684,481
36081103900,6514,5546,968
36081104700,7148,6072,1076
36081105900,4029,3927,102
36081107201,2314,2157,157
36081107202,0,0,0
36081108500,2456,2261,195
36081109300,3275,2721,554
36081109700,1627,1550,77
36081109900,3670,2909,761
36081111300,2391,2077,314
36081112300,2007,1530,477
36081112900,2000,1907,93
36081113300,1734,1405,329
36081113900,3238,2568,670
36081114100,2427,2228,199
36081114700,1885,1636,249
36081115100,1174,1022,152
36081115500,2441,1589,852
36081115700,3344,3168,176
36081115900,4563,4000,563
36081116100,4775,3918,857
36081116300,9541,7622,1919
36081116700,1848,1382,466
36081117100,2512,1842,670
36081117500,5149,4617,532
36081118100,1571,1382,189
36081118500,2312,1617,695
36081118700,2346,1702,644
36081118900,2492,2181,311
36081119100,3333,2172,1161
36081119300,2118,1855,263
36081119500,1255,984,271
36081119900,1458,1262,196
36081120100,1712,1560,152
36081120300,1558,1385,173
36081120500,2840,2664,176
36081120700,2844,2146,698
36081121100,0,0,0
36081121500,4316,3353,963
36081122300,4043,3583,460
36081122701,11635,8288,3347
36081122702,7504,4924,2580
36081124100,3621,3427,194
36081124700,3450,3258,192
36081125700,3207,2878,329
36081126500,1473,1233,240
36081126700,4690,3727,963
36081127700,3403,3392,11
36081128300,47,47,0
36081129102,3624,3443,181
36081129103,3829,3525,304
36081129104,4193,3805,388
36081130100,3833,2913,920
36081133300,3727,3343,384
36081133900,1330,1178,152
36081134100,3432,3253,179
36081134700,10211,8595,1616
36081136700,5906,5072,834
36081137700,6384,6028,356
36081138501,4733,4489,244
36081138502,37,20,17
36081139900,1891,1753,138
36081140300,2099,1871,228
36081140901,999,880,119
36081140902,2975,2905,70
36081141700,4958,4179,779
36081142900,3323,3049,274
36081143500,2235,2031,204
36081144100,3172,2812,360
36081144700,2984,2350,634
36081145101,1556,1432,124
36081145102,2494,2299,195
36081145900,2988,2362,626
36081146300,3415,2961,454
36081146700,3150,2713,437
36081147100,3265,2842,423
36081147900,4821,3635,1186
36081148300,2870,2671,199
36081150701,3123,2739,384
36081150702,3270,2861,409
36081152901,6535,5793,742
36081152902,5119,4975,144
36081155101,1926,1882,44
36081155102,8665,7426,1239
36081156700,1382,1089,293
36081157101,8310,7296,1014
36081157102,2110,1721,389
36081157901,4848,4601,247
36081157902,3866,3552,314
36081157903,4039,3715,324
36081161700,4436,3290,1146
36081162100,6845,5105,1740
36081990100,0,0,0
36083040100,4543,3985,558
36083040200,4627,4178,449
36083040300,2723,2489,234
36083040400,2215,1679,536
36083040500,2113,1838,275
36083040600,2371,2262,109
36083040700,4885,4341,544
36083040800,1874,1776,98
36083040900,2737,2429,308
36083041000,4538,4015,523
36083041100,5313,4665,648
36083041200,2818,2778,40
36083041300,5205,5033,172
36083041400,3919,3756,163
36083051500,2525,2352,173
36083051600,6910,6547,363
36083051701,3414,3321,93
36083051702,3445,3405,40
36083051800,5713,5686,27
36083051901,4114,4088,26
36083051902,3562,3505,57
36083052002,1757,1746,11
36083052003,4520,4422,98
36083052004,6092,5973,119
36083052101,2240,2186,54
36083052102,1571,1550,21
36083052103,1699,1694,5
36083052201,4534,4469,65
36083052203,5764,5640,124
36083052204,2768,2725,43
36083052301,3919,3576,343
36083052303,1144,1144,0
36083052304,7088,6965,123
36083052402,2353,2312,41
36083052403,6709,6542,167
36083052404,7400,7117,283
36083052501,6366,6340,26
36083052502,5394,5392,2
36083052503,1325,1290,35
36083052601,3783,3686,97
36083052602,1075,1047,28
36083052603,2894,2833,61
36085000300,1919,1482,437
36085000600,2204,1857,347
36085000700,6228,4494,1734
36085000800,5662,4195,1467
36085000900,1724,1299,425
36085001100,3174,2417,757
36085001700,1500,1007,493
36085001800,584,505,79
36085002001,2584,2220,364
36085002002,3395,3233,162
36085002100,4285,2396,1889
36085002700,2186,1418,768
36085002900,5237,2928,2309
36085003300,3708,3083,625
36085003600,2589,1715,874
36085003900,2390,1924,466
36085004000,12349,7865,4484
36085004700,3189,2805,384
36085005000,3863,3275,588
36085005900,3011,2506,505
36085006400,3381,2652,729
36085006700,2551,2366,185
36085007000,8942,7354,1588
36085007400,4673,3892,781
36085007500,4313,2149,2164
36085007700,1497,949,548
36085008100,4373,3491,882
36085009601,3844,3207,637
36085009602,3427,3157,270
36085009700,4396,3207,1189
36085010500,4886,3279,1607
36085011201,5846,5084,762
36085011202,5677,4780,897
36085011401,2868,2156,712
36085011402,3841,3374,467
36085012100,3322,2564,758
36085012200,3858,3630,228
36085012500,3009,1772,1237
36085012804,4128,3348,780
36085012805,2765,2288,477
36085012806,5600,4620,980
36085013201,1579,1464,115
36085013203,5674,5034,640
36085013204,4579,4249,330
36085013301,1469,905,564
36085013302,3027,1702,1325
36085013400,3854,3183,671
36085013800,6095,5497,598
36085014100,2359,1367,992
36085014604,6841,6015,826
36085014605,3887,3518,369
36085014606,7183,6779,404
36085014607,4752,4506,246
36085014608,3927,3288,639
36085014700,3410,3103,307
36085015100,5155,4015,1140
36085015400,0,0,0
36085015601,6677,6233,444
36085015602,3422,3298,124
36085015603,4661,4400,261
36085016901,3142,2630,512
36085017005,4917,4595,322
36085017007,5471,4338,1133
36085017008,7560,7188,372
36085017009,4526,4102,424
36085017010,8925,7501,1424
36085017011,4483,4089,394
36085017012,4526,3904,622
36085017300,2586,2078,508
36085017600,4767,4525,242
36085017700,6722,6486,236
36085018100,3196,2840,356
36085018701,1758,1551,207
36085018702,7329,6394,935
36085018901,5242,4549,693
36085018902,5127,4654,473
36085019700,1812,1715,97
36085019800,6583,6262,321
36085020100,3612,2810,802
36085020700,5548,2202,3346
36085020801,9277,8338,939
36085020803,6271,5517,754
36085020804,5849,5552,297
36085021300,4768,3008,1760
36085022300,2541,1579,962
36085022600,8988,7689,1299
36085022800,41,41,0
36085023100,4336,2661,1675
36085023900,3778,1827,1951
36085024401,6271,5751,520
36085024402,4419,4249,170
36085024700,2624,1721,903
36085024800,5116,4713,403
36085025100,6201,5536,665
36085027301,3938,3429,509
36085027302,3400,3109,291
36085027702,6681,5340,1341
36085027704,4287,4071,216
36085027705,5754,5271,483
36085027706,3504,3000,504
36085027900,2132,1945,187
36085029102,2904,2305,599
36085029103,7775,6941,834
36085029104,7807,6185,1622
36085030301,4897,3465,1432
36085030302,6142,4197,1945
36085031901,2564,1815,749
36085031902,4480,3209,1271
36085032300,1218,829,389
36085990100,0,0,0
36087010101,5679,5104,575
36087010102,5238,4083,1155
36087010200,4464,3386,1078
36087010501,5397,4238,1159
36087010502,6792,4972,1820
36087010503,2468,2321,147
36087010601,4043,2236,1807
36087010602,6524,3607,2917
36087010701,4481,2447,2034
36087010702,3652,551,3101
36087010703,3987,1339,2648
36087010801,4369,4076,293
36087010802,5007,4672,335
36087010803,5665,5146,519
36087010804,4338,3766,572
36087010901,5070,4421,649
36087010902,3929,3408,521
36087011000,2155,2075,80
36087011101,6788,5352,1436
36087011102,6435,5091,1344
36087011200,6193,5711,482
36087011301,7975,5649,2326
36087011302,5394,4691,703
36087011303,5980,5262,718
36087011401,4087,3606,481
36087011403,5731,5255,476
36087011404,3844,3357,487
36087011405,3937,3273,664
36087011501,7796,7199,597
36087011502,7995,5905,2090
36087011504,7180,5231,1949
36087011505,3223,3222,1
36087011506,5079,4922,157
36087011601,3637,3484,153
36087011602,6423,6215,208
36087011603,5255,4588,667
36087011700,3113,2657,456
36087011800,866,637,229
36087011901,3836,2841,995
36087011902,3168,2310,858
36087012000,3932,3742,190
36087012101,5909,5739,170
36087012102,8753,8512,241
36087012103,5870,5791,79
36087012105,5517,5320,197
36087012106,4127,3470,657
36087012202,6578,4857,1721
36087012203,3323,3285,38
36087012204,3853,3781,72
36087012300,6258,2820,3438
36087012401,5138,4793,345
36087012402,5189,2591,2598
36087012501,5612,5017,595
36087012502,5215,4603,612
36087012600,6332,5916,416
36087012700,4572,3854,718
36087012800,6485,6367,118
36087013001,2879,2619,260
36087013002,5634,5019,615
36087013003,3212,2911,301
36087013100,6215,5400,815
36087013200,3551,3194,357
36087013300,2565,2406,159
36087013401,4477,3972,505
36087013402,4253,3657,596
36089490100,3332,3317,15
36089490200,3560,3506,54
36089490300,5729,5710,19
36089490400,3140,3069,71
36089490500,3860,3790,70
36089490600,4609,4589,20
36089490700,5698,5640,58
36089490800,3382,3292,90
36089490900,3513,3469,44
36089491000,4691,4675,16
36089491100,2356,2239,117
36089491200,2304,1995,309
36089491300,4091,4081,10
36089491400,5170,4695,475
36089491500,3545,3466,79
36089491600,2222,2158,64
36089491700,4402,4389,13
36089491800,4652,4601,51
36089491900,1655,1603,52
36089492000,5137,5051,86
36089492100,4498,4299,199
36089492300,6495,6444,51
36089492400,2922,2867,55
36089492500,2468,2433,35
36089492600,5983,5941,42
36089492700,7017,6685,332
36089492800,2894,2849,45
36089492900,2204,2181,23
36091060101,5901,5759,142
36091060102,5669,5589,80
36091060200,3591,3499,92
36091060300,3843,3688,155
36091060400,2632,2569,63
36091060501,1750,1740,10
36091060502,2192,2176,16
36091060503,2216,2158,58
36091060601,2833,2803,30
36091060602,4939,4922,17
36091060701,7314,7092,222
36091060702,9339,9162,177
36091060800,5151,4938,213
36091060901,3833,3556,277
36091060902,1842,1820,22
36091061000,4277,4086,191
36091061100,5803,5561,242
36091061200,5262,5147,115
36091061301,3591,3547,44
36091061302,6490,6309,181
36091061303,2024,1876,148
36091061401,5251,5186,65
36091061403,6236,6193,43
36091061404,2820,2778,42
36091061500,3535,3460,75
36091061600,4181,4161,20
36091061701,5154,5009,145
36091061702,4393,4343,50
36091061800,5500,5252,248
36091061901,9333,9212,121
36091061903,5786,5433,353
36091062000,6526,6363,163
36091062100,1910,1884,26
36091062200,3069,2982,87
36091062300,2100,2052,48
36091062403,6438,6054,384
36091062404,1986,1946,40
36091062405,7268,6870,398
36091062406,3618,3494,124
36091062501,5010,4913,97
36091062503,5900,5535,365
36091062505,3909,3848,61
36091062506,5658,5559,99
36091062507,3861,3532,329
36091062508,4548,4428,120
36091062509,3150,3093,57
36091062601,2444,2426,18
36091062602,6430,6161,269
36091062700,6364,6325,39
36091062800,2059,2009,50
36093020101,2752,2667,85
36093020102,2757,2208,549
36093020200,2130,1753,377
36093020300,1547,1457,90
36093020500,5034,4859,175
36093020600,3097,2899,198
36093020700,6046,5309,737
36093020800,2942,2641,301
36093020900,3101,2764,337
36093021001,961,846,115
36093021002,2362,1691,671
36093021200,2984,2842,142
36093021400,2760,2457,303
36093021500,3409,2673,736
36093021600,3974,3407,567
36093021700,3770,3039,731
36093021800,8060,7788,272
36093031900,8070,7961,109
36093032000,6406,6112,294
36093032101,5547,5290,257
36093032102,1853,1740,113
36093032200,4799,4634,165
36093032300,2933,2823,110
36093032402,3106,2982,124
36093032403,2152,2152,0
36093032404,6729,6443,286
36093032502,3481,3408,73
36093032503,4180,4027,153
36093032504,2110,1996,114
36093032601,1910,1898,12
36093032602,4248,4163,85
36093032700,3919,3692,227
36093032901,4291,4149,142
36093032902,4434,4153,281
36093033002,2329,2273,56
36093033003,3454,3303,151
36093033004,2596,2514,82
36093033101,1953,1924,29
36093033102,6407,6212,195
36093033200,3220,3049,171
36093033300,2083,1969,114
36093033400,2990,2739,251
36093033500,1959,1774,185
36095740100,4877,4755,122
36095740200,5223,5096,127
36095740300,1257,1085,172
36095740400,5508,5392,116
36095740500,3584,3504,80
36095740600,3014,2957,57
36095740700,5291,5153,138
36095740800,2913,2782,131
36097950100,4993,4879,114
36097950200,1530,1491,39
36097950300,3255,3223,32
36097950400,3919,3845,74
36097950500,4639,4582,57
36099950100,2395,2331,64
36099950200,2525,2511,14
36099950300,3481,3375,106
36099950400,2907,2825,82
36099950500,3806,3785,21
36099950600,3742,3648,94
36099950700,3901,3849,52
36099950800,6182,5583,599
36099950900,3823,3790,33
36099951000,2274,2215,59
36101960100,1324,1324,0
36101960200,3444,3342,102
36101960300,2347,2301,46
36101960400,4029,4009,20
36101960500,2826,2815,11
36101960600,4092,3995,97
36101960700,3066,2974,92
36101960800,3033,2934,99
36101960900,2301,2297,4
36101961000,3661,3634,27
36101961100,4407,4333,74
36101961200,3527,3467,60
36101961300,4257,4109,148
36101961400,2240,2201,39
36101961500,1777,1774,3
36101961600,1763,1752,11
36101961700,3336,3250,86
36101961800,3550,3543,7
36101961900,3312,3290,22
36101962000,4329,4324,5
36101962100,3327,3327,0
36101962200,2560,2536,24
36101962300,8454,8209,245
36101962400,2983,2956,27
36101962500,2355,2236,119
36101962600,2737,2679,58
36101962700,2903,2889,14
36101962800,3463,3420,43
36101962900,2831,2825,6
36101963000,3917,3872,45
36103110101,3696,3556,140
36103110102,5055,4782,273
36103110200,4972,4709,263
36103110300,4841,4499,342
36103110401,2585,2274,311
36103110402,3181,3132,49
36103110501,2585,2500,85
36103110502,2881,2793,88
36103110600,7393,7244,149
36103110801,2009,1941,68
36103110803,6112,5630,482
36103110901,2780,2576,204
36103110902,4814,3044,1770
36103111001,2268,1945,323
36103111002,5786,2293,3493
36103111100,8583,3787,4796
36103111201,4587,2065,2522
36103111202,4730,3351,1379
36103111300,4516,4266,250
36103111401,1315,1252,63
36103111402,4750,4438,312
36103111503,4534,4072,462
36103111504,1413,1347,66
36103111505,6793,5460,1333
36103111506,3477,2895,582
36103111601,4068,3646,422
36103111602,2825,2760,65
36103111701,5531,5259,272
36103111703,3059,2807,252
36103111704,3375,3243,132
36103111801,6307,5966,341
36103111802,2878,2766,112
36103111803,2807,2560,247
36103111804,2407,2346,61
36103111900,5163,4911,252
36103112001,4938,4254,684
36103112002,4570,4294,276
36103112102,3853,3667,186
36103112103,4667,4320,347
36103112104,2515,2393,122
36103112204,4094,3798,296
36103112206,7613,7112,501
36103112210,7534,7196,338
36103112211,4661,4272,389
36103112212,3430,3298,132
36103112213,5410,4990,420
36103112214,6613,6489,124
36103122300,4121,3308,813
36103122403,2213,1851,362
36103122404,3730,2885,845
36103122405,3724,3242,482
36103122406,4966,3490,1476
36103122501,3993,2773,1220
36103122502,4837,3060,1777
36103122601,5732,4781,951
36103122602,4824,3964,860
36103122603,5978,5116,862
36103122704,2210,1718,492
36103122705,3010,2643,367
36103122706,3548,3232,316
36103122707,3060,2708,352
36103122801,5741,4774,967
36103122802,4077,3339,738
36103122901,6193,5185,1008
36103122902,4476,3933,543
36103123001,5907,4505,1402
36103123002,4610,3756,854
36103123101,3291,2833,458
36103123102,3866,3238,628
36103123201,1987,1320,667
36103123202,9939,5979,3960
36103123301,8245,5607,2638
36103123302,1887,1119,768
36103123401,4526,3285,1241
36103123402,6394,5257,1137
36103123500,6039,4170,1869
36103123600,3524,3358,166
36103123701,7370,2540,4830
36103123702,8807,5693,3114
36103123801,3765,3314,451
36103123802,3385,2889,496
36103123900,5463,4474,989
36103124001,5027,4175,852
36103124002,3489,2836,653
36103124101,4708,3858,850
36103124102,3333,2822,511
36103124200,5214,4741,473
36103124300,6415,5374,1041
36103124401,3778,3324,454
36103124402,3722,3449,273
36103124500,5369,5000,369
36103124601,2734,2516,218
36103124602,4027,3666,361
36103134702,5475,5215,260
36103134703,3723,3673,50
36103134704,2603,2561,42
36103134902,4736,4582,154
36103134903,1206,987,219
36103134904,6517,6134,383
36103134906,6101,5730,371
36103134907,4401,4241,160
36103135002,5220,5013,207
36103135003,4636,4467,169
36103135004,2884,2715,169
36103135005,3656,3406,250
36103135101,4044,3599,445
36103135102,4405,4099,306
36103135103,4989,4834,155
36103135104,5276,5061,215
36103135201,2154,2147,7
36103135204,4773,4568,205
36103135205,4975,4637,338
36103135208,3299,3186,113
36103135209,3088,2945,143
36103135301,4115,4014,101
36103135303,4192,3933,259
36103135304,3299,3140,159
36103135401,7053,6713,340
36103135402,6920,6658,262
36103135403,4298,3830,468
36103145602,6370,1955,4415
36103145603,6731,2010,4721
36103145604,4969,1184,3785
36103145605,4024,1719,2305
36103145701,5197,4597,600
36103145702,6390,2606,3784
36103145703,5557,2564,2993
36103145704,7712,4449,3263
36103145803,4602,4252,350
36103145804,3349,2470,879
36103145805,5951,5371,580
36103145807,4438,3956,482
36103145808,3066,2871,195
36103145901,3460,2247,1213
36103145902,10279,4743,5536
36103145903,5652,4385,1267
36103146001,6014,1950,4064
36103146002,6020,1636,4384
36103146003,9310,4848,4462
36103146102,2611,1018,1593
36103146103,4023,3022,1001
36103146105,6693,2343,4350
36103146106,5187,2095,3092
36103146201,4896,1578,3318
36103146202,5350,2482,2868
36103146203,5400,2228,3172
36103146204,6684,2729,3955
36103146205,2182,1980,202
36103146206,2401,1796,605
36103146300,2232,1985,247
36103146402,4056,3701,355
36103146403,4852,2462,2390
36103146404,3621,1920,1701
36103146500,5302,4648,654
36103146604,4404,4142,262
36103146605,987,849,138
36103146606,7025,6363,662
36103146607,2347,2118,229
36103146608,2639,2296,343
36103146611,3165,2924,241
36103146612,5248,4950,298
36103146613,3886,3436,450
36103146614,5338,5122,216
36103146615,4588,4053,535
36103146703,3955,2645,1310
36103146704,1975,1686,289
36103146705,3311,2978,333
36103146706,2534,2408,126
36103146800,5699,5396,303
36103146901,5378,4840,538
36103146902,3722,3626,96
36103147001,4612,4169,443
36103147003,4803,3944,859
36103147004,142,142,0
36103147100,3092,2801,291
36103147200,6392,4041,2351
36103147300,8350,5448,2902
36103147401,5885,4871,1014
36103147402,3535,3281,254
36103147501,7298,6541,757
36103147502,6555,6377,178
36103147503,1474,1404,70
36103147601,2272,2141,131
36103147602,5133,4720,413
36103147701,3612,3394,218
36103147702,4875,4694,181
36103147802,3784,3518,266
36103147803,3076,2971,105
36103147804,5917,5671,246
36103147901,4102,3624,478
36103147902,4072,3937,135
36103158001,3973,3825,148
36103158002,6172,5949,223
36103158006,6511,6154,357
36103158007,9150,8274,876
36103158009,2816,2688,128
36103158010,3569,3508,61
36103158011,4771,4532,239
36103158102,4796,3631,1165
36103158103,4279,3205,1074
36103158104,5774,5130,644
36103158107,4260,3948,312
36103158108,2851,2548,303
36103158110,3765,3110,655
36103158111,3483,2778,705
36103158112,4296,3465,831
36103158114,3538,3236,302
36103158115,6997,6606,391
36103158116,1941,1564,377
36103158202,8279,6448,1831
36103158203,1516,1441,75
36103158205,1940,1697,243
36103158206,3822,3330,492
36103158207,4698,4482,216
36103158304,7654,6649,1005
36103158306,5954,5496,458
36103158308,9050,6557,2493
36103158309,5009,4134,875
36103158310,4223,3859,364
36103158315,4861,4056,805
36103158317,6304,5701,603
36103158318,4028,3625,403
36103158319,3661,3045,616
36103158320,6105,5462,643
36103158321,10333,8630,1703
36103158322,2069,2021,48
36103158323,6730,6141,589
36103158401,1244,1164,80
36103158402,4557,4095,462
36103158403,2052,1874,178
36103158405,4710,4309,401
36103158407,5838,5160,678
36103158408,4184,3916,268
36103158409,4071,3661,410
36103158410,3249,3232,17
36103158502,3518,3145,373
36103158505,4403,4010,393
36103158506,2543,2359,184
36103158507,4022,3331,691
36103158508,6361,5428,933
36103158509,4814,3877,937
36103158510,6669,5929,740
36103158511,6537,5299,1238
36103158512,3732,3303,429
36103158604,4736,4211,525
36103158605,5203,4626,577
36103158606,4869,4195,674
36103158607,3240,2704,536
36103158608,3992,3405,587
36103158609,4342,3844,498
36103158704,8989,6558,2431
36103158705,3568,2298,1270
36103158707,1756,1638,118
36103158708,4166,3681,485
36103158709,2267,2054,213
36103158710,3688,3211,477
36103158711,5454,4645,809
36103158712,7803,5812,1991
36103158802,4581,4140,441
36103158803,6883,5393,1490
36103158804,6656,5170,1486
36103158900,7383,4453,2930
36103159000,4910,3198,1712
36103159102,6394,5007,1387
36103159103,6251,3681,2570
36103159105,7606,5811,1795
36103159106,6826,5451,1375
36103159107,3447,3188,259
36103159108,7125,5505,1620
36103159201,3107,2358,749
36103159203,5617,5094,523
36103159204,4142,3496,646
36103159300,2005,1937,68
36103159404,7314,5552,1762
36103159406,4534,3710,824
36103159407,6607,5397,1210
36103159408,4381,3429,952
36103159410,8210,7315,895
36103159411,3593,3170,423
36103159412,8172,7677,495
36103159505,8285,6807,1478
36103159506,8042,6769,1273
36103159508,7771,6940,831
36103159509,2992,2433,559
36103159510,170,83,87
36103159511,7008,5608,1400
36103159512,2400,1920,480
36103159601,6408,6203,205
36103159602,4096,3987,109
36103169701,7742,7305,437
36103169703,1684,1538,146
36103169704,7775,6996,779
36103169800,5739,4082,1657
36103169901,6281,5636,645
36103169902,4495,3759,736
36103170001,5769,5611,158
36103170002,3991,3810,181
36103170101,2073,1570,503
36103170201,6261,6107,154
36103170202,4088,3792,296
36103180300,2844,2681,163
36103190401,10437,6851,3586
36103190402,2405,1961,444
36103190403,3690,2699,991
36103190502,2555,2123,432
36103190503,2927,2585,342
36103190504,1593,1573,20
36103190601,4457,4263,194
36103190603,4438,2582,1856
36103190604,3744,3139,605
36103190704,3266,2615,651
36103190705,4009,3089,920
36103190706,4336,3907,429
36103190707,4803,4457,346
36103190708,1982,1789,193
36103190800,3211,3025,186
36103200901,1220,1130,90
36103200902,6625,5306,1319
36103201001,6958,5826,1132
36103201003,3575,2828,747
36103201004,3510,3051,459
36103201100,5947,2650,3297
36103990100,0,0,0
36105950100,3455,3364,91
36105950200,3648,3399,249
36105950300,1291,1250,41
36105950400,2979,2832,147
36105950500,3033,2549,484
36105950600,2031,1649,382
36105950700,4434,3140,1294
36105950800,4099,3534,565
36105950900,3451,2495,956
36105951000,2074,1644,430
36105951100,3269,2330,939
36105951200,7537,6740,797
36105951300,4147,3684,463
36105951500,2561,2226,335
36105951600,3497,2665,832
36105951700,4125,3717,408
36105951800,5832,4086,1746
36105951900,1981,1681,300
36105952000,2177,2027,150
36105952100,2598,2383,215
36105952200,1529,1387,142
36105952300,1206,1148,58
36105952400,2355,2277,78
36105952500,2509,2253,256
36107020100,6161,6132,29
36107020200,5148,5074,74
36107020300,6738,6646,92
36107020401,5064,4986,78
36107020402,3656,3605,51
36107020500,3787,3567,220
36107020600,7436,7306,130
36107020701,3032,2942,90
36107020702,4353,4312,41
36107020703,4274,4237,37
36109000100,1414,1317,97
36109000200,5965,5413,552
36109000300,2794,2695,99
36109000400,4287,4049,238
36109000500,4750,4559,191
36109000600,5041,4727,314
36109000700,3595,3305,290
36109000800,2989,2697,292
36109000900,3797,3569,228
36109001000,4007,3660,347
36109001100,6161,5897,264
36109001200,3304,3032,272
36109001300,6211,5909,302
36109001400,3717,3642,75
36109001500,6737,6649,88
36109001600,4181,4031,150
36109001700,4908,4808,100
36109001800,4912,4713,199
36109001900,6684,6603,81
36109002000,4260,4046,214
36109002100,4390,4301,89
36109002200,4483,4376,107
36109002300,5681,5344,337
36111950100,5270,4955,315
36111950200,3888,3405,483
36111950300,4696,4335,361
36111950400,4012,3785,227
36111950500,3114,2932,182
36111950600,2772,2710,62
36111950900,1228,1192,36
36111951000,4352,4135,217
36111951100,2439,2408,31
36111951200,3755,3666,89
36111951300,4429,4169,260
36111951400,3417,3243,174
36111951500,3389,3190,199
36111951600,1980,1922,58
36111951700,4474,3721,753
36111951800,1706,1623,83
36111951900,2722,2148,574
36111952000,2451,1991,460
36111952100,3899,3085,814
36111952200,3675,3466,209
36111952300,1752,1560,192
36111952400,2827,2207,620
36111952500,3342,3237,105
36111952600,5565,5270,295
36111952700,2646,2576,70
36111952800,3325,3214,111
36111952900,5561,5390,171
36111953000,1991,1945,46
36111953300,4610,4254,356
36111953400,4190,3754,436
36111953500,5323,4537,786
36111953600,5429,4684,745
36111953700,5194,4828,366
36111953800,3775,3619,156
36111953900,4948,4660,288
36111954000,4876,4589,287
36111954100,5457,4219,1238
36111954200,5686,5264,422
36111954400,9681,8402,1279
36111954500,4608,3709,899
36111954600,1663,1291,372
36111954700,1793,1613,180
36111954800,4981,3661,1320
36111954900,1363,1296,67
36111955000,5259,5013,246
36111955300,2514,2398,116
36111955400,4478,3852,626
36113070100,2565,2494,71
36113070200,1960,1863,97
36113070300,3410,3099,311
36113070400,3913,3826,87
36113070500,2574,2511,63
36113070601,5446,5412,34
36113070602,1515,1483,32
36113070701,3876,3860,16
36113070702,4548,4434,114
36113070800,7657,7566,91
36113070900,4629,4528,101
36113071000,3310,3207,103
36113072000,3480,3424,56
36113073000,4035,3904,131
36113073500,2037,2001,36
36113074000,1859,1855,4
36113075000,3320,3293,27
36113076000,2484,2467,17
36113078000,2293,2245,48
36115080100,4628,4598,30
36115080200,2574,2494,80
36115080300,5397,5178,219
36115081000,6158,5538,620
36115082001,4800,4759,41
36115082002,1315,1303,12
36115084000,6567,6489,78
36115085000,2148,2064,84
36115086000,1774,1723,51
36115087000,3744,3732,12
36115088000,6242,6147,95
36115089000,4895,4809,86
36115090000,2664,2586,78
36115091000,1750,1719,31
36115092000,3331,3317,14
36115093000,1998,1971,27
36115094000,2480,2457,23
36117020101,5116,5000,116
36117020102,4983,4807,176
36117020201,4568,4510,58
36117020202,4768,4621,147
36117020301,3889,3843,46
36117020302,5123,4931,192
36117020401,2822,2524,298
36117020402,4027,3904,123
36117020500,4667,4558,109
36117020600,4253,4123,130
36117020700,3498,3279,219
36117020800,2694,2672,22
36117020900,5519,5145,374
36117021000,6769,6547,222
36117021100,5179,5005,174
36117021200,4423,3975,448
36117021400,3063,2894,169
36117021501,2237,2019,218
36117021502,4285,4183,102
36117021600,4302,4167,135
36117021700,3720,3580,140
36117021800,1969,1815,154
36117990100,0,0,0
36119000101,4324,797,3527
36119000103,4379,2127,2252
36119000104,20,20,0
36119000201,8159,3161,4998
36119000202,4132,2336,1796
36119000203,3502,1817,1685
36119000300,4395,1681,2714
36119000401,3795,2301,1494
36119000402,4756,3054,1702
36119000500,3353,1526,1827
36119000600,7333,3525,3808
36119000701,3759,2968,791
36119000702,4595,2986,1609
36119000801,5973,4821,1152
36119000802,2503,1602,901
36119000803,4605,2442,2163
36119000900,3363,2631,732
36119001000,1866,1271,595
36119001101,3673,1197,2476
36119001102,4943,2629,2314
36119001200,4070,1816,2254
36119001301,4434,2255,2179
36119001302,4026,1867,2159
36119001303,7069,3171,3898
36119001401,4322,3224,1098
36119001402,1877,1542,335
36119001403,3936,3038,898
36119001502,3133,2594,539
36119001503,2774,2305,469
36119001504,5012,3700,1312
36119001505,2209,1600,609
36119001600,3315,1711,1604
36119001700,7418,5580,1838
36119001800,1973,1348,625
36119001900,1678,1396,282
36119002000,4690,3612,1078
36119002101,3544,2920,624
36119002103,3222,3009,213
36119002104,5261,3877,1384
36119002105,1641,1580,61
36119002106,2750,2168,582
36119002107,1857,1396,461
36119002201,2786,2330,456
36119002202,4846,4225,621
36119002203,1832,1342,490
36119002204,5131,4141,990
36119002300,4127,2945,1182
36119002401,1592,1189,403
36119002402,3896,3022,874
36119002403,5386,4140,1246
36119002404,3061,2349,712
36119002405,3429,2382,1047
36119002600,3934,3442,492
36119002700,4173,3595,578
36119002800,2494,2423,71
36119002900,3368,3040,328
36119003000,3341,2926,415
36119003100,2740,2526,214
36119003200,2348,2117,231
36119003300,3106,2823,283
36119003400,4802,4325,477
36119003500,1916,1394,522
36119003600,3887,2342,1545
36119003700,3448,2436,1012
36119003800,2964,2349,615
36119003900,3433,2446,987
36119004000,6418,5066,1352
36119004100,4566,3967,599
36119004200,4684,4098,586
36119004300,1658,1522,136
36119004400,3519,3077,442
36119004500,1418,1201,217
36119004600,2799,2752,47
36119004700,3596,3469,127
36119004800,6596,5932,664
36119004900,2946,2845,101
36119005001,3776,3441,335
36119005002,4482,4402,80
36119005100,3966,3715,251
36119005200,4742,4513,229
36119005300,5403,4547,856
36119005400,1593,1405,188
36119005500,5564,5135,429
36119005600,0,0,0
36119005701,6623,4449,2174
36119005702,3016,2097,919
36119005800,4302,2029,2273
36119005901,4677,2718,1959
36119005902,5182,4307,875
36119006000,4380,3145,1235
36119006100,3748,2001,1747
36119006200,6150,2278,3872
36119006300,6275,3442,2833
36119006400,5802,4101,1701
36119006500,5812,4082,1730
36119006600,6681,5903,778
36119006700,5247,4888,359
36119006801,5623,5357,266
36119006802,5781,5492,289
36119006900,6065,5763,302
36119007000,6094,5495,599
36119007100,6031,5422,609
36119007200,6821,5429,1392
36119007300,4696,2721,1975
36119007401,4861,3990,871
36119007402,2885,2804,81
36119007500,4709,4492,217
36119007600,6166,5926,240
36119007700,5074,4394,680
36119007800,4146,1121,3025
36119007900,8695,2396,6299
36119008000,5082,951,4131
36119008100,4518,1827,2691
36119008200,6976,4693,2283
36119008301,2865,1876,989
36119008302,6648,6322,326
36119008401,2164,2006,158
36119008403,3761,3411,350
36119008404,5379,4400,979
36119008500,3258,3064,194
36119008602,5839,5440,399
36119008700,5196,4100,1096
36119008800,4675,2877,1798
36119008901,5202,4263,939
36119008902,3657,2226,1431
36119009000,4173,2552,1621
36119009100,6224,2450,3774
36119009200,7756,3431,4325
36119009300,3534,2697,837
36119009400,4167,2279,1888
36119009500,4907,2876,2031
36119009600,4388,3938,450
36119009701,2944,2546,398
36119009702,2531,2308,223
36119009703,3767,3474,293
36119009800,4535,4268,267
36119009900,3008,2702,306
36119010000,5387,5293,94
36119010100,4754,4634,120
36119010200,4826,4616,210
36119010300,3133,2766,367
36119010400,4260,3420,840
36119010500,6798,6335,463
36119010600,4570,4037,533
36119010701,5655,5411,244
36119010702,5488,5224,264
36119010801,3082,2783,299
36119010803,3374,2772,602
36119010804,2750,2284,466
36119010901,2189,2006,183
36119010902,5966,4689,1277
36119010903,4810,3802,1008
36119011000,2893,2284,609
36119011101,6335,5359,976
36119011102,2906,2648,258
36119011200,4229,2318,1911
36119011300,6559,6038,521
36119011400,6097,5368,729
36119011500,5363,3317,2046
36119011600,7156,2326,4830
36119011700,2858,2411,447
36119011800,5907,5225,682
36119011902,4539,3664,875
36119012000,4789,4297,492
36119012101,5469,5285,184
36119012102,4734,4334,400
36119012200,7134,6229,905
36119012301,2570,1848,722
36119012303,4815,4457,358
36119012304,4813,4664,149
36119012400,5214,5133,81
36119012501,2968,2914,54
36119012502,6126,5709,417
36119012503,3574,3350,224
36119012600,4764,4568,196
36119012700,4752,4522,230
36119012802,6953,5121,1832
36119012900,4347,2237,2110
36119013000,6715,3876,2839
36119013102,6575,6366,209
36119013103,5313,4973,340
36119013104,6066,5832,234
36119013201,4316,3937,379
36119013202,2975,2874,101
36119013301,3356,984,2372
36119013304,5129,1927,3202
36119013400,6473,3985,2488
36119013500,3854,2315,1539
36119013600,4925,2789,2136
36119013700,5555,4916,639
36119013800,3378,3197,181
36119013900,4831,4113,718
36119014000,2246,1887,359
36119014100,5843,4064,1779
36119014200,3492,1978,1514
36119014300,4115,1871,2244
36119014400,6039,3158,2881
36119014500,4488,3527,961
36119014604,4604,3781,823
36119014605,3241,3088,153
36119014606,5906,5657,249
36119014607,4207,3655,552
36119014701,4858,3698,1160
36119014703,6295,4838,1457
36119014704,2722,1926,796
36119014804,8013,5919,2094
36119014805,4305,3915,390
36119014806,6679,5957,722
36119014808,3467,3156,311
36119014809,6541,5895,646
36119014810,2032,1940,92
36119014811,5773,5037,736
36119014901,6524,5967,557
36119014903,4526,4320,206
36119014907,4255,3806,449
36119014908,2918,2752,166
36119014909,2907,2725,182
36119015000,5178,4801,377
36119981000,1921,1591,330
36119982000,1562,1066,496
36119983000,1331,1155,176
36119984000,288,250,38
36119985000,2485,2068,417
36121970100,2480,2463,17
36121970200,7506,6827,679
36121970300,3286,3179,107
36121970400,3927,3908,19
36121970500,4966,4864,102
36121970600,4470,4359,111
36121970700,2847,2748,99
36121970800,3023,2969,54
36121970900,1901,1901,0
36121971000,4139,4051,88
36121971100,2694,2648,46
36123150100,6379,6229,150
36123150200,5290,5244,46
36123150300,5233,5042,191
36123150400,3715,3600,115
36123150500,4489,4473,16
37001020100,4224,3631,593
37001020200,4021,3031,990
37001020300,7823,5073,2750
37001020400,6861,5446,1415
37001020501,3515,2850,665
37001020502,3816,2798,1018
37001020601,3070,3046,24
37001020602,2596,2465,131
37001020701,4295,3950,345
37001020702,4219,3644,575
37001020801,1556,1343,213
37001020802,6107,4885,1222
37001020901,4059,2757,1302
37001020902,3659,3128,531
37001021000,3612,2949,663
37001021101,2545,2369,176
37001021102,3400,3188,212
37001021201,5195,4084,1111
37001021204,4588,4098,490
37001021205,5579,5450,129
37001021206,5424,4712,712
37001021207,3534,3303,231
37001021300,6002,5636,366
37001021400,2730,2655,75
37001021500,4770,4515,255
37001021600,7487,7086,401
37001021701,3206,3139,67
37001021702,5369,5146,223
37001021703,5712,5288,424
37001021801,4380,4314,66
37001021802,3665,3665,0
37001021803,2863,2655,208
37001021901,4196,4100,96
37001021902,4412,4113,299
37001022001,3594,3247,347
37001022002,4288,3734,554
37003040100,3297,3289,8
37003040200,4009,3954,55
37003040300,3130,3119,11
37003040400,6952,6663,289
37003040500,6879,5906,973
37003040600,6489,6234,255
37003040700,6455,6384,71
37005950100,4156,3830,326
37005950200,3802,3246,556
37005950300,2910,2778,132
37007920100,2960,2960,0
37007920200,1735,1711,24
37007920300,7830,7705,125
37007920400,3019,2907,112
37007920500,5772,5516,256
37007920600,4567,4144,423
37009970200,2690,2667,23
37009970300,2488,2450,38
37009970400,4495,4290,205
37009970500,6439,5622,817
37009970700,6061,5868,193
37009970800,4819,4713,106
37011930100,3110,2990,120
37011930200,2668,2578,90
37011930301,3354,3069,285
37011930302,2853,2830,23
37011930400,5648,5282,366
37013930100,5636,4851,785
37013930200,6325,5765,560
37013930300,4051,3641,410
37013930400,4643,4138,505
37013930501,4612,3984,628
37013930502,3818,3716,102
37013930600,3524,3493,31
37013930700,2698,2698,0
37013930800,2712,2708,4
37013930900,4321,4201,120
37013931000,5173,4765,408
37015960100,5037,5014,23
37015960200,4114,4101,13
37015960300,3383,3344,39
37015960400,7790,7471,319
37017950100,5484,5304,180
37017950200,3345,3007,338
37017950300,6479,5211,1268
37017950400,5961,5823,138
37017950500,6887,6583,304
37017950600,6298,5946,352
37019020101,2891,2631,260
37019020102,3560,3397,163
37019020103,7582,7272,310
37019020104,6334,5326,1008
37019020201,4036,3776,260
37019020202,7342,7228,114
37019020203,2466,2372,94
37019020204,6193,5733,460
37019020303,3277,3220,57
37019020304,6487,6359,128
37019020305,3040,2900,140
37019020306,2320,2310,10
37019020307,284,276,8
37019020308,1617,1610,7
37019020309,2912,2844,68
37019020310,2390,2332,58
37019020402,3265,3223,42
37019020403,4784,4486,298
37019020404,2962,2927,35
37019020405,2813,2779,34
37019020504,1660,1613,47
37019020505,4444,4186,258
37019020506,4798,4540,258
37019020507,6498,6435,63
37019020508,2317,2268,49
37019020509,4585,4277,308
37019020510,1751,1509,242
37019020511,2383,2199,184
37019020512,882,842,40
37019020601,4933,4598,335
37019020602,5449,5320,129
37019020603,2912,2739,173
37019990100,0,0,0
37021000100,1469,1411,58
37021000200,1429,1389,40
37021000300,2225,2184,41
37021000400,3865,3762,103
37021000500,3562,3358,204
37021000600,2168,2089,79
37021000700,1219,1219,0
37021000800,3414,3334,80
37021000900,3167,3140,27
37021001000,4377,4099,278
37021001100,4755,4492,263
37021001200,4689,4234,455
37021001300,3985,3548,437
37021001400,6550,5539,1011
37021001500,2364,2033,331
37021001600,5955,5886,69
37021001700,2400,2329,71
37021001801,2998,2979,19
37021001802,4532,4482,50
37021001900,3355,2827,528
37021002000,5875,5775,100
37021002101,1524,1505,19
37021002102,5464,4268,1196
37021002203,4766,3942,824
37021002204,8756,8478,278
37021002205,7185,6951,234
37021002206,4990,4949,41
37021002301,6136,5847,289
37021002302,8499,7802,697
37021002401,3840,3486,354
37021002402,4792,4359,433
37021002503,4105,3751,354
37021002504,4642,4633,9
37021002505,4837,4649,188
37021002506,4283,3989,294
37021002603,3837,3812,25
37021002604,6059,5582,477
37021002605,5996,5584,412
37021002606,4132,3879,253
37021002607,4855,4070,785
37021002701,3818,3495,323
37021002702,4149,3945,204
37021002703,5822,5765,57
37021002803,4471,3900,571
37021002804,5261,5154,107
37021002900,3727,3703,24
37021003001,8615,8181,434
37021003002,7068,6695,373
37021003102,6569,6516,53
37021003103,2045,2045,0
37021003104,6275,5472,803
37021003201,1847,1812,35
37021003202,4145,4055,90
37021003203,5728,5476,252
37021003204,6118,5127,991
37021003205,1403,1388,15
37023020100,4366,3877,489
37023020201,5966,5937,29
37023020202,4167,4087,80
37023020301,4834,4781,53
37023020302,7007,6888,119
37023020500,3104,2661,443
37023020600,5624,4253,1371
37023020801,5110,4952,158
37023020802,3014,3000,14
37023020900,7363,7313,50
37023021000,5670,5596,74
37023021100,6147,5951,196
37023021201,3844,3791,53
37023021202,4350,4032,318
37023021203,4307,4265,42
37023021301,5671,5271,400
37023021302,3255,3180,75
37023021400,5283,4077,1206
37025040500,11831,9614,2217
37025040600,6763,6492,271
37025040701,1532,1371,161
37025040702,7505,6545,960
37025040703,2529,2079,450
37025040800,3554,3245,309
37025040900,2020,1680,340
37025041000,6144,5278,866
37025041100,7204,6772,432
37025041200,7162,6622,540
37025041301,5446,5193,253
37025041302,8510,7943,567
37025041303,9489,8834,655
37025041501,10163,9855,308
37025041502,6528,6206,322
37025041503,3608,3374,234
37025041601,8220,7787,433
37025041602,3191,3035,156
37025041701,4041,4022,19
37025041702,3433,3433,0
37025041901,2329,1319,1010
37025041902,4005,2905,1100
37025042000,4311,3799,512
37025042101,3266,2421,845
37025042102,4096,3601,495
37025042200,7108,6771,337
37025042300,4561,3788,773
37025042401,3645,3376,269
37025042402,6006,4747,1259
37025042501,4644,4442,202
37025042502,2573,2245,328
37025042503,4125,3698,427
37025042504,1491,1459,32
37025042601,4919,4767,152
37025042602,4438,3262,1176
37025042603,7089,6738,351
37025042604,4817,4701,116
37027030100,5505,4955,550
37027030200,5456,5075,381
37027030300,3997,3745,252
37027030400,3961,3660,301
37027030500,4853,4531,322
37027030600,4779,4652,127
37027030700,6051,5896,155
37027030800,8619,8318,301
37027030900,4710,4538,172
37027031000,2840,2786,54
37027031100,4044,4034,10
37027031201,5095,5053,42
37027031202,3913,3838,75
37027031300,8674,8309,365
37027031401,3390,3266,124
37027031402,3209,2961,248
37027031403,2527,2008,519
37029950101,5322,5159,163
37029950102,4906,4798,108
37031970101,1193,1170,23
37031970102,2768,2768,0
37031970103,2867,2867,0
37031970200,1488,1479,9
37031970301,4218,4167,51
37031970302,1094,1003,91
37031970303,996,965,31
37031970304,1995,1910,85
37031970401,1717,1481,236
37031970402,1608,1582,26
37031970403,1198,1194,4
37031970501,2734,2425,309
37031970502,2062,2050,12
37031970503,2339,2335,4
37031970504,1686,1286,400
37031970601,1431,1341,90
37031970602,1120,1120,0
37031970603,1532,1465,67
37031970604,2302,2261,41
37031970605,1411,1358,53
37031970701,1423,1353,70
37031970702,3470,2999,471
37031970703,5530,5399,131
37031970704,2347,2234,113
37031970801,2396,2337,59
37031970802,1728,1686,42
37031970803,1631,1525,106
37031970804,3117,3020,97
37031970805,1720,1631,89
37031970901,1090,1077,13
37031970902,1306,1278,28
37031970903,1313,1268,45
37031971001,576,575,1
37031971002,1420,1400,20
37031971101,1097,1086,11
37031971102,614,592,22
37031980100,0,0,0
37031990100,0,0,0
37031990200,0,0,0
37033930100,2459,2426,33
37033930200,5889,5695,194
37033930300,4418,3919,499
37033930400,2238,2234,4
37033930500,3209,3189,20
37033930600,4881,4808,73
37035010101,6303,6157,146
37035010102,4049,3917,132
37035010201,4685,4519,166
37035010202,8726,7381,1345
37035010301,4942,4208,734
37035010302,5102,4906,196
37035010303,4522,3553,969
37035010304,4409,3122,1287
37035010401,6612,5737,875
37035010402,4507,3865,642
37035010501,3591,3335,256
37035010502,3392,3370,22
37035010600,5994,4902,1092
37035010700,2070,1766,304
37035010900,3520,3315,205
37035011000,2299,1695,604
37035011101,3679,3263,416
37035011102,7491,6874,617
37035011200,5504,4950,554
37035011300,6978,5867,1111
37035011401,3572,3382,190
37035011402,3874,3855,19
37035011501,5164,5133,31
37035011503,3668,3638,30
37035011504,6188,6142,46
37035011601,4745,4151,594
37035011602,5658,5194,464
37035011701,4579,4266,313
37035011702,6353,6176,177
37035011801,6888,6742,146
37035011802,6397,6124,273
37037020103,4622,3360,1262
37037020104,5158,5152,6
37037020105,3891,3452,439
37037020106,4660,4486,174
37037020200,7532,7071,461
37037020300,2891,2710,181
37037020401,5992,3885,2107
37037020402,4941,2442,2499
37037020500,3931,3804,127
37037020600,5871,5443,428
37037020701,6271,6231,40
37037020702,3987,3905,82
37037020800,9031,8337,694
37039930100,4570,4361,209
37039930200,2274,2274,0
37039930300,2260,2231,29
37039930400,6091,5821,270
37039930500,4634,4601,33
37039930601,3231,3120,111
37039930602,4166,4038,128
37041930101,5403,5341,62
37041930102,2376,2318,58
37041930200,6777,6401,376
37043950100,4660,4614,46
37043950200,6070,5778,292
37045950101,4603,4487,116
37045950102,2626,2616,10
37045950200,4348,4322,26
37045950301,4029,3977,52
37045950302,6075,5807,268
37045950400,6962,6685,277
37045950500,3540,3446,94
37045950601,3651,3613,38
37045950602,5938,5847,91
37045950700,6727,6683,44
37045950800,4783,4315,468
37045950900,3086,3022,64
37045951000,3339,3302,37
37045951100,3035,2807,228
37045951200,5698,5031,667
37045951300,2990,2869,121
37045951400,6344,6243,101
37045951501,5763,5615,148
37045951502,1288,1219,69
37045951503,2710,2652,58
37045951601,4590,4544,46
37045951602,4988,4898,90
37047930100,4122,3571,551
37047930200,2245,2139,106
37047930300,2874,2829,45
37047930400,3930,3565,365
37047930500,4450,4421,29
37047930600,3856,3664,192
37047930700,4599,4472,127
37047930800,4198,3686,512
37047930900,4632,4415,217
37047931000,5659,5454,205
37047931100,4003,4003,0
37047931200,7646,7343,303
37047931300,4801,4628,173
37049960101,4110,3952,158
37049960102,4634,4347,287
37049960200,8591,8318,273
37049960300,6862,5988,874
37049960401,4475,4396,79
37049960402,3658,3601,57
37049960403,4194,4107,87
37049960404,3150,3119,31
37049960500,8328,7257,1071
37049960600,5113,4898,215
37049960700,1813,1761,52
37049960800,2405,2351,54
37049960900,2554,2399,155
37049961001,11223,10767,456
37049961002,4173,3843,330
37049961100,8538,7738,800
37049961201,3404,2959,445
37049961202,3118,2537,581
37049961301,4145,3491,654
37049961302,6106,5625,481
37049961303,3596,3443,153
37051000200,2148,1997,151
37051000500,2231,1924,307
37051000600,5573,5086,487
37051000701,5539,5080,459
37051000702,2185,2001,184
37051000800,2651,2474,177
37051000900,5525,5018,507
37051001000,2894,2828,66
37051001100,4462,4393,69
37051001200,5419,5144,275
37051001400,6442,6183,259
37051001500,2794,2664,130
37051001601,7847,7161,686
37051001603,3946,3503,443
37051001604,7568,6885,683
37051001700,9133,8263,870
37051001800,2455,2208,247
37051001901,2298,2032,266
37051001902,4768,4094,674
37051001903,3995,3628,367
37051002001,2786,2276,510
37051002002,5295,4334,961
37051002100,3901,3408,493
37051002200,1311,1142,169
37051002300,4589,4107,482
37051002401,1849,1627,222
37051002402,3490,3257,233
37051002501,7938,7330,608
37051002502,7592,6859,733
37051002503,4868,4554,314
37051002504,6401,5881,520
37051002600,4223,4068,155
37051002700,8280,7849,431
37051002800,6296,6066,230
37051002900,4190,3682,508
37051003001,13025,11539,1486
37051003002,2524,2270,254
37051003102,4329,3868,461
37051003103,5736,5221,515
37051003104,6046,5301,745
37051003201,12536,11254,1282
37051003203,5456,4651,805
37051003204,8470,7473,997
37051003205,5889,5125,764
37051003302,5225,4765,460
37051003304,7123,5920,1203
37051003305,5656,5096,560
37051003307,4468,3918,550
37051003309,6083,5286,797
37051003310,4548,3665,883
37051003311,2360,2049,311
37051003312,6747,5857,890
37051003313,6457,5488,969
37051003314,7438,6363,1075
37051003401,3532,2799,733
37051003402,2181,1804,377
37051003403,4094,3240,854
37051003404,1435,1222,213
37051003405,1883,1387,496
37051003406,1344,1176,168
37051003407,1751,1333,418
37051003408,4969,3856,1113
37051003500,5494,4603,891
37051003600,5881,5006,875
37051003700,6867,6514,353
37051003800,3123,3032,91
37051980100,0,0,0
37051980200,289,234,55
37053110101,735,714,21
37053110102,1521,1503,18
37053110200,7255,6826,429
37053110301,4150,3996,154
37053110302,3216,3140,76
37053110401,3431,3350,81
37053110402,4556,4444,112
37053990100,0,0,0
37055970101,3790,3687,103
37055970102,3385,3323,62
37055970200,4496,4292,204
37055970300,6593,6195,398
37055970400,2869,2817,52
37055970501,1500,1163,337
37055970502,4230,3573,657
37055970601,6621,6114,507
37055970602,1703,1586,117
37055990100,0,0,0
37055990200,0,0,0
37057060101,5982,5360,622
37057060102,7033,6880,153
37057060201,5011,4730,281
37057060202,2567,2330,237
37057060203,6109,5669,440
37057060301,4775,4655,120
37057060302,3740,3575,165
37057060303,4212,4077,135
37057060304,3601,3522,79
37057060400,5247,5088,159
37057060500,5430,5399,31
37057060601,4678,4484,194
37057060602,2712,2356,356
37057060700,5083,4064,1019
37057060800,4085,3840,245
37057060900,5248,4687,561
37057061000,5182,4385,797
37057061100,6761,6480,281
37057061201,6468,5494,974
37057061202,3039,2850,189
37057061300,2154,1993,161
37057061400,3131,2518,613
37057061500,6415,5627,788
37057061600,2974,2180,794
37057061701,4967,4842,125
37057061702,6257,6029,228
37057061703,4445,4054,391
37057061802,7540,7296,244
37057061803,3467,3192,275
37057061804,5442,5442,0
37057061901,6542,6365,177
37057061902,5035,4996,39
37057062001,4714,4611,103
37057062002,4012,3999,13
37059080100,7829,7307,522
37059080200,5281,5132,149
37059080300,8884,8330,554
37059080400,4840,4825,15
37059080500,4693,4118,575
37059080600,3758,3301,457
37059080700,6283,5888,395
37061090100,9523,5223,4300
37061090200,4488,2833,1655
37061090300,5316,4373,943
37061090400,6380,5423,957
37061090501,6058,5479,579
37061090502,4309,4050,259
37061090600,3980,3680,300
37061090701,4092,3543,549
37061090702,6732,5843,889
37061090801,2843,1822,1021
37061090802,5400,4249,1151
37063000101,3026,2483,543
37063000102,4506,3355,1151
37063000200,3239,2359,880
37063000301,2578,2001,577
37063000302,3593,2941,652
37063000401,3035,2807,228
37063000402,2054,1889,165
37063000500,3770,3467,303
37063000600,6017,5370,647
37063000700,3731,3535,196
37063000900,1999,1435,564
37063001001,4377,3249,1128
37063001002,5776,2878,2898
37063001100,3617,2760,857
37063001301,1408,1231,177
37063001303,3591,3261,330
37063001304,3006,2763,243
37063001400,2542,2226,316
37063001501,2911,2698,213
37063001502,6292,4944,1348
37063001503,1642,1499,143
37063001601,6114,5224,890
37063001603,6277,5900,377
37063001604,6599,6460,139
37063001705,5202,4415,787
37063001706,5033,4732,301
37063001707,7042,6513,529
37063001708,5260,4395,865
37063001709,6477,5800,677
37063001710,4348,3613,735
37063001711,4620,3558,1062
37063001801,7852,6304,1548
37063001802,7452,4852,2600
37063001806,6004,5456,548
37063001807,9153,7560,1593
37063001808,7954,7377,577
37063001809,5448,5247,201
37063001900,3102,3038,64
37063002007,5081,4629,452
37063002008,3101,3051,50
37063002009,4559,3819,740
37063002013,4550,4129,421
37063002015,5505,4233,1272
37063002016,5731,3724,2007
37063002017,7615,7347,268
37063002018,8674,8015,659
37063002019,4844,4653,191
37063002020,6971,6819,152
37063002021,4518,4047,471
37063002022,4688,4530,158
37063002023,3308,2992,316
37063002024,6188,5781,407
37063002025,6898,6153,745
37063002026,6434,5641,793
37063002027,9099,7236,1863
37063002028,7604,7207,397
37063002100,9284,8731,553
37063002200,1835,1784,51
37063002300,1484,1245,239
37063980100,0,0,0
37065020200,6141,6077,64
37065020300,5470,5409,61
37065020400,4556,4556,0
37065020600,2928,2786,142
37065020700,2118,2090,28
37065020800,3438,3438,0
37065020900,2954,2954,0
37065021000,3120,3120,0
37065021100,3971,2992,979
37065021200,5165,4879,286
37065021300,4593,4206,387
37065021400,3739,3714,25
37065021500,3290,3090,200
37065021600,3186,3106,80
37067000100,2087,2021,66
37067000200,1113,1011,102
37067000301,2051,1964,87
37067000302,1565,1273,292
37067000400,3580,2961,619
37067000500,2467,2132,335
37067000600,1974,1712,262
37067000700,1673,1630,43
37067000801,3122,2710,412
37067000802,2363,1868,495
37067000900,3554,3109,445
37067001000,4505,3325,1180
37067001100,2270,2163,107
37067001200,2141,2097,44
37067001300,5075,4812,263
37067001400,3810,2792,1018
37067001500,4180,2881,1299
37067001601,3717,3607,110
37067001602,3495,2939,556
37067001700,5479,4824,655
37067001800,4362,3245,1117
37067001901,1731,991,740
37067001902,1663,1465,198
37067002001,2637,1802,835
37067002002,3241,2064,1177
37067002100,2094,2046,48
37067002200,4027,3620,407
37067002501,2539,2496,43
37067002502,3012,2989,23
37067002601,2873,2858,15
37067002603,6204,5532,672
37067002604,5820,5195,625
37067002701,6486,4206,2280
37067002702,6524,5387,1137
37067002703,6801,5214,1587
37067002801,3946,3897,49
37067002804,4067,2937,1130
37067002806,3257,2774,483
37067002807,5429,4173,1256
37067002808,3388,3276,112
37067002809,2235,2148,87
37067002901,4689,4184,505
37067002903,3722,2957,765
37067002904,2145,2047,98
37067003002,4379,4245,134
37067003003,3044,2997,47
37067003004,3626,3566,60
37067003103,5610,5065,545
37067003105,3983,3766,217
37067003106,2776,2729,47
37067003107,4275,4020,255
37067003108,4031,2688,1343
37067003201,4604,4180,424
37067003202,3931,3036,895
37067003307,3647,3488,159
37067003308,8107,7446,661
37067003309,5401,4520,881
37067003310,4566,4099,467
37067003311,1859,1740,119
37067003312,2770,2769,1
37067003313,1548,1440,108
37067003314,3227,3070,157
37067003315,3641,3377,264
37067003402,2361,2114,247
37067003403,3218,2025,1193
37067003404,4003,2781,1222
37067003500,6041,4267,1774
37067003600,6851,5065,1786
37067003701,4854,4047,807
37067003702,4507,3988,519
37067003703,6870,6330,540
37067003803,4955,4748,207
37067003804,4430,4232,198
37067003805,6317,5201,1116
37067003806,3383,2943,440
37067003903,4520,3824,696
37067003904,6484,5884,600
37067003905,3418,3240,178
37067003906,3628,3556,72
37067003908,2996,2954,42
37067003909,4379,3933,446
37067004005,5018,4848,170
37067004007,7818,7554,264
37067004009,4113,4045,68
37067004010,3373,3295,78
37067004011,5684,5439,245
37067004012,5627,5037,590
37067004013,3247,2638,609
37067004014,2736,2676,60
37067004015,4325,4112,213
37067004102,3410,3389,21
37067004103,4214,4155,59
37067004104,3773,3651,122
37069060100,4779,4405,374
37069060200,3400,2862,538
37069060301,5774,5547,227
37069060302,2436,2347,89
37069060401,2695,2346,349
37069060402,4801,4175,626
37069060501,6927,6488,439
37069060502,8698,8350,348
37069060600,8857,8328,529
37069060700,5745,5514,231
37069060801,3931,3317,614
37069060802,4946,4341,605
37071030101,3568,3466,102
37071030102,3613,3531,82
37071030203,2313,2307,6
37071030204,3202,3062,140
37071030205,4022,4022,0
37071030301,2853,2755,98
37071030302,2953,2938,15
37071030401,4342,4120,222
37071030402,4467,4254,213
37071030501,2531,2388,143
37071030502,3297,3195,102
37071030601,2954,2766,188
37071030602,2383,2293,90
37071030700,2903,2865,38
37071030801,1342,1337,5
37071030802,4097,3967,130
37071030901,2288,2173,115
37071030902,3165,2727,438
37071031001,3218,3069,149
37071031003,3898,3862,36
37071031004,2390,2343,47
37071031101,2501,2412,89
37071031102,1920,1804,116
37071031201,3385,2819,566
37071031202,2277,2132,145
37071031301,3646,3177,469
37071031302,5149,3910,1239
37071031401,2980,2681,299
37071031402,2628,2628,0
37071031500,3292,2881,411
37071031600,4161,4101,60
37071031701,3419,3127,292
37071031703,3166,2810,356
37071031704,3580,3562,18
37071031800,3183,2828,355
37071031900,2406,2301,105
37071032000,2620,2479,141
37071032100,3026,2750,276
37071032200,4466,4167,299
37071032301,2335,2255,80
37071032302,2699,2366,333
37071032401,4586,4404,182
37071032402,4945,4886,59
37071032502,3581,3581,0
37071032505,3763,3458,305
37071032506,3058,2630,428
37071032507,3597,3475,122
37071032508,2438,2432,6
37071032600,3954,3849,105
37071032702,2016,1952,64
37071032703,1996,1878,118
37071032704,4232,4038,194
37071032800,6084,5801,283
37071032900,4081,3904,177
37071033100,2993,2086,907
37071033202,2294,2114,180
37071033203,2572,2130,442
37071033204,3789,3139,650
37071033303,3143,3074,69
37071033304,4804,4503,301
37071033305,4207,3812,395
37071033306,1514,1463,51
37071033307,2151,2078,73
37071033400,2246,2057,189
37071033500,5071,4852,219
37073970100,4081,3962,119
37073970200,4146,4126,20
37073970300,3388,3388,0
37075920100,2459,2448,11
37075920200,2718,2718,0
37075920300,3474,3226,248
37077970101,4826,4721,105
37077970102,3750,3654,96
37077970200,4711,4145,566
37077970300,3537,3438,99
37077970400,3764,3722,42
37077970500,4152,3584,568
37077970601,6153,5866,287
37077970602,7930,7506,424
37077970603,6153,5590,563
37077970701,5233,4900,333
37077970702,2722,2015,707
37077970703,4162,3689,473
37077970704,1248,1146,102
37079950101,4074,3259,815
37079950102,5389,4827,562
37079950200,4818,3927,891
37079950300,6960,6104,856
37081010100,1746,1577,169
37081010200,4780,4195,585
37081010300,2925,2479,446
37081010401,1534,1500,34
37081010403,1637,1592,45
37081010404,2552,2518,34
37081010500,2254,2229,25
37081010601,2673,2554,119
37081010602,3886,3659,227
37081010701,1806,1780,26
37081010702,4935,4690,245
37081010800,2825,2679,146
37081010900,1775,1737,38
37081011000,4958,4671,287
37081011101,4173,4054,119
37081011102,2771,2771,0
37081011200,5134,5117,17
37081011300,3415,3240,175
37081011400,5177,4772,405
37081011500,2188,1981,207
37081011601,2510,2114,396
37081011602,3398,2446,952
37081011904,4782,4634,148
37081011905,4509,4057,452
37081012503,4595,4406,189
37081012504,3508,2885,623
37081012505,4581,4389,192
37081012508,3417,3365,52
37081012509,2376,2333,43
37081012510,3107,3063,44
37081012511,4980,4839,141
37081012601,5906,4848,1058
37081012604,5212,4754,458
37081012607,2357,1780,577
37081012608,2914,1515,1399
37081012609,8337,7097,1240
37081012610,3369,2956,413
37081012611,3859,3216,643
37081012612,6997,6341,656
37081012617,3431,2951,480
37081012703,4444,4369,75
37081012704,3823,3246,577
37081012705,3448,3425,23
37081012706,3614,3454,160
37081012707,2468,2032,436
37081012803,8269,7592,677
37081012804,4275,4038,237
37081012805,3304,3284,20
37081013601,2472,2401,71
37081013602,3679,3393,286
37081013700,3961,3781,180
37081013800,4664,3944,720
37081013900,4651,4253,398
37081014000,3626,2678,948
37081014200,4153,3885,268
37081014300,3159,2236,923
37081014406,2369,2194,175
37081014407,6346,5706,640
37081014408,2370,1743,627
37081014409,2789,2600,189
37081014410,3665,3391,274
37081014411,5424,4789,635
37081014412,2737,2474,263
37081014501,1460,1039,421
37081014502,4676,4063,613
37081014503,3849,3370,479
37081015100,4075,3754,321
37081015200,8918,8625,293
37081015300,8709,8315,394
37081015401,5693,5505,188
37081015402,8621,7338,1283
37081015500,6887,6415,472
37081015600,9970,9180,790
37081015703,6340,5875,465
37081015704,6357,6141,216
37081015705,3257,3090,167
37081015706,5848,5692,156
37081015707,6715,6540,175
37081015800,8137,7917,220
37081015901,5399,5220,179
37081015902,3975,3888,87
37081016003,4401,4130,271
37081016005,1791,1755,36
37081016006,4260,3962,298
37081016007,4873,4722,151
37081016008,7016,6724,292
37081016009,3900,3681,219
37081016010,2769,2380,389
37081016011,6394,6049,345
37081016101,5012,4879,133
37081016102,4414,4069,345
37081016103,4988,4441,547
37081016201,5903,5483,420
37081016203,4190,4063,127
37081016204,3454,3391,63
37081016205,4032,3918,114
37081016303,3469,3335,134
37081016304,3767,3419,348
37081016305,3375,3314,61
37081016306,4944,4728,216
37081016405,1822,1701,121
37081016406,3550,3266,284
37081016407,5022,4839,183
37081016408,1971,1930,41
37081016409,2475,2414,61
37081016410,6431,5697,734
37081016502,5720,5354,366
37081016503,4721,4692,29
37081016505,5675,5553,122
37081016506,4709,4556,153
37081016600,2576,2340,236
37081016701,5678,4897,781
37081016702,3166,2845,321
37081016800,6613,5953,660
37081016900,4266,4180,86
37081017000,4560,4372,188
37081017100,6823,6605,218
37081017200,7200,6752,448
37081980100,0,0,0
37083930100,3207,3186,21
37083930200,5100,4910,190
37083930300,4973,4700,273
37083930400,3605,3359,246
37083930501,3789,3705,84
37083930502,5331,5174,157
37083930600,4229,4172,57
37083930700,3872,3823,49
37083930800,5648,5478,170
37083930900,5239,5239,0
37083931000,3228,3205,23
37083931100,4628,4528,100
37085070100,4772,4399,373
37085070200,3247,2900,347
37085070300,5365,4861,504
37085070401,4185,3543,642
37085070402,7033,6037,996
37085070500,6183,5714,469
37085070600,4504,4258,246
37085070700,5349,4918,431
37085070801,2430,1931,499
37085070802,4515,4246,269
37085070901,2969,2599,370
37085070902,2847,2339,508
37085070903,2622,2021,601
37085070904,3417,2943,474
37085071001,5238,4724,514
37085071002,3389,2906,483
37085071101,3699,3152,547
37085071102,4738,4442,296
37085071201,2672,2324,348
37085071202,4954,4081,873
37085071203,2625,2385,240
37085071204,6000,5450,550
37085071301,3602,3049,553
37085071302,5592,5055,537
37085071303,9836,8956,880
37085071401,4519,4105,414
37085071402,10318,8247,2071
37087920101,3721,3597,124
37087920102,3540,3505,35
37087920200,6162,5724,438
37087920300,3193,3134,59
37087920400,2026,1909,117
37087920500,6245,5901,344
37087920600,4968,4842,126
37087920700,3660,3571,89
37087920800,3079,3006,73
37087920900,2063,1819,244
37087921000,3379,3316,63
37087921100,2693,2663,30
37087921200,4996,4900,96
37087921301,4732,4573,159
37087921302,5120,4964,156
37087980100,0,0,0
37089930100,4656,4034,622
37089930200,7546,6083,1463
37089930300,6616,5489,1127
37089930401,2727,2066,661
37089930402,2793,2159,634
37089930501,5089,4467,622
37089930502,4928,4846,82
37089930600,5078,4781,297
37089930701,3688,3658,30
37089930702,4867,4792,75
37089930703,5687,5608,79
37089930800,5619,5418,201
37089930900,3212,2739,473
37089931000,5737,4431,1306
37089931100,2357,2081,276
37089931200,2321,2064,257
37089931300,3596,2887,709
37089931400,4110,3189,921
37089931500,3710,3692,18
37089931600,4478,4324,154
37089931700,3042,2755,287
37089931801,3524,3461,63
37089931802,4573,4258,315
37089931901,3446,3406,40
37089931902,3041,2997,44
37089932000,4464,4414,50
37089980100,0,0,0
37091950100,6762,6650,112
37091950200,6321,6030,291
37091950300,3822,3631,191
37091950401,3269,3240,29
37091950402,4111,3927,184
37093970101,9447,7887,1560
37093970102,12351,10575,1776
37093970103,8292,7137,1155
37093970201,5148,4837,311
37093970202,3955,3426,529
37093970300,5545,5211,334
37093970401,3625,3508,117
37093970402,3490,2731,759
37093980100,0,0,0
37095920100,5629,5303,326
37095990100,0,0,0
37095990200,0,0,0
37097060100,5305,4701,604
37097060200,2391,1933,458
37097060300,2280,1960,320
37097060400,4280,3607,673
37097060500,4279,3778,501
37097060601,4916,4547,369
37097060602,2061,1979,82
37097060603,1774,1452,322
37097060701,2859,2290,569
37097060702,4410,4166,244
37097060703,3116,2986,130
37097060801,3463,3026,437
37097060802,3492,3182,310
37097060901,3840,3708,132
37097060902,3832,3739,93
37097061001,4118,3867,251
37097061002,4714,4228,486
37097061003,4323,3739,584
37097061101,2859,2771,88
37097061102,3272,3060,212
37097061103,3032,2978,54
37097061104,2368,2233,135
37097061201,3582,3365,217
37097061202,4814,4704,110
37097061203,4665,4209,456
37097061204,3260,3216,44
37097061205,3847,3822,25
37097061301,2696,2483,213
37097061302,4340,4226,114
37097061303,4626,4430,196
37097061304,5056,4631,425
37097061401,4430,4263,167
37097061402,5456,5231,225
37097061403,3214,3113,101
37097061404,2230,2182,48
37097061405,3434,3151,283
37097061406,4656,4471,185
37097061407,3987,3972,15
37097061408,3870,3809,61
37097061501,3530,3327,203
37097061502,3886,3630,256
37097061503,3875,3792,83
37097061601,4079,2889,1190
37097061602,6976,6517,459
37099940200,6285,6050,235
37099950200,1735,1714,21
37099950300,5239,5091,148
37099950400,4551,4365,186
37099950500,5774,5494,280
37099950600,9803,9056,747
37099950700,2879,2672,207
37099950800,2358,2073,285
37099950900,2603,2492,111
37101040100,6491,5793,698
37101040201,5981,4755,1226
37101040202,6972,5752,1220
37101040203,15629,14671,958
37101040301,3965,2860,1105
37101040302,6164,4169,1995
37101040400,4575,3766,809
37101040500,6538,6266,272
37101040600,3720,3031,689
37101040700,3277,3119,158
37101040800,3673,3016,657
37101040901,11874,10041,1833
37101040902,7141,6302,839
37101041001,8425,7306,1119
37101041002,8868,8335,533
37101041101,8217,7296,921
37101041102,11264,10639,625
37101041103,13272,12089,1183
37101041201,3890,3059,831
37101041202,5742,4006,1736
37101041300,5937,5118,819
37101041400,7023,5669,1354
37101041501,7323,6976,347
37101041502,7792,6835,957
37101041503,8402,7462,940
37103920100,3775,3694,81
37103920200,2915,2715,200
37103920300,3384,3243,141
37105030101,4178,3647,531
37105030102,6024,5477,547
37105030200,4071,1918,2153
37105030300,3290,2704,586
37105030401,3571,2360,1211
37105030402,7044,4533,2511
37105030501,3887,3467,420
37105030502,2349,1556,793
37105030503,6783,5647,1136
37105030601,3338,3329,9
37105030602,5180,4740,440
37105030701,5548,4932,616
37105030702,4277,3812,465
37107010100,4287,4099,188
37107010200,2773,2773,0
37107010300,1654,1636,18
37107010400,682,625,57
37107010500,3717,3433,284
37107010600,3409,3378,31
37107010700,2313,2182,131
37107010800,5340,4960,380
37107010900,3467,3131,336
37107011001,4674,4518,156
37107011002,3934,3626,308
37107011100,5091,4906,185
37107011200,7823,6440,1383
37107011300,4969,4453,516
37107011400,4210,3956,254
37109070100,4461,3883,578
37109070201,4798,3641,1157
37109070202,3321,3177,144
37109070300,4151,3463,688
37109070400,6227,5773,454
37109070500,4765,4679,86
37109070600,4360,4060,300
37109070700,3310,3298,12
37109070800,6257,5548,709
37109070901,3105,3026,79
37109070902,6616,6136,480
37109071001,5190,4925,265
37109071002,2590,2584,6
37109071101,5691,5404,287
37109071102,5297,5230,67
37109071201,1892,1833,59
37109071202,3506,3362,144
37109071203,4246,4133,113
37111970100,5214,4745,469
37111970200,4879,4616,263
37111970300,3229,2886,343
37111970400,3186,2507,679
37111970500,4411,4055,356
37111970600,3725,3608,117
37111970700,4696,4433,263
37111970800,3824,3824,0
37111970901,6906,6862,44
37111970902,4943,4858,85
37113970100,2640,2534,106
37113970200,3506,3449,57
37113970301,4064,3259,805
37113970302,4264,4005,259
37113970400,3836,3709,127
37113970501,1412,1399,13
37113970502,2214,2145,69
37113970600,5705,5297,408
37113970700,6350,5948,402
37115010100,2886,2853,33
37115010200,2321,2250,71
37115010400,1521,1521,0
37115010500,4637,4548,89
37115010600,6437,6332,105
37115010700,3328,3117,211
37117970100,4428,4204,224
37117970200,3721,3617,104
37117970300,4023,3874,149
37117970400,2533,2465,68
37117970500,5730,5596,134
37117970600,3075,2930,145
37119000100,4931,4532,399
37119000300,645,641,4
37119000400,2640,2561,79
37119000500,4982,4598,384
37119000600,2872,2781,91
37119000700,813,767,46
37119000800,2892,2868,24
37119000900,1768,1702,66
37119001000,2563,2545,18
37119001100,2269,2216,53
37119001200,5262,4431,831
37119001300,3779,3472,307
37119001400,2571,2278,293
37119001504,7461,5253,2208
37119001505,3563,2600,963
37119001507,4169,2498,1671
37119001508,6208,4864,1344
37119001509,3217,2478,739
37119001510,2935,2610,325
37119001603,4424,3435,989
37119001605,1911,1250,661
37119001606,4489,2998,1491
37119001607,2836,1783,1053
37119001608,3968,2363,1605
37119001609,3134,2244,890
37119001701,4277,3632,645
37119001702,5505,3858,1647
37119001801,1347,1181,166
37119001802,3024,2906,118
37119001910,5802,3376,2426
37119001911,6139,4829,1310
37119001912,7064,4259,2805
37119001914,3740,2353,1387
37119001915,6452,5074,1378
37119001916,3695,2897,798
37119001917,4547,3058,1489
37119001918,4208,3429,779
37119001919,4326,3281,1045
37119001920,4923,3642,1281
37119001921,2410,1806,604
37119001922,4855,3882,973
37119001923,4454,3271,1183
37119002002,6565,6296,269
37119002003,5736,5450,286
37119002004,4854,4299,555
37119002100,2795,2463,332
37119002200,4997,4875,122
37119002300,2938,2850,88
37119002400,3096,3068,28
37119002500,1812,1739,73
37119002600,905,860,45
37119002701,2230,2158,72
37119002702,5931,5822,109
37119002800,3849,3829,20
37119002903,3739,3640,99
37119002904,6686,6370,316
37119002905,3140,3013,127
37119002906,4531,4481,50
37119003006,4445,4360,85
37119003007,7422,7201,221
37119003008,5528,5081,447
37119003011,6497,6035,462
37119003012,4685,3824,861
37119003013,5268,4962,306
37119003015,4533,4245,288
37119003016,4788,4560,228
37119003017,3581,3485,96
37119003018,2831,2621,210
37119003102,4910,3981,929
37119003103,4562,4124,438
37119003105,3652,3491,161
37119003106,3419,2230,1189
37119003108,3406,2136,1270
37119003109,4298,2466,1832
37119003201,2461,1480,981
37119003203,2698,1937,761
37119003204,3585,3449,136
37119003300,3024,2782,242
37119003400,5021,4907,114
37119003500,2483,2411,72
37119003600,4141,3736,405
37119003700,3186,3161,25
37119003802,3729,3444,285
37119003805,2293,2192,101
37119003806,9592,6779,2813
37119003807,4906,3083,1823
37119003808,5820,1748,4072
37119003902,5153,4970,183
37119003903,1706,1528,178
37119004000,4606,4400,206
37119004100,3334,3285,49
37119004200,3275,3215,60
37119004302,4978,4627,351
37119004303,2851,2241,610
37119004304,3898,3549,349
37119004305,5919,4734,1185
37119004400,4513,4135,378
37119004500,3146,3112,34
37119004600,3270,3270,0
37119004700,1899,1822,77
37119004800,3370,3157,213
37119004900,580,576,4
37119005000,1885,1883,2
37119005100,2510,2487,23
37119005200,2264,2137,127
37119005301,4439,3090,1349
37119005305,5153,4086,1067
37119005306,2120,1436,684
37119005307,3376,2377,999
37119005308,2844,1502,1342
37119005401,7176,6549,627
37119005403,4367,3598,769
37119005404,4718,4288,430
37119005508,4302,4043,259
37119005509,5748,4929,819
37119005510,5556,4427,1129
37119005511,4311,3942,369
37119005512,5244,4689,555
37119005513,4217,3954,263
37119005514,6871,6456,415
37119005515,2392,2259,133
37119005516,1853,1788,65
37119005517,4405,4113,292
37119005518,5595,5079,516
37119005519,4985,4540,445
37119005520,4696,4100,596
37119005521,7967,7384,583
37119005522,4546,4505,41
37119005523,5007,4803,204
37119005524,9027,8153,874
37119005604,5535,5227,308
37119005605,6067,5758,309
37119005609,3884,3603,281
37119005610,3676,3457,219
37119005611,2809,2511,298
37119005612,4557,3888,669
37119005613,2595,2175,420
37119005614,6911,5815,1096
37119005615,1424,1285,139
37119005616,1774,1156,618
37119005617,1962,1778,184
37119005618,3569,3466,103
37119005619,4605,3974,631
37119005620,7523,6059,1464
37119005621,4148,3771,377
37119005706,7404,5990,1414
37119005709,3922,3748,174
37119005710,4667,3787,880
37119005711,6275,6148,127
37119005712,4023,3743,280
37119005713,4144,3887,257
37119005714,5015,4851,164
37119005715,2773,2641,132
37119005716,4460,3328,1132
37119005717,7003,6012,991
37119005811,4241,4001,240
37119005812,6736,6317,419
37119005815,3642,3389,253
37119005816,4275,4111,164
37119005817,4288,3933,355
37119005823,8113,7782,331
37119005824,3729,2368,1361
37119005825,4984,4199,785
37119005826,2793,2196,597
37119005827,2952,2131,821
37119005828,4036,3983,53
37119005829,2285,1953,332
37119005830,3871,3228,643
37119005831,5057,4845,212
37119005832,2847,2630,217
37119005833,5190,5124,66
37119005834,4479,4225,254
37119005835,2969,2867,102
37119005836,3873,3180,693
37119005837,7239,6480,759
37119005838,8177,7675,502
37119005839,2775,2639,136
37119005840,2209,2078,131
37119005841,6295,5754,541
37119005842,6436,6059,377
37119005843,3076,2838,238
37119005844,8298,7946,352
37119005845,4531,4369,162
37119005846,3911,3877,34
37119005847,4555,4300,255
37119005848,5754,5535,219
37119005906,4355,3298,1057
37119005907,5235,4523,712
37119005908,1553,1553,0
37119005909,8276,7043,1233
37119005910,5685,4433,1252
37119005911,5577,5077,500
37119005912,5261,4106,1155
37119005913,6810,5064,1746
37119005914,6557,5174,1383
37119005915,2045,1718,327
37119005916,2691,2000,691
37119005917,5907,4905,1002
37119005918,3735,2674,1061
37119006005,3054,2724,330
37119006006,7410,5672,1738
37119006007,7301,6772,529
37119006008,3803,3727,76
37119006009,2847,2808,39
37119006010,6791,5906,885
37119006103,3804,3558,246
37119006104,9462,9011,451
37119006105,3010,2650,360
37119006106,4070,3763,307
37119006107,5278,4502,776
37119006108,4705,4205,500
37119006109,4609,4118,491
37119006203,5056,5018,38
37119006204,7326,7012,314
37119006208,3045,2790,255
37119006209,4242,4063,179
37119006210,4393,4322,71
37119006211,6222,6108,114
37119006212,3487,3264,223
37119006213,6036,5969,67
37119006214,4131,3990,141
37119006215,4559,3676,883
37119006302,7742,7105,637
37119006303,5469,5198,271
37119006304,6518,6026,492
37119006403,5876,5189,687
37119006404,5489,5027,462
37119006405,3926,3770,156
37119006406,6417,5959,458
37119006407,3958,3776,182
37119980100,0,0,0
37119980200,0,0,0
37119980300,0,0,0
37121950100,2464,2451,13
37121950200,3834,3731,103
37121950300,4559,4179,380
37121950400,4406,4183,223
37123960100,6852,4531,2321
37123960200,6959,6912,47
37123960300,3985,3900,85
37123960401,2063,2062,1
37123960402,2517,2224,293
37123960500,5099,3702,1397
37125950100,3128,2890,238
37125950200,7502,5676,1826
37125950301,5630,5220,410
37125950302,5178,5109,69
37125950401,3657,3521,136
37125950402,4849,4764,85
37125950501,6535,6101,434
37125950502,7817,7344,473
37125950601,3680,3644,36
37125950602,6919,6357,562
37125950701,4878,4755,123
37125950702,2429,2378,51
37125950801,4464,4370,94
37125950802,3693,3631,62
37125950900,2228,2010,218
37125951000,5809,5739,70
37125951100,9175,8752,423
37125951200,5499,5023,476
37127010200,4977,4882,95
37127010300,5867,5676,191
37127010400,2846,2768,78
37127010502,7202,6779,423
37127010503,3045,2729,316
37127010504,6326,6203,123
37127010601,2591,2467,124
37127010602,6028,5389,639
37127010700,2763,2690,73
37127010800,7002,6912,90
37127010900,5511,5354,157
37127011000,4705,4382,323
37127011101,5999,5745,254
37127011102,7577,7502,75
37127011200,6589,6332,257
37127011300,5137,3892,1245
37127011400,4344,3395,949
37127011500,5876,5125,751
37129010100,2245,2173,72
37129010200,3644,3336,308
37129010300,5703,5594,109
37129010400,2857,2806,51
37129010501,4440,3459,981
37129010502,8472,8144,328
37129010600,4196,4185,11
37129010700,4409,4239,170
37129010800,2699,1666,1033
37129010900,2256,2106,150
37129011000,2414,2325,89
37129011100,2419,2397,22
37129011200,2472,2444,28
37129011300,1758,1656,102
37129011400,1681,1591,90
37129011500,8450,7483,967
37129011603,7499,7418,81
37129011605,5382,4720,662
37129011606,4809,4233,576
37129011607,11571,10975,596
37129011608,5993,5993,0
37129011701,5065,4806,259
37129011703,4132,4132,0
37129011705,8158,8076,82
37129011800,2546,2527,19
37129011902,6159,5555,604
37129011903,9092,8688,404
37129011904,2253,2241,12
37129012001,6776,5832,944
37129012004,3633,3608,25
37129012006,4184,4102,82
37129012007,4096,3851,245
37129012008,5514,5176,338
37129012009,7038,6860,178
37129012010,5155,5050,105
37129012101,8561,7938,623
37129012103,4310,4183,127
37129012104,6322,6033,289
37129012105,11838,11512,326
37129012201,2719,2664,55
37129012202,3329,3250,79
37129012203,2335,2298,37
37129012300,7846,7531,315
37129980100,0,0,0
37129990100,0,0,0
37131920100,4800,4661,139
37131920200,4176,4125,51
37131920300,5787,5746,41
37131920401,4452,4280,172
37131920402,1413,1403,10
37133000102,9426,8860,566
37133000103,5618,5273,345
37133000201,11805,9814,1991
37133000202,9906,8721,1185
37133000301,6072,5739,333
37133000302,9749,8889,860
37133000401,5895,5409,486
37133000402,7019,6511,508
37133000403,1562,1523,39
37133000500,1029,796,233
37133000600,6999,5766,1233
37133000700,7745,6731,1014
37133000800,1131,1005,126
37133000900,6263,5032,1231
37133001000,3662,3032,630
37133001101,5447,5039,408
37133001102,3697,3486,211
37133001200,10464,9806,658
37133001300,15949,13549,2400
37133001400,5290,4694,596
37133001500,2837,2290,547
37133001700,2599,2241,358
37133001800,1986,1784,202
37133002100,6992,6197,795
37133002201,4970,4277,693
37133002202,4673,3807,866
37133002300,4120,3627,493
37133002400,6496,5433,1063
37133002500,3502,3002,500
37133002600,3770,3476,294
37133002800,9082,8038,1044
37133990100,0,0,0
37135010701,2249,2004,245
37135010703,6503,5051,1452
37135010704,5651,4996,655
37135010705,4978,4505,473
37135010706,3579,3474,105
37135010801,4867,4655,212
37135010802,4620,4444,176
37135010901,5575,4926,649
37135010902,4896,3841,1055
37135011000,7644,7242,402
37135011101,8596,7822,774
37135011102,5806,5208,598
37135011202,7762,7228,534
37135011203,5771,5548,223
37135011204,3448,2896,552
37135011205,7420,6860,560
37135011300,3109,3050,59
37135011400,4067,3863,204
37135011500,2066,1917,149
37135011601,2255,2042,213
37135011602,5976,5440,536
37135011700,4878,4756,122
37135011800,3565,3322,243
37135011901,5056,4670,386
37135011902,3776,3597,179
37135012100,7890,7683,207
37135012201,2572,2436,136
37135012202,5232,4786,446
37137950101,3213,3056,157
37137950102,3624,3468,156
37137950201,3672,3532,140
37137950202,2383,2383,0
37137990100,0,0,0
37139960100,1553,1387,166
37139960200,4549,4516,33
37139960300,2935,2736,199
37139960400,4065,3693,372
37139960501,3112,3087,25
37139960502,4585,4393,192
37139960503,2933,2854,79
37139960600,6843,6719,124
37139960701,6297,5662,635
37139960702,3037,2998,39
37141920101,354,354,0
37141920102,1204,1139,65
37141920103,5408,5264,144
37141920201,5933,5819,114
37141920202,7484,7320,164
37141920203,4926,4690,236
37141920204,2217,2200,17
37141920300,3865,3715,150
37141920401,2381,2183,198
37141920402,3426,3230,196
37141920403,3529,3135,394
37141920501,4710,4258,452
37141920502,1713,1656,57
37141920601,3529,2468,1061
37141920602,5679,5302,377
37141990100,0,0,0
37143920100,6405,6339,66
37143920201,3036,2889,147
37143920202,4029,3913,116
37145920100,6817,6768,49
37145920200,6564,6220,344
37145920300,6029,5668,361
37145920400,2829,2681,148
37145920500,7339,7141,198
37145920601,5250,4830,420
37145920602,4368,4283,85
37147000100,5019,4841,178
37147000201,5230,5125,105
37147000202,2862,2404,458
37147000301,2658,2493,165
37147000302,8850,8503,347
37147000400,6434,6172,262
37147000501,6081,5813,268
37147000502,8405,7981,424
37147000601,7810,7438,372
37147000602,5646,5526,120
37147000603,10381,9856,525
37147000701,3956,3819,137
37147000702,2879,2765,114
37147000800,3780,3183,597
37147000900,7684,6992,692
37147001001,2432,2149,283
37147001002,6562,5915,647
37147001003,5598,5511,87
37147001100,5376,4865,511
37147001200,6485,5561,924
37147001301,4054,3977,77
37147001302,5270,5075,195
37147001303,8270,7869,401
37147001401,4660,4621,39
37147001402,2510,2249,261
37147001500,3471,3324,147
37147001600,8297,7968,329
37147001700,3942,3610,332
37147001800,6097,5994,103
37147001900,2630,2536,94
37147002001,6785,5678,1107
37147002002,5036,4962,74
37149920101,3322,2985,337
37149920103,2836,2717,119
37149920104,3430,3065,365
37149920200,4703,4603,100
37149920301,1258,1235,23
37149920303,2095,2023,72
37149920304,2680,2547,133
37151030100,4921,3952,969
37151030201,3304,2820,484
37151030202,4877,3638,1239
37151030301,6634,4237,2397
37151030302,2828,2435,393
37151030400,4162,2744,1418
37151030502,4000,3682,318
37151030503,5343,5111,232
37151030504,5988,5873,115
37151030600,7180,6347,833
37151030700,5955,5807,148
37151030801,7249,6555,694
37151030802,6519,5917,602
37151030900,4196,4060,136
37151031000,7236,6062,1174
37151031100,6575,5988,587
37151031200,4735,4212,523
37151031303,4205,4191,14
37151031304,4693,4456,237
37151031305,3836,3806,30
37151031306,6454,5876,578
37151031400,8444,7020,1424
37151031501,5900,5722,178
37151031503,3260,3135,125
37151031504,5034,4938,96
37151031505,3541,3407,134
37151031601,4079,3829,250
37151031602,1440,1300,140
37153970100,4411,3550,861
37153970200,4721,4163,558
37153970300,4363,4242,121
37153970400,4019,3965,54
37153970500,2658,2491,167
37153970600,3824,3365,459
37153970700,2853,2491,362
37153970800,5269,5122,147
37153970900,5125,5099,26
37153971000,4047,4017,30
37153971100,4420,4409,11
37155960101,3998,3123,875
37155960102,4551,4100,451
37155960201,5769,5157,612
37155960202,4651,3496,1155
37155960300,6713,5664,1049
37155960401,7676,7582,94
37155960402,3426,3206,220
37155960501,3566,3538,28
37155960502,5024,4867,157
37155960503,1942,1913,29
37155960600,6618,6224,394
37155960701,5935,4461,1474
37155960702,3274,2964,310
37155960801,4535,4356,179
37155960802,1859,1795,64
37155960900,1826,1627,199
37155961000,2244,2045,199
37155961100,2078,1801,277
37155961200,3088,2993,95
37155961301,4650,4360,290
37155961302,5907,4697,1210
37155961400,4261,3673,588
37155961500,5525,5134,391
37155961601,3824,3549,275
37155961602,3687,3620,67
37155961700,5261,5102,159
37155961801,5461,5461,0
37155961802,5071,4986,85
37155961900,5195,4948,247
37155962001,4026,4026,0
37155962002,2935,2895,40
37157040101,3926,3721,205
37157040102,2708,2675,33
37157040200,3801,3066,735
37157040300,3558,3232,326
37157040400,6461,6211,250
37157040501,3174,3050,124
37157040502,2777,2621,156
37157040601,4064,3698,366
37157040602,4724,3819,905
37157040700,4254,4229,25
37157040800,1756,1727,29
37157040900,2938,2888,50
37157041001,5792,5562,230
37157041002,5840,5511,329
37157041100,6454,6321,133
37157041200,6058,5916,142
37157041300,6305,5713,592
37157041400,2926,2682,244
37157041500,6114,5946,168
37157041601,3246,3184,62
37157041602,5022,4707,315
37159050201,4314,4104,210
37159050202,4609,4389,220
37159050300,3615,3349,266
37159050400,3028,2726,302
37159050500,3606,3531,75
37159050700,3166,2805,361
37159050800,3041,2796,245
37159050901,4255,4208,47
37159050903,5518,5281,237
37159050904,2474,2474,0
37159051001,6718,6636,82
37159051002,5263,5092,171
37159051101,6643,6614,29
37159051102,4113,3349,764
37159051201,7337,6373,964
37159051202,3556,2678,878
37159051204,3745,2892,853
37159051301,2068,1932,136
37159051302,4767,4584,183
37159051303,5595,4965,630
37159051400,7284,6305,979
37159051501,3450,2701,749
37159051502,3137,2777,360
37159051600,6812,6443,369
37159051700,8102,7268,834
37159051801,5079,4761,318
37159051802,4360,4258,102
37159051901,4556,4069,487
37159051902,6319,6079,240
37159052000,2164,2064,100
37161960100,6447,6359,88
37161960200,7638,7568,70
37161960300,2431,2427,4
37161960400,3477,3477,0
37161960500,7139,6723,416
37161960600,4100,3950,150
37161960700,3897,3703,194
37161960800,4733,4069,664
37161960900,5176,4921,255
37161961000,7226,7191,35
37161961101,6675,6153,522
37161961102,2912,2799,113
37161961200,4850,4681,169
37163970100,7396,5622,1774
37163970200,6462,5205,1257
37163970301,6305,5599,706
37163970302,5534,4542,992
37163970400,5043,4675,368
37163970500,6135,5733,402
37163970600,4275,3967,308
37163970700,7183,5582,1601
37163970800,7321,4857,2464
37163970900,3172,2583,589
37163971000,4887,3721,1166
37165010101,3420,3259,161
37165010102,4964,4790,174
37165010200,4233,4134,99
37165010300,4359,4258,101
37165010400,4749,4573,176
37165010500,6963,6916,47
37165010600,7023,6804,219
37167930101,4279,4167,112
37167930102,3723,3707,16
37167930200,4438,4319,119
37167930300,4249,4052,197
37167930500,3527,3302,225
37167930700,4858,4566,292
37167930801,4334,4195,139
37167930802,4725,4414,311
37167930900,6173,5752,421
37167931000,5446,5395,51
37167931100,5913,5859,54
37167931201,5965,5615,350
37167931202,2980,2922,58
37169070100,6212,5905,307
37169070200,3374,3226,148
37169070300,4691,4682,9
37169070400,5385,5099,286
37169070501,6845,6663,182
37169070503,6067,6001,66
37169070504,3463,3304,159
37169070600,5006,4970,36
37169070700,5410,5304,106
37171930101,2044,1845,199
37171930102,4510,4128,382
37171930201,3492,3408,84
37171930202,3414,3026,388
37171930301,2141,1863,278
37171930302,3538,3249,289
37171930400,2728,2328,400
37171930501,2940,2649,291
37171930502,3245,3189,56
37171930600,3455,2990,465
37171930700,4181,4092,89
37171930801,4786,4729,57
37171930802,3243,2993,250
37171930901,4538,3759,779
37171930902,1552,1477,75
37171931001,2337,2044,293
37171931002,4752,3891,861
37171931003,3524,2114,1410
37171931101,2965,2620,345
37171931102,3502,3348,154
37171931103,1856,1818,38
37171931200,4024,3985,39
37173940100,5391,4909,482
37173960200,2885,2821,64
37173960301,3230,3204,26
37173960302,2728,2627,101
37173980200,0,0,0
37175960100,4765,4516,249
37175960200,4745,4681,64
37175960300,7875,7470,405
37175960401,3966,3898,68
37175960402,4048,3994,54
37175960500,5334,5150,184
37175960600,2329,2329,0
37177960100,4128,3704,424
37179020100,6574,6426,148
37179020202,6588,6490,98
37179020203,4127,3947,180
37179020204,4206,4109,97
37179020305,5528,5178,350
37179020306,7481,5865,1616
37179020307,6770,6046,724
37179020308,5930,5477,453
37179020309,2354,2253,101
37179020310,6013,5408,605
37179020311,6573,6232,341
37179020312,4542,3683,859
37179020313,2400,2097,303
37179020314,4851,4441,410
37179020315,4972,4823,149
37179020316,4435,4350,85
37179020317,6020,5439,581
37179020401,5895,5166,729
37179020403,4947,4416,531
37179020404,7133,4286,2847
37179020501,5229,3745,1484
37179020502,4076,3348,728
37179020601,4790,2959,1831
37179020602,4574,2981,1593
37179020701,5910,4411,1499
37179020702,4360,3811,549
37179020800,5664,5335,329
37179020901,5108,4768,340
37179020902,6214,6098,116
37179021004,5131,4901,230
37179021005,4481,4330,151
37179021006,5937,5738,199
37179021007,6670,6260,410
37179021008,8676,7906,770
37179021009,2900,2633,267
37179021010,7550,7136,414
37179021011,6443,6238,205
37179021012,4432,4130,302
37179021013,4831,4351,480
37179021014,2638,2524,114
37179021015,4661,4486,175
37181960100,4239,3803,436
37181960200,4267,4218,49
37181960300,5204,5032,172
37181960400,4323,4313,10
37181960500,4853,4686,167
37181960600,1275,1053,222
37181960700,3707,3707,0
37181960800,1957,1719,238
37181960900,8709,7215,1494
37181961000,5974,5583,391
37183050100,3585,3417,168
37183050300,2734,2712,22
37183050400,1884,1865,19
37183050500,3721,3474,247
37183050600,3992,3909,83
37183050700,3664,3270,394
37183050800,4358,3657,701
37183050900,3001,2732,269
37183051000,2351,2161,190
37183051101,5492,5286,206
37183051102,4584,4474,110
37183051200,4181,4051,130
37183051400,4749,4647,102
37183051501,3179,3155,24
37183051502,2492,2445,47
37183051600,4780,4756,24
37183051700,3187,3114,73
37183051800,4896,4799,97
37183051900,5242,4789,453
37183052001,4302,3045,1257
37183052002,5351,4610,741
37183052101,7250,6548,702
37183052102,6361,5342,1019
37183052301,6486,6314,172
37183052302,8573,8229,344
37183052401,4953,4572,381
37183052404,4547,4352,195
37183052406,7202,5937,1265
37183052407,4209,3602,607
37183052408,2972,2730,242
37183052409,4556,3770,786
37183052503,6830,6422,408
37183052504,6025,4964,1061
37183052505,5478,4582,896
37183052506,2490,2387,103
37183052507,2968,2574,394
37183052601,3086,3085,1
37183052602,4628,4493,135
37183052603,2530,2474,56
37183052701,6062,4233,1829
37183052704,7421,4686,2735
37183052705,4443,3469,974
37183052706,4364,2855,1509
37183052707,6890,5395,1495
37183052801,7140,7109,31
37183052802,6469,5050,1419
37183052803,10217,8805,1412
37183052806,16589,13658,2931
37183052807,5743,4972,771
37183052808,9673,8518,1155
37183052809,3222,2800,422
37183052901,2871,2699,172
37183052902,5860,5432,428
37183052903,2632,2465,167
37183052904,7489,6943,546
37183053003,6545,6408,137
37183053004,2788,2735,53
37183053005,4978,4906,72
37183053006,3098,2893,205
37183053007,2886,2852,34
37183053008,8434,7993,441
37183053009,7750,5804,1946
37183053105,3923,3489,434
37183053106,3357,2812,545
37183053107,10240,9332,908
37183053108,7504,6960,544
37183053109,8410,7195,1215
37183053110,5938,5014,924
37183053111,6262,5121,1141
37183053201,11660,10811,849
37183053202,4652,4539,113
37183053203,8163,7825,338
37183053204,4661,4370,291
37183053205,2546,2462,84
37183053206,4733,4577,156
37183053207,8458,7936,522
37183053405,4811,4672,139
37183053408,4219,4103,116
37183053409,6986,6658,328
37183053410,5981,5771,210
37183053411,8281,8033,248
37183053412,6810,6230,580
37183053413,6486,6167,319
37183053414,9294,8496,798
37183053415,3388,3231,157
37183053416,6915,6770,145
37183053417,2908,2560,348
37183053418,6311,5453,858
37183053419,3064,3023,41
37183053420,6915,5639,1276
37183053421,5526,4991,535
37183053422,2553,2493,60
37183053423,2122,2025,97
37183053424,4599,4466,133
37183053425,3053,2915,138
37183053505,3639,3566,73
37183053506,5449,5103,346
37183053507,3914,3344,570
37183053509,5334,4942,392
37183053512,6388,6048,340
37183053513,4149,3486,663
37183053516,3571,2660,911
37183053517,5599,2879,2720
37183053518,3630,3509,121
37183053519,5009,3961,1048
37183053520,6297,5522,775
37183053521,3662,3462,200
37183053522,5700,5583,117
37183053523,5601,5443,158
37183053524,3703,3587,116
37183053525,2766,2462,304
37183053601,9996,9305,691
37183053602,5977,5674,303
37183053603,4196,3996,200
37183053604,4557,4446,111
37183053605,1855,1832,23
37183053606,2465,2407,58
37183053607,8803,8275,528
37183053608,3976,3816,160
37183053609,858,789,69
37183053610,9959,9090,869
37183053707,6286,6216,70
37183053709,7179,6641,538
37183053711,5613,5204,409
37183053712,2800,2677,123
37183053713,4011,3494,517
37183053714,4558,4454,104
37183053715,3399,3306,93
37183053716,3506,3325,181
37183053717,3362,3200,162
37183053718,3320,3031,289
37183053719,4012,3823,189
37183053720,4084,3855,229
37183053721,3588,3557,31
37183053722,4744,4597,147
37183053723,3406,3058,348
37183053724,6562,6116,446
37183053725,5086,4902,184
37183053726,3226,3100,126
37183053803,3881,3718,163
37183053804,3292,3059,233
37183053805,2056,2028,28
37183053806,3047,3010,37
37183053807,4057,3971,86
37183053808,5078,4935,143
37183053900,8589,8169,420
37183054001,4902,4461,441
37183054004,5760,4927,833
37183054006,3438,2931,507
37183054007,4285,3813,472
37183054008,7257,5208,2049
37183054011,2903,2826,77
37183054012,3873,3687,186
37183054013,13291,12758,533
37183054014,13825,10951,2874
37183054015,2869,2190,679
37183054016,5754,5618,136
37183054017,3292,2962,330
37183054018,3541,3200,341
37183054104,11184,8606,2578
37183054105,12559,11846,713
37183054106,7925,6279,1646
37183054108,7017,5047,1970
37183054109,3769,3455,314
37183054110,9434,8217,1217
37183054111,2410,2113,297
37183054112,4052,2894,1158
37183054113,2795,2316,479
37183054114,5117,4380,737
37183054115,8117,7193,924
37183054203,3757,3337,420
37183054204,5150,4939,211
37183054205,5266,5102,164
37183054206,5600,5477,123
37183054207,8972,8441,531
37183054208,7203,6836,367
37183054209,10938,10159,779
37183054210,10296,9675,621
37183054211,11855,10848,1007
37183054301,6308,5378,930
37183054302,6647,5649,998
37183054402,5564,4436,1128
37183054403,3629,2806,823
37183054404,5738,4907,831
37183054500,9320,7704,1616
37183980100,0,0,0
37183980200,7,7,0
37185950101,1833,1819,14
37185950102,1125,1083,42
37185950103,2732,2698,34
37185950200,6147,6067,80
37185950300,4458,4087,371
37185950400,4029,3777,252
37187950100,4904,4425,479
37187950200,6094,5962,132
37187950300,1505,1505,0
37189920100,5038,4986,52
37189920200,3855,3814,41
37189920300,2531,2242,289
37189920400,8893,8569,324
37189920500,7035,6800,235
37189920601,5451,5326,125
37189920602,2150,2054,96
37189920701,1979,1954,25
37189920702,3000,2977,23
37189920703,5334,4955,379
37189920800,2564,2468,96
37189920900,4337,4230,107
37189921000,578,571,7
37191000101,7147,6659,488
37191000102,6583,6370,213
37191000200,2992,2846,146
37191000302,6220,5822,398
37191000303,6871,6514,357
37191000304,5638,5418,220
37191000401,6439,5810,629
37191000402,4778,3929,849
37191000500,2429,2211,218
37191000601,4735,3826,909
37191000602,8596,4404,4192
37191000700,2822,2472,350
37191000800,2736,2347,389
37191000901,5000,4124,876
37191000902,4544,4062,482
37191001000,4730,4187,543
37191001101,7301,6849,452
37191001102,3332,3332,0
37191001200,4049,3886,163
37191001301,6499,5703,796
37191001302,3650,3486,164
37191001400,6854,6380,474
37191001500,2452,2323,129
37191001800,2487,2443,44
37191001900,4595,4451,144
37191002000,968,968,0
37193960100,7065,6706,359
37193960200,3676,3619,57
37193960300,5988,5926,62
37193960400,7628,7517,111
37193960500,3538,3009,529
37193960600,2510,2207,303
37193960700,3154,2776,378
37193960801,4488,4072,416
37193960802,4451,4268,183
37193960900,4462,4444,18
37193961001,4897,4523,374
37193961002,5543,4959,584
37193961100,3955,3552,403
37193961200,7533,7239,294
37195000100,3445,3083,362
37195000200,941,706,235
37195000300,2470,1890,580
37195000400,7901,7605,296
37195000501,3607,3586,21
37195000502,5016,4893,123
37195000600,8028,7957,71
37195000700,5451,4809,642
37195000801,1483,1268,215
37195000802,4030,2895,1135
37195000900,3894,3749,145
37195001000,1782,1551,231
37195001100,1779,1772,7
37195001200,3781,3188,593
37195001300,5354,5027,327
37195001400,9444,8526,918
37195001500,5744,4432,1312
37195001600,3539,3258,281
37195001700,3928,3393,535
37197050101,5859,5243,616
37197050102,4008,3575,433
37197050200,4277,4103,174
37197050300,6326,5850,476
37197050400,5560,5287,273
37197050501,6912,5497,1415
37197050502,4877,4254,623
37199960101,3810,3621,189
37199960102,2108,1806,302
37199960200,4209,4061,148
37199960300,3277,3100,177
37199960400,4195,4154,41
38001965600,2348,2328,20
38003967900,1658,1651,7
38003968000,2800,2714,86
38003968200,2884,2831,53
38003968300,3691,3635,56
38005940100,2530,2501,29
38005940200,2139,2021,118
38005956500,1221,1206,15
38005956600,912,908,4
38007963100,936,906,30
38009952300,2432,2359,73
38009952400,2298,2297,1
38009952500,1920,1853,67
38011965200,1930,1793,137
38011965300,1308,1291,17
38013953300,2239,2160,79
38015010100,3336,3170,166
38015010200,5081,5004,77
38015010300,6606,6558,48
38015010400,3648,3535,113
38015010500,5181,5144,37
38015010600,4680,4533,147
38015010700,4246,4197,49
38015010800,4040,4011,29
38015010900,4614,4467,147
38015011001,5458,5367,91
38015011002,6692,6625,67
38015011101,5413,5255,158
38015011103,3215,3162,53
38015011104,5688,5625,63
38015011105,4966,4874,92
38015011200,6591,6273,318
38015011300,7041,6968,73
38015011400,2520,2476,44
38015011500,1544,1525,19
38017000100,4938,4938,0
38017000201,3378,3281,97
38017000202,3237,3053,184
38017000300,5129,5033,96
38017000400,3680,3619,61
38017000501,3309,3309,0
38017000502,3286,3242,44
38017000600,5406,5168,238
38017000700,1951,1951,0
38017000801,3181,3035,146
38017000802,4854,4703,151
38017000901,5488,5360,128
38017000903,3697,3397,300
38017000904,4086,4070,16
38017001001,5652,5332,320
38017001002,2780,2684,96
38017010106,4989,4845,144
38017010107,3407,3090,317
38017010108,6244,6191,53
38017010109,4038,3855,183
38017010201,5371,5327,44
38017010203,2903,2858,45
38017010204,6660,6660,0
38017010303,6032,5864,168
38017010305,7046,6651,395
38017010306,4144,4050,94
38017010307,2235,2225,10
38017040100,2083,2074,9
38017040200,2442,2432,10
38017040300,3348,3304,44
38017040400,4124,4068,56
38017040500,34726,34213,513
38017040600,3008,2952,56
38019950900,1937,1887,50
38019951100,1930,1930,0
38021973200,2440,2311,129
38021973300,1248,1225,23
38021973400,1472,1452,20
38023954500,2369,2361,8
38025962200,4284,4162,122
38027959200,2370,2327,43
38029966500,3426,3426,0
38031959600,3345,3306,39
38033962900,1895,1861,34
38035010100,3224,2891,333
38035010200,4435,4102,333
38035010300,5548,5419,129
38035010400,5563,5357,206
38035010600,2055,2047,8
38035010700,2065,1949,116
38035010801,4780,4770,10
38035010803,5879,5629,250
38035010804,4893,4541,352
38035010900,1629,1585,44
38035011000,2547,2521,26
38035011100,4754,4678,76
38035011200,7543,7477,66
38035011400,2052,1984,68
38035011700,5798,5580,218
38035011800,1497,1496,1
38035011900,2856,2596,260
38035012000,2675,2515,160
38037965900,2369,2354,15
38039968600,2311,2301,10
38041964700,1197,1181,16
38041964800,1442,1385,57
38043966800,2419,2296,123
38045972100,1471,1452,19
38045972200,2640,2623,17
38047972500,1939,1910,29
38049955600,2682,2612,70
38049955900,3230,3158,72
38051972900,2737,2695,42
38053940100,1595,1433,162
38053962300,2707,2549,158
38053962400,4941,4638,303
38053962500,1475,1435,40
38055960800,4419,4318,101
38055961000,5157,5043,114
38057961600,2775,2710,65
38057961700,3284,3192,92
38057961800,2612,2559,53
38059020100,5953,5911,42
38059020200,7528,7374,154
38059020300,9258,8849,409
38059020400,3243,3174,69
38059020500,3651,3615,36
38061940300,1476,1399,77
38061940400,3150,2857,293
38061955200,5049,4799,250
38063959000,3032,2959,73
38065961200,1768,1740,28
38067950100,1221,1210,11
38067950200,1659,1582,77
38067950300,1330,1265,65
38067950400,1480,1477,3
38067950500,1446,1368,78
38069956100,1621,1601,20
38069956200,2752,2737,15
38071957600,4336,4241,95
38071957700,2595,2505,90
38071957800,4647,4563,84
38073968900,1668,1665,3
38073969000,1583,1548,35
38073969100,2206,2151,55
38075952900,2573,2476,97
38077970700,2032,2032,0
38077970800,2143,2087,56
38077970900,3926,3798,128
38077971000,4033,3858,175
38077971100,1376,1366,10
38077971400,2819,2777,42
38079941800,6331,6317,14
38079951600,1533,1533,0
38079951700,4743,4713,30
38079951900,2000,1991,9
38081974000,1490,1463,27
38081974200,2399,2311,88
38083960200,1395,1380,15
38085940800,1689,1622,67
38085940900,2742,2646,96
38087965000,665,663,2
38089963300,1735,1675,60
38089963400,4446,4291,155
38089963500,6864,6457,407
38089963600,2169,1997,172
38089963700,4207,3990,217
38089963800,5044,4632,412
38089963900,3427,3355,72
38089964000,1945,1942,3
38091968700,1969,1927,42
38093967000,2616,2603,13
38093967200,2330,2319,11
38093967300,2592,2568,24
38093967400,5732,5535,197
38093967500,3817,3817,0
38093967800,4021,3816,205
38095951500,2292,2239,53
38097970100,2469,2442,27
38097970200,2419,2385,34
38097970300,1505,1452,53
38097970400,1682,1541,141
38099957800,1812,1468,344
38099957900,1636,1327,309
38099958000,2675,2421,254
38099958100,2085,1914,171
38099958200,1585,1509,76
38099958300,1202,1173,29
38101010100,2835,2713,122
38101010200,5270,5198,72
38101010301,3844,3651,193
38101010302,6570,5984,586
38101010400,6015,5530,485
38101010500,7292,7203,89
38101010600,8802,8441,361
38101010700,8695,8366,329
38101010800,4122,4012,110
38101010900,5964,4877,1087
38101011000,1709,1633,76
38101011200,3204,3179,25
38101011300,4632,4570,62
38103959800,1945,1929,16
38103960000,2234,2213,21
38105953400,1788,1677,111
38105953500,1938,1838,100
38105953600,2519,2463,56
38105953700,11456,10455,1001
38105953800,3255,3128,127
38105953900,3865,3847,18
38105954100,6822,6554,268
39001770100,4617,4571,46
39001770200,4934,4913,21
39001770300,7108,7087,21
39001770400,4332,4332,0
39001770500,3429,3429,0
39001770600,3691,3632,59
39003010100,4535,4477,58
39003010200,4165,4109,56
39003010300,1553,1482,71
39003010600,4871,4827,44
39003010800,7382,7260,122
39003010900,4690,4521,169
39003011000,5902,5635,267
39003011200,2961,2768,193
39003011300,7300,7175,125
39003011400,2973,2947,26
39003011500,2725,2511,214
39003011600,2583,2562,21
39003011800,2524,2469,55
39003011900,3000,2998,2
39003012000,2373,2354,19
39003012100,3511,3492,19
39003012200,3652,3593,59
39003012300,3808,3618,190
39003012400,2571,2523,48
39003012600,1892,1775,117
39003012700,1860,1860,0
39003012900,1534,1489,45
39003013000,4346,4144,202
39003013100,2302,2061,241
39003013200,2065,2019,46
39003013300,1344,1334,10
39003013400,2411,2360,51
39003013600,1029,1024,5
39003013700,1143,1141,2
39003013800,2871,2847,24
39003013900,3362,3278,84
39003014000,3444,3260,184
39003014100,1982,1877,105
39005970100,8270,8143,127
39005970200,5756,5672,84
39005970300,3820,3820,0
39005970400,3394,3330,64
39005970500,2974,2948,26
39005970600,5461,5349,112
39005970700,5492,5431,61
39005970800,4241,4215,26
39005970900,5012,4986,26
39005971000,5066,4976,90
39005971100,3857,3843,14
39007000101,4980,4645,335
39007000102,3257,3227,30
39007000103,3551,3541,10
39007000200,4378,4241,137
39007000300,2025,1993,32
39007000400,1800,1780,20
39007000500,4385,4244,141
39007000601,2647,2465,182
39007000602,3169,3149,20
39007000603,4221,4029,192
39007000701,2937,2577,360
39007000702,2542,2405,137
39007000703,3797,3333,464
39007000704,3989,3488,501
39007000801,1813,1754,59
39007000802,5316,4834,482
39007000900,4676,4499,177
39007001001,5166,5156,10
39007001002,3161,3074,87
39007001101,1858,1845,13
39007001102,5889,5796,93
39007001200,7279,7236,43
39007001301,3439,3428,11
39007001302,5002,4745,257
39007001400,7898,7848,50
39007990000,0,0,0
39009972600,4338,4295,43
39009972700,3949,3924,25
39009972800,4491,4452,39
39009972900,5263,5186,77
39009973000,3832,3816,16
39009973101,4631,4507,124
39009973200,4889,4664,225
39009973300,3762,3627,135
39009973400,3224,3168,56
39009973500,3775,3740,35
39009973600,3488,3488,0
39009973700,4179,4179,0
39009973800,5069,5012,57
39009973901,6732,6492,240
39009973902,3481,3362,119
39011040100,4076,3994,82
39011040200,4438,4375,63
39011040300,3594,3510,84
39011040400,6400,6203,197
39011040500,4842,4842,0
39011040600,3580,3567,13
39011040900,3736,3659,77
39011041000,3681,3624,57
39011041100,4184,4157,27
39011041201,1877,1868,9
39011041202,5463,5416,47
39013010100,4117,4066,51
39013010200,3756,3749,7
39013010300,3372,3359,13
39013010600,3623,3548,75
39013010700,2480,2477,3
39013010802,2174,2174,0
39013010900,6810,6782,28
39013011000,4895,4895,0
39013011200,3749,3725,24
39013011300,3817,3817,0
39013011400,4436,4436,0
39013011500,1413,1398,15
39013011600,1471,1471,0
39013011700,1305,1296,9
39013011900,2929,2868,61
39013012000,2792,2781,11
39013012100,1301,1288,13
39013012200,5960,5723,237
39013012300,4232,4217,15
39013012400,4596,4585,11
39015951201,4402,4320,82
39015951202,4791,4660,131
39015951300,7707,7645,62
39015951400,4212,4212,0
39015951500,5382,5361,21
39015951600,3493,3442,51
39015951700,2745,2745,0
39015951800,5370,5357,13
39015951900,5957,5957,0
39017000100,5240,5078,162
39017000200,4391,4142,249
39017000300,3366,3021,345
39017000400,4344,3602,742
39017000500,4391,4271,120
39017000600,5181,4843,338
39017001001,5142,5142,0
39017001002,5255,5195,60
39017001100,4485,4426,59
39017001300,4612,4574,38
39017010101,6831,6762,69
39017010102,2947,2862,85
39017010103,6000,5764,236
39017010104,4970,4838,132
39017010201,2052,2042,10
39017010202,4050,4040,10
39017010203,5610,5610,0
39017010301,4527,4498,29
39017010302,3617,3586,31
39017010500,2357,2210,147
39017010600,3661,3537,124
39017010800,6427,6402,25
39017010901,4591,4193,398
39017010903,4848,4825,23
39017010904,3501,3383,118
39017010906,7677,6196,1481
39017010907,2497,2451,46
39017010908,5488,5350,138
39017010909,5123,4173,950
39017010910,4641,4490,151
39017010911,3983,3955,28
39017011002,12724,12593,131
39017011003,6302,6275,27
39017011004,5924,4785,1139
39017011109,4468,4211,257
39017011110,5459,5406,53
39017011111,6984,6896,88
39017011112,5561,5459,102
39017011116,8561,8432,129
39017011117,11420,10750,670
39017011118,3374,3305,69
39017011120,7246,7192,54
39017011121,8063,7876,187
39017011122,5360,5227,133
39017011123,4949,3680,1269
39017011125,3806,3700,106
39017011126,5529,5161,368
39017011127,4741,4611,130
39017011128,3093,2955,138
39017011129,3926,3723,203
39017011130,5133,4573,560
39017011131,2967,2930,37
39017011200,8076,7892,184
39017011300,5384,4835,549
39017011800,5987,5809,178
39017012100,3137,3137,0
39017012200,3280,3261,19
39017012300,2170,2155,15
39017012400,2379,2352,27
39017012500,4635,4559,76
39017012600,2622,2575,47
39017012700,2906,2809,97
39017013000,1524,1371,153
39017013100,2029,1802,227
39017013200,3795,3540,255
39017013300,1942,1844,98
39017013400,2281,2270,11
39017013500,3003,2948,55
39017013600,5436,4755,681
39017013900,2665,2591,74
39017014000,2417,2050,367
39017014100,2154,2091,63
39017014300,4671,4671,0
39017014400,1675,1562,113
39017014600,976,904,72
39017014700,3914,3778,136
39017014800,7028,6786,242
39017014900,5109,5085,24
39017015000,7647,7442,205
39017015100,7401,7225,176
39019720100,3509,3425,84
39019720200,3673,3601,72
39019720300,5125,5105,20
39019720400,4226,4202,24
39019720500,5230,5150,80
39019720600,3144,3121,23
39019720700,3201,3175,26
39021010100,1867,1851,16
39021010200,7059,7027,32
39021010400,3928,3609,319
39021010500,3991,3925,66
39021010600,4161,4137,24
39021011001,2715,2691,24
39021011501,4197,4183,14
39021011504,5103,5092,11
39021011505,3402,3385,17
39021011506,2752,2692,60
39023000200,1517,1376,141
39023000300,1464,1456,8
39023000400,2186,1922,264
39023000500,1467,1451,16
39023000600,2708,2658,50
39023000700,2697,2512,185
39023000901,2414,2322,92
39023000902,1146,1134,12
39023001000,1377,1377,0
39023001101,1326,1245,81
39023001102,2716,2716,0
39023001200,4458,4360,98
39023001300,3722,3580,142
39023001400,3745,3722,23
39023001500,4839,4640,199
39023001600,4060,4042,18
39023001700,2379,2368,11
39023001900,2965,2961,4
39023002000,2277,2273,4
39023002100,1680,1629,51
39023002200,4428,4418,10
39023002301,3178,3178,0
39023002403,4162,3970,192
39023002404,3220,3125,95
39023002501,1859,1852,7
39023002502,3140,3122,18
39023002601,3783,3781,2
39023002602,3916,3858,58
39023002605,3952,3934,18
39023002606,7380,7304,76
39023002701,3452,2636,816
39023002702,2216,1924,292
39023002800,4513,4377,136
39023002901,3736,3621,115
39023002902,4432,3940,492
39023003001,3031,2911,120
39023003002,3348,3320,28
39023003101,2635,2583,52
39023003102,1991,1987,4
39023003200,2498,2477,21
39023003301,3511,3457,54
39023003302,2748,2712,36
39023003400,3434,3278,156
39023003700,4469,4444,25
39025040101,4998,4973,25
39025040102,2976,2938,38
39025040202,2482,2411,71
39025040203,6628,6402,226
39025040204,6594,6324,270
39025040301,3637,3496,141
39025040302,3589,3503,86
39025040303,7526,7316,210
39025040401,3535,3467,68
39025040403,2838,2813,25
39025040404,3943,3851,92
39025040405,2913,2688,225
39025040500,5126,4842,284
39025040600,6863,6788,75
39025040701,6766,6629,137
39025040702,3827,3650,177
39025040800,6005,5957,48
39025040900,5865,5855,10
39025041000,7593,7556,37
39025041101,2830,2795,35
39025041102,4747,4643,104
39025041103,8546,8422,124
39025041200,8214,8054,160
39025041303,5367,5274,93
39025041304,7,7,0
39025041305,5211,5155,56
39025041306,4346,4270,76
39025041307,4724,4662,62
39025041403,4446,4446,0
39025041404,4539,4539,0
39025041405,5726,5691,35
39025041406,4892,4863,29
39025041501,6603,6533,70
39025041502,8047,7965,82
39025041600,5256,5247,9
39025041701,4630,4575,55
39025041702,3259,3188,71
39025041800,3939,3914,25
39025041900,5605,5605,0
39025042000,6454,6325,129
39027964300,3958,3802,156
39027964400,5147,5147,0
39027964500,6379,6379,0
39027964600,2482,2429,53
39027964700,5775,5516,259
39027964800,4993,4993,0
39027964900,4948,4948,0
39027965000,3967,3928,39
39027965100,4205,4051,154
39029950100,5889,5868,21
39029950200,4549,4482,67
39029950300,5258,5177,81
39029950400,4198,4181,17
39029950500,5649,5450,199
39029950600,5116,4842,274
39029950700,5256,5171,85
39029950800,4450,4422,28
39029950900,3851,3851,0
39029951000,5656,5618,38
39029951100,4781,4715,66
39029951200,4607,4568,39
39029951300,3814,3802,12
39029951400,7406,7119,287
39029951500,4309,4219,90
39029951600,5411,5360,51
39029951700,4937,4937,0
39029951800,3293,3245,48
39029951900,3678,3678,0
39029952000,2693,2693,0
39029952100,1376,1368,8
39029952200,2053,2050,3
39029952300,2898,2756,142
39029952400,4102,4098,4
39031960900,4804,4804,0
39031961000,4808,4808,0
39031961100,4525,4435,90
39031961200,2674,2672,2
39031961300,3928,3845,83
39031961400,3079,3079,0
39031961500,2470,2437,33
39031961600,2553,2553,0
39031961700,2824,2720,104
39031961800,5000,4970,30
39033974100,3453,3340,113
39033974200,4038,4004,34
39033974300,2834,2779,55
39033974400,3568,3552,16
39033974500,3822,3773,49
39033974600,2752,2752,0
39033974700,3787,3787,0
39033974800,2218,2210,8
39033974900,3268,3205,63
39033975000,3773,3744,29
39033975100,2782,2708,74
39033975200,2686,2637,49
39033975300,3504,3391,113
39035101101,1959,1575,384
39035101102,4740,4475,265
39035101200,2483,1929,554
39035101300,1965,1677,288
39035101400,2056,1676,380
39035101501,2820,2004,816
39035101603,2753,1977,776
39035101700,2616,1917,699
39035101800,2453,2054,399
39035101901,1742,1258,484
39035102101,2747,2199,548
39035102102,2828,2034,794
39035102200,2731,2133,598
39035102300,2534,1711,823
39035102401,2168,1500,668
39035102402,3542,2671,871
39035102700,4066,2948,1118
39035102800,2182,1250,932
39035102900,2001,1066,935
39035103100,1171,776,395
39035103300,2443,2323,120
39035103400,2771,2176,595
39035103500,1782,1433,349
39035103602,3324,3056,268
39035103800,1823,1194,629
39035103900,2148,1261,887
39035104100,1007,536,471
39035104200,1094,1041,53
39035104300,1880,1777,103
39035104400,1195,1132,63
39035104600,1100,681,419
39035104800,1918,1307,611
39035104900,2409,1179,1230
39035105100,4001,2773,1228
39035105300,2810,1339,1471
39035105400,3386,2208,1178
39035105500,2116,1429,687
39035105602,2570,1951,619
39035105700,4302,3777,525
39035105900,3437,2890,547
39035106100,3762,2837,925
39035106200,3875,3068,807
39035106300,2971,2396,575
39035106400,1099,814,285
39035106500,2509,2068,441
39035106600,3672,3181,491
39035106800,2757,1999,758
39035106900,3711,3338,373
39035107000,1686,1553,133
39035107101,4598,4340,258
39035107701,2468,2390,78
39035107802,4342,4191,151
39035108201,1433,1308,125
39035108301,1476,1365,111
39035108400,1234,1050,184
39035108701,4168,4126,42
39035109301,1094,1071,23
39035109701,2521,2481,40
39035109801,2157,2137,20
39035110501,729,605,124
39035110801,1216,1027,189
39035110901,3089,2812,277
39035111202,1219,1133,86
39035111401,1137,1137,0
39035111500,888,840,48
39035111600,883,865,18
39035111700,1222,1058,164
39035111800,808,806,2
39035111902,823,823,0
39035112100,1874,1861,13
39035112200,1086,1059,27
39035112301,1465,1423,42
39035112400,1128,1087,41
39035112500,1389,1389,0
39035112600,999,999,0
39035112800,1067,1043,24
39035113101,708,702,6
39035113500,1074,1074,0
39035113600,834,834,0
39035113801,1920,1881,39
39035114100,829,795,34
39035114300,1649,1649,0
39035114501,884,882,2
39035114600,1208,1208,0
39035114700,499,442,57
39035114900,1950,1776,174
39035115100,1197,991,206
39035115200,1026,974,52
39035115300,750,745,5
39035115400,1586,1549,37
39035115700,1387,1375,12
39035115800,3108,2962,146
39035115900,3995,3868,127
39035116100,831,827,4
39035116200,828,821,7
39035116300,1674,1674,0
39035116400,2918,2895,23
39035116500,1914,1913,1
39035116600,2344,2306,38
39035116700,1614,1581,33
39035116800,2271,2271,0
39035116900,1313,1313,0
39035117101,2308,2262,46
39035117102,1198,1198,0
39035117201,2779,2759,20
39035117202,1927,1845,82
39035117300,2585,2520,65
39035117400,1690,1690,0
39035117500,2827,2800,27
39035117600,2890,2866,24
39035117700,4654,4620,34
39035117800,2226,2220,6
39035117900,2194,2185,9
39035118101,1902,1897,5
39035118200,1757,1748,9
39035118301,2446,2446,0
39035118400,1442,1435,7
39035118500,865,865,0
39035118602,1836,1827,9
39035118700,3953,3819,134
39035118800,2780,2557,223
39035118900,1743,1712,31
39035119100,145,145,0
39035119202,1093,1083,10
39035119300,3482,3404,78
39035119401,1817,1730,87
39035119402,1585,1585,0
39035119501,2564,2503,61
39035119502,1909,1835,74
39035119600,1714,1655,59
39035119701,1428,1402,26
39035119702,1656,1625,31
39035119800,3026,3024,2
39035119900,1755,1747,8
39035120200,2336,2296,40
39035120400,2263,2173,90
39035120500,2518,2518,0
39035120600,2651,2651,0
39035120701,1197,1195,2
39035120702,1647,1641,6
39035120801,2193,2132,61
39035120802,2298,2298,0
39035121100,2503,2503,0
39035121200,1603,1603,0
39035121300,2119,2088,31
39035121401,1854,1854,0
39035121403,2581,2556,25
39035121500,2959,2873,86
39035121700,3895,3845,50
39035121800,1638,1628,10
39035121900,1132,1132,0
39035122100,3480,3480,0
39035122200,1737,1694,43
39035122300,1604,1572,32
39035123100,2583,2571,12
39035123200,3152,3062,90
39035123400,3823,3398,425
39035123501,3504,2969,535
39035123502,2716,2493,223
39035123601,3210,2849,361
39035123602,2987,2799,188
39035123603,3333,3101,232
39035123700,2627,2136,491
39035123800,2339,1979,360
39035123900,2964,2511,453
39035124100,5246,3890,1356
39035124201,2481,2073,408
39035124202,1718,1522,196
39035124300,4419,3559,860
39035124500,3808,3441,367
39035124600,3877,3192,685
39035126100,2907,2902,5
39035127501,2861,2830,31
39035130103,4387,4317,70
39035130104,4123,4112,11
39035130105,3508,3370,138
39035130106,3396,3340,56
39035131102,3269,3133,136
39035131103,4155,4074,81
39035131104,4362,4343,19
39035132100,4932,4733,199
39035132200,2783,2749,34
39035132301,3187,3123,64
39035132302,1880,1867,13
39035133103,3585,3585,0
39035133104,2568,2318,250
39035134100,1424,1346,78
39035134203,3508,3354,154
39035134204,4300,4217,83
39035134205,2668,2485,183
39035134206,3020,3000,20
39035134300,4029,3924,105
39035135103,2175,2143,32
39035135104,4189,4164,25
39035135105,5808,5808,0
39035135106,1298,1298,0
39035136101,5652,5464,188
39035136102,7712,7387,325
39035136103,5893,5891,2
39035137101,2325,2081,244
39035137102,4381,3794,587
39035137103,4230,3767,463
39035138105,1183,1101,82
39035138106,3344,3272,72
39035138107,2030,2002,28
39035138108,4112,4015,97
39035138109,4018,3758,260
39035138110,4188,4047,141
39035140100,1410,1410,0
39035140301,2657,2653,4
39035140302,2429,2400,29
39035140400,2513,2442,71
39035140500,3616,3470,146
39035140600,1002,982,20
39035140701,2565,2541,24
39035140702,1745,1740,5
39035140800,3690,3678,12
39035140900,1980,1926,54
39035141000,1025,1008,17
39035141100,4179,3993,186
39035141200,3204,3123,81
39035141300,2874,2733,141
39035141400,2476,2377,99
39035141500,1707,1687,20
39035141601,1572,1539,33
39035141602,1510,1510,0
39035141700,1417,1330,87
39035150100,2157,2131,26
39035150300,1566,1566,0
39035150400,1660,1635,25
39035151100,1386,1357,29
39035151200,1678,1677,1
39035151300,2104,2085,19
39035151400,1364,1363,1
39035151500,1306,1299,7
39035151600,1391,1382,9
39035151700,1107,1067,40
39035151800,1694,1694,0
39035152101,2493,2458,35
39035152102,4267,4207,60
39035152201,2910,2820,90
39035152202,4221,4168,53
39035152301,2797,2778,19
39035152302,4474,4357,117
39035152303,3529,3505,24
39035152400,1739,1720,19
39035152501,3528,3484,44
39035152502,2397,2346,51
39035152603,1094,1082,12
39035152604,3928,3859,69
39035152701,2225,2202,23
39035152702,2299,2269,30
39035152703,1914,1904,10
39035153103,2380,2359,21
39035153104,3101,2941,160
39035153105,3906,3840,66
39035153106,3669,3338,331
39035153107,3417,3306,111
39035154100,2020,1879,141
39035154200,1218,1185,33
39035154300,1068,1068,0
39035154400,2970,2963,7
39035154501,3285,3152,133
39035154502,3000,2909,91
39035154601,4777,4742,35
39035154603,3262,3154,108
39035154604,4022,3975,47
39035154700,2585,2546,39
39035155101,5203,5045,158
39035155102,3163,3053,110
39035156101,1355,1274,81
39035156102,5760,5725,35
39035160100,1853,1762,91
39035160200,2289,2194,95
39035160300,1748,1658,90
39035160400,3252,3132,120
39035160500,3740,3587,153
39035160601,5101,4648,453
39035160602,2933,2828,105
39035160700,1534,1480,54
39035160800,993,981,12
39035160900,3851,3639,212
39035161000,1751,1664,87
39035161100,3622,3387,235
39035161200,2698,2613,85
39035161300,2987,2826,161
39035161400,3127,3044,83
39035161500,3779,3667,112
39035161600,2112,2044,68
39035161700,2146,1960,186
39035161800,1350,1277,73
39035170101,2733,2700,33
39035170102,5203,5119,84
39035170201,2108,2096,12
39035170202,3692,3674,18
39035171102,4726,4662,64
39035171103,3886,3784,102
39035171104,4733,4644,89
39035171203,2677,2677,0
39035171204,1963,1956,7
39035171205,2369,2237,132
39035171206,2331,2312,19
39035172101,2510,2492,18
39035172102,3609,3495,114
39035172103,4767,4743,24
39035172201,3606,3587,19
39035172202,4386,4292,94
39035173103,2803,2628,175
39035173104,4289,3955,334
39035173105,2546,2455,91
39035173106,3752,3557,195
39035173107,2334,2217,117
39035174103,3083,2957,126
39035174104,2260,2139,121
39035174105,2861,2776,85
39035174106,2876,2829,47
39035174107,3950,3918,32
39035174203,2971,2962,9
39035174204,3916,3753,163
39035174205,4828,4584,244
39035174206,2103,1989,114
39035174207,3260,3081,179
39035175103,7024,6834,190
39035175104,6230,6168,62
39035175105,4541,4485,56
39035175106,3007,3007,0
39035175201,6307,6083,224
39035175202,3193,3112,81
39035176100,2266,2209,57
39035176200,5571,5480,91
39035177101,4104,3830,274
39035177103,3967,3489,478
39035177104,3351,3244,107
39035177201,4039,3686,353
39035177202,3299,2989,310
39035177302,2419,2314,105
39035177303,4732,4213,519
39035177304,3434,3047,387
39035177403,3281,3247,34
39035177404,2778,2606,172
39035177405,4602,4528,74
39035177406,4130,3829,301
39035177501,4141,3849,292
39035177503,3403,3221,182
39035177504,3856,3828,28
39035177505,4412,4284,128
39035177604,2062,2045,17
39035177605,2700,2605,95
39035177606,3762,3480,282
39035177607,4065,3900,165
39035177608,5585,5479,106
39035177609,1966,1930,36
39035178101,2684,2600,84
39035178102,4569,4369,200
39035178201,3288,3181,107
39035178204,4828,4536,292
39035178205,2103,2021,82
39035178206,2839,2643,196
39035179101,3103,3069,34
39035179102,3047,2958,89
39035180102,3986,3882,104
39035180103,3694,3666,28
39035180104,2796,2636,160
39035181100,6312,6299,13
39035181201,5699,5397,302
39035181203,3168,3108,60
39035181204,5032,4844,188
39035182103,2497,2497,0
39035182104,2542,2404,138
39035182105,3603,3603,0
39035182106,3055,3035,20
39035183100,2931,2877,54
39035183200,2370,2292,78
39035183300,4305,4182,123
39035183401,2149,2074,75
39035183402,1412,1407,5
39035183501,3269,3148,121
39035183502,3540,3469,71
39035183603,1394,1394,0
39035183604,2023,1945,78
39035183605,2734,2680,54
39035183606,1646,1637,9
39035184103,3954,3868,86
39035184104,1779,1768,11
39035184105,4691,4652,39
39035184106,2303,2227,76
39035184108,7369,7295,74
39035185101,2596,2596,0
39035185102,2655,2621,34
39035185103,2181,2157,24
39035185104,3985,3892,93
39035185201,1640,1627,13
39035185202,4954,4757,197
39035185203,3854,3593,261
39035186103,4169,4100,69
39035186104,2598,2570,28
39035186105,3558,3480,78
39035186106,4940,4499,441
39035186107,5959,5934,25
39035186201,6002,5701,301
39035186202,4533,4456,77
39035186203,3589,3446,143
39035186205,5103,5035,68
39035186206,4171,4154,17
39035187103,2785,2785,0
39035187104,3251,3203,48
39035187105,3122,2952,170
39035187106,4115,3985,130
39035188103,3429,3390,39
39035188104,1550,1550,0
39035188105,3544,3536,8
39035188106,2405,2405,0
39035188107,2355,2280,75
39035189105,4009,3882,127
39035189107,4825,4740,85
39035189108,5072,4759,313
39035189109,3440,3325,115
39035189110,4389,4079,310
39035189111,6908,6835,73
39035189112,3765,3740,25
39035190502,1998,1998,0
39035190503,1602,1486,116
39035190504,10687,10594,93
39035192300,1603,1563,40
39035192800,1203,1200,3
39035192900,1974,1966,8
39035193800,998,986,12
39035193900,977,939,38
39035194100,2236,2204,32
39035194300,3401,3366,35
39035194500,2229,2175,54
39035194800,847,779,68
39035194900,3288,3224,64
39035195600,4487,4387,100
39035195700,4813,4710,103
39035195800,3894,3855,39
39035195900,4147,4112,35
39035196000,1589,1577,12
39035196100,2472,2410,62
39035196200,4048,4010,38
39035196300,3956,3786,170
39035196400,2920,2273,647
39035196500,1492,1492,0
39035980100,0,0,0
39035980500,0,0,0
39035981100,0,0,0
39035990000,0,0,0
39037500100,4083,4080,3
39037510100,3981,3598,383
39037520100,3588,3539,49
39037530100,4396,4390,6
39037540100,3459,3445,14
39037550100,3379,3346,33
39037555000,5884,5810,74
39037555101,3843,3805,38
39037555102,4112,4076,36
39037560100,7075,7003,72
39037570101,2874,2874,0
39037570102,5511,5476,35
39039958100,4299,4116,183
39039958200,4930,4865,65
39039958300,4147,3766,381
39039958400,4087,3791,296
39039958500,4349,3858,491
39039958600,3883,3493,390
39039958700,4510,3772,738
39039958800,3332,2602,730
39039958900,4951,4564,387
39041010100,5370,5214,156
39041010200,5382,5349,33
39041010420,2795,2774,21
39041010421,2603,2539,64
39041010422,6006,5931,75
39041010520,5942,5882,60
39041010530,3460,3040,420
39041011101,3151,3057,94
39041011102,5455,5410,45
39041011200,3204,3135,69
39041011411,3111,3066,45
39041011412,4772,4583,189
39041011413,7246,7114,132
39041011421,7157,6993,164
39041011423,6665,6646,19
39041011430,2794,2740,54
39041011520,4086,4026,60
39041011530,3957,3836,121
39041011540,6129,5919,210
39041011550,9572,9156,416
39041011560,8604,8350,254
39041011561,4388,4159,229
39041011604,5916,5766,150
39041011710,6448,6390,58
39041011730,7175,6886,289
39041011740,5972,5866,106
39041011750,7146,7102,44
39041011760,4821,4806,15
39041011762,5392,5392,0
39041011900,5552,5423,129
39041012000,5674,5389,285
39041012100,7765,7695,70
39041012200,4979,4953,26
39041012300,4701,4666,35
39041012400,5606,5197,409
39043040100,5857,5543,314
39043040200,3646,3534,112
39043040300,6292,6211,81
39043040400,5381,5370,11
39043040500,4965,4866,99
39043040600,820,819,1
39043040700,3888,3746,142
39043040800,4169,3936,233
39043040900,3382,3233,149
39043041000,3482,3248,234
39043041100,3565,3261,304
39043041200,2239,2092,147
39043041300,3857,3484,373
39043041400,2655,2603,52
39043041500,3430,3298,132
39043041600,5601,5493,108
39043041700,6473,6228,245
39043041800,6106,5793,313
39043990100,0,0,0
39045030100,3801,3631,170
39045030200,3106,3047,59
39045030300,3344,3260,84
39045030400,4690,4674,16
39045030600,9725,9534,191
39045030700,3381,3360,21
39045030800,5435,5361,74
39045030900,8377,8151,226
39045031000,5620,5586,34
39045031100,6114,6087,27
39045031200,5041,5018,23
39045031300,3082,3082,0
39045031400,6706,6577,129
39045031500,2748,2713,35
39045031600,6512,6347,165
39045031700,4227,4132,95
39045032000,3181,3101,80
39045032100,3583,3555,28
39045032200,3469,3367,102
39045032300,4279,4258,21
39045032500,6475,6414,61
39045032600,6826,6784,42
39045032701,4164,4109,55
39045032702,8095,7501,594
39045032800,4017,3880,137
39045032900,10331,10171,160
39045033000,4707,4678,29
39045033100,9127,8798,329
39047925800,3939,3662,277
39047925900,3392,3360,32
39047926000,4199,4120,79
39047926100,4827,4781,46
39047926200,4589,4528,61
39047926300,3502,3476,26
39047926400,4271,4253,18
39049000110,3734,3702,32
39049000120,3453,3393,60
39049000210,3454,3390,64
39049000220,3917,3856,61
39049000310,3213,3138,75
39049000320,2430,2380,50
39049000330,2340,2201,139
39049000410,2447,2410,37
39049000420,3544,3522,22
39049000500,4547,4299,248
39049000600,3986,3931,55
39049000710,3065,2808,257
39049000720,2100,2090,10
39049000730,3278,3187,91
39049000810,2590,2540,50
39049000820,2668,2495,173
39049000910,3848,3710,138
39049000920,1952,1944,8
39049001000,5360,5325,35
39049001110,2887,2836,51
39049001121,9592,9364,228
39049001122,3167,3053,114
39049001200,4302,4160,142
39049001300,5479,5282,197
39049001400,1882,1867,15
39049001500,1954,1839,115
39049001600,1452,1336,116
39049001700,2385,2156,229
39049001810,3799,3657,142
39049001820,2625,2431,194
39049001901,2274,2159,115
39049001902,3681,3630,51
39049002000,3129,3052,77
39049002100,1822,1768,54
39049002200,1988,1925,63
39049002300,1294,1214,80
39049002510,2998,2940,58
39049002520,2535,2535,0
39049002600,3851,2955,896
39049002710,1837,1681,156
39049002730,2250,1956,294
39049002740,2503,2473,30
39049002750,2527,2289,238
39049002760,3474,3264,210
39049002770,2137,1778,359
39049002780,2515,2468,47
39049002800,1796,1758,38
39049002900,2564,2405,159
39049003000,3695,3544,151
39049003200,2691,2646,45
39049003600,1329,1294,35
39049003700,3492,3327,165
39049003800,2055,2033,22
39049004000,3463,3350,113
39049004200,520,520,0
39049004300,5436,5184,252
39049004500,4650,4535,115
39049004610,3215,2706,509
39049004620,2217,2110,107
39049004700,4564,4004,560
39049004810,2861,2660,201
39049004820,2445,2185,260
39049004900,5460,5234,226
39049005000,4685,4470,215
39049005100,1750,1679,71
39049005200,2872,2858,14
39049005300,3162,3080,82
39049005410,1636,1568,68
39049005420,1920,1906,14
39049005500,4454,4305,149
39049005610,1740,1715,25
39049005620,2283,2256,27
39049005700,3320,3245,75
39049005810,2436,2388,48
39049005820,1973,1956,17
39049005900,2598,2546,52
39049006000,2060,2025,35
39049006100,2574,2279,295
39049006220,7660,7221,439
39049006230,15825,14856,969
39049006236,6225,5891,334
39049006310,4536,4425,111
39049006321,4500,4397,103
39049006323,3492,3431,61
39049006330,4985,4897,88
39049006340,3098,3070,28
39049006351,4421,4086,335
39049006352,3077,2967,110
39049006353,4993,4937,56
39049006371,7171,6863,308
39049006372,6709,6008,701
39049006383,9617,8624,993
39049006384,6539,6071,468
39049006386,4258,3760,498
39049006387,5886,5099,787
39049006391,5448,5373,75
39049006392,4495,4386,109
39049006393,5575,5455,120
39049006394,2867,2834,33
39049006395,3516,3395,121
39049006396,4804,4737,67
39049006410,2788,2693,95
39049006430,4675,4360,315
39049006500,3493,3407,86
39049006600,3991,3949,42
39049006710,2781,2665,116
39049006721,3372,3302,70
39049006722,3090,3076,14
39049006810,2222,2142,80
39049006821,3425,3305,120
39049006822,1942,1873,69
39049006910,1648,1648,0
39049006921,3931,3394,537
39049006923,3527,3336,191
39049006924,3879,3569,310
39049006931,7071,6516,555
39049006932,7072,6239,833
39049006933,5982,5557,425
39049006942,1326,1237,89
39049006943,4534,4244,290
39049006944,3999,3927,72
39049006945,5971,5152,819
39049006950,2742,2701,41
39049006990,7142,6428,714
39049007010,3862,3651,211
39049007020,6625,6535,90
39049007041,2233,2175,58
39049007043,5153,4163,990
39049007044,6139,6073,66
39049007047,3796,3494,302
39049007048,6762,6348,414
39049007112,6267,5954,313
39049007113,5232,4784,448
39049007114,5115,5028,87
39049007115,4906,4444,462
39049007120,4890,4758,132
39049007132,8720,8137,583
39049007193,6646,6503,143
39049007194,6418,6284,134
39049007198,2666,2607,59
39049007199,5835,5680,155
39049007201,608,608,0
39049007202,3501,3420,81
39049007203,4467,4298,169
39049007205,4573,4546,27
39049007207,5261,5003,258
39049007209,7240,7054,186
39049007210,9432,9221,211
39049007393,8643,8562,81
39049007394,2527,2423,104
39049007395,13437,13089,348
39049007396,11426,11324,102
39049007424,5894,5692,202
39049007425,2836,2790,46
39049007426,3131,3048,83
39049007427,6357,6216,141
39049007492,6212,6212,0
39049007494,4500,4344,156
39049007511,1756,1700,56
39049007512,4101,3991,110
39049007520,3481,3180,301
39049007531,2750,2371,379
39049007532,2316,1973,343
39049007533,1923,1807,116
39049007534,3121,3017,104
39049007550,2997,2882,115
39049007551,9772,9392,380
39049007710,4569,4265,304
39049007721,6452,6076,376
39049007722,3451,3138,313
39049007730,3218,3137,81
39049007740,1706,1620,86
39049007811,3622,3536,86
39049007812,4174,4075,99
39049007820,3388,3325,63
39049007830,2516,2448,68
39049007921,9448,9144,304
39049007922,4868,4770,98
39049007931,4514,4291,223
39049007933,8182,7988,194
39049007941,2796,2687,109
39049007951,9524,9317,207
39049007952,7634,7371,263
39049007953,7170,6939,231
39049007954,8706,7831,875
39049008000,5158,5035,123
39049008110,4325,3747,578
39049008120,3758,3112,646
39049008132,7756,6401,1355
39049008141,8581,8294,287
39049008142,7136,6617,519
39049008161,7965,7348,617
39049008162,8856,7932,924
39049008163,3889,2893,996
39049008164,4274,3056,1218
39049008210,2269,1771,498
39049008230,2069,1194,875
39049008241,2281,2053,228
39049008242,6191,5954,237
39049008311,4825,4138,687
39049008312,5335,4758,577
39049008321,2625,2500,125
39049008322,3995,3883,112
39049008330,1738,1726,12
39049008340,5694,5492,202
39049008350,6066,5501,565
39049008360,6976,6557,419
39049008370,7498,7467,31
39049008380,5824,5604,220
39049008400,3139,3122,17
39049008500,4831,4728,103
39049008710,2883,2883,0
39049008720,3201,2606,595
39049008730,2072,1880,192
39049008811,1944,1918,26
39049008812,3026,2922,104
39049008813,2457,2452,5
39049008821,2411,2353,58
39049008822,4461,4337,124
39049008825,7035,6868,167
39049008900,5590,5483,107
39049009000,3167,3167,0
39049009100,4777,4626,151
39049009210,4974,4501,473
39049009220,2185,1881,304
39049009230,4904,4225,679
39049009240,1935,1576,359
39049009250,1769,1599,170
39049009311,3084,2839,245
39049009312,2987,2829,158
39049009321,2301,1955,346
39049009322,3786,3346,440
39049009323,3655,3234,421
39049009325,3738,3325,413
39049009326,1742,1583,159
39049009331,1054,1005,49
39049009332,3154,3146,8
39049009333,2335,2117,218
39049009334,2745,2645,100
39049009336,2672,2631,41
39049009337,4479,4376,103
39049009340,3041,2622,419
39049009350,2575,2241,334
39049009361,5237,4940,297
39049009362,7113,6353,760
39049009371,6077,5966,111
39049009372,4541,4152,389
39049009373,6471,6290,181
39049009374,8281,7827,454
39049009381,5682,5266,416
39049009382,2973,2863,110
39049009383,2699,2626,73
39049009384,2457,2274,183
39049009385,3447,3419,28
39049009386,2785,2666,119
39049009390,6164,5723,441
39049009410,2952,2856,96
39049009420,5582,5508,74
39049009430,8697,8261,436
39049009440,4492,4418,74
39049009450,9578,9355,223
39049009495,5021,4804,217
39049009497,1711,1656,55
39049009520,4492,4406,86
39049009590,5597,5436,161
39049009600,4551,4485,66
39049009711,4588,4484,104
39049009712,2641,2641,0
39049009720,6511,6416,95
39049009740,14960,14803,157
39049009751,5710,5698,12
39049009752,6457,6259,198
39049009800,6908,6874,34
39049009900,1687,1253,434
39049010000,5203,5161,42
39049010100,998,998,0
39049010200,18273,17623,650
39049010300,2791,2738,53
39049010400,7647,7320,327
39049010500,8755,8277,478
39049010601,5201,5113,88
39049010602,6511,6257,254
39049010700,1538,1439,99
39049980000,0,0,0
39051040100,3146,3049,97
39051040200,4467,4239,228
39051040300,4420,4311,109
39051040400,3878,3598,280
39051040500,5111,4953,158
39051040600,4503,4168,335
39051040700,7568,6308,1260
39051040800,4903,4617,286
39051040900,4470,3721,749
39053953500,4694,4511,183
39053953600,4186,4160,26
39053953700,4534,4480,54
39053953800,3678,3678,0
39053953900,6927,6927,0
39053954000,4194,4103,91
39053954100,2163,2149,14
39055310100,2301,2301,0
39055310200,1971,1970,1
39055310600,6638,6501,137
39055310700,3689,3689,0
39055310800,6676,6601,75
39055310900,3207,3132,75
39055311000,3674,3674,0
39055311300,4437,4385,52
39055311400,5590,5546,44
39055311500,5357,5287,70
39055311600,3839,3791,48
39055311700,4303,4254,49
39055311800,7186,7115,71
39055311900,6507,6506,1
39055312000,2813,2809,4
39055312100,4156,4156,0
39055312201,5397,5275,122
39055312202,4420,4296,124
39055312203,4667,4537,130
39055312300,4761,4547,214
39055312400,2431,2431,0
39057200101,2912,2665,247
39057200103,3849,3570,279
39057200104,5924,5756,168
39057200300,3758,3731,27
39057200400,2300,2279,21
39057200500,5446,5223,223
39057200600,3563,3491,72
39057200700,3925,3711,214
39057200900,5938,5826,112
39057210100,5471,5200,271
39057210200,8348,8074,274
39057210300,3524,3498,26
39057210401,5071,4927,144
39057210402,4967,4898,69
39057210500,5603,5467,136
39057210601,8783,8510,273
39057210602,5226,5127,99
39057210603,6334,6057,277
39057220100,7846,7600,246
39057220200,7813,7752,61
39057230100,2657,2657,0
39057240100,3133,3095,38
39057240200,4871,4854,17
39057240301,8814,8639,175
39057240302,3518,3426,92
39057240500,4643,4564,79
39057240600,5192,5075,117
39057240700,2164,2164,0
39057255000,3512,3448,64
39057260100,6484,6378,106
39057270100,3798,3788,10
39057280101,2616,2607,9
39057280102,2288,2281,7
39057280200,1438,1402,36
39057280300,2596,2277,319
39059977100,4688,4677,11
39059977200,5162,5162,0
39059977300,3319,3287,32
39059977400,3806,3767,39
39059977500,3130,3112,18
39059977600,3329,3188,141
39059977700,3855,3786,69
39059977800,3652,3623,29
39059977900,4247,4164,83
39059978000,4290,4285,5
39061000200,1033,1030,3
39061000700,1650,1553,97
39061000900,1671,1481,190
39061001000,1415,1348,67
39061001100,1048,1040,8
39061001600,1048,1046,2
39061001700,1074,1066,8
39061001800,1544,1510,34
39061001900,1572,1549,23
39061002000,1663,1623,40
39061002200,2268,2201,67
39061002300,1046,1042,4
39061002500,2495,2433,62
39061002600,3515,3401,114
39061002700,1827,1782,45
39061002800,1571,1497,74
39061002900,5232,5107,125
39061003000,4955,4809,146
39061003200,1621,1586,35
39061003300,1718,1702,16
39061003600,1321,1299,22
39061003700,1800,1800,0
39061003800,2117,2117,0
39061003900,1824,1824,0
39061004000,2284,2192,92
39061004100,1720,1671,49
39061004200,1814,1771,43
39061004500,1067,1037,30
39061004602,4869,4533,336
39061004603,2996,2891,105
39061004604,3869,3728,141
39061004605,2549,2501,48
39061004701,3095,3041,54
39061004702,821,816,5
39061004800,3342,3244,98
39061004900,6459,6336,123
39061005000,4916,4685,231
39061005100,2441,2382,59
39061005200,3615,3481,134
39061005301,3201,3180,21
39061005302,3219,3084,135
39061005400,965,894,71
39061005500,3686,3591,95
39061005600,5965,5793,172
39061005701,2944,2824,120
39061005702,4338,4152,186
39061005800,5300,5167,133
39061005900,1279,1254,25
39061006000,6104,5657,447
39061006100,2611,1907,704
39061006300,3527,3490,37
39061006400,3179,3179,0
39061006500,5796,5691,105
39061006600,2262,2250,12
39061006800,3573,3569,4
39061006900,2880,2803,77
39061007000,2432,2394,38
39061007100,3272,3181,91
39061007200,2108,2014,94
39061007300,2022,1869,153
39061007400,1670,1507,163
39061007500,2120,2096,24
39061007700,2877,2877,0
39061007800,2542,2498,44
39061007900,1534,1524,10
39061008000,5190,5155,35
39061008100,2648,2568,80
39061008201,3919,3897,22
39061008202,3283,3283,0
39061008300,3987,3783,204
39061008400,2078,2078,0
39061008501,3233,3055,178
39061008502,1802,1711,91
39061008601,2229,2224,5
39061008800,3683,3545,138
39061009200,3696,3236,460
39061009300,2757,2587,170
39061009400,1667,1493,174
39061009500,2544,2236,308
39061009600,3768,3695,73
39061009700,5315,5214,101
39061009800,2220,2051,169
39061009901,4310,4233,77
39061009902,3324,3247,77
39061010002,5582,5571,11
39061010003,4886,4630,256
39061010004,4843,4501,342
39061010005,1564,1561,3
39061010100,5161,5094,67
39061010201,5336,5248,88
39061010202,2565,2486,79
39061010300,1465,1444,21
39061010400,1043,1043,0
39061010500,1378,1209,169
39061010600,1379,1326,53
39061010700,1662,1554,108
39061010800,807,807,0
39061010900,2761,2727,34
39061011000,3503,3503,0
39061011100,3431,3415,16
39061020401,5127,5054,73
39061020403,5625,5486,139
39061020404,5143,5060,83
39061020501,2308,2308,0
39061020502,4839,4777,62
39061020504,3551,3535,16
39061020505,4638,4543,95
39061020601,6311,6210,101
39061020602,7240,7157,83
39061020701,7281,6873,408
39061020705,3290,3255,35
39061020707,5075,4984,91
39061020741,3364,3354,10
39061020742,4407,4039,368
39061020761,6864,6839,25
39061020762,3205,3160,45
39061020802,5688,5688,0
39061020811,6878,6759,119
39061020812,4173,4173,0
39061020901,3613,3464,149
39061020902,5358,5350,8
39061021001,3195,3195,0
39061021002,3689,3654,35
39061021003,3001,3001,0
39061021101,4972,4839,133
39061021102,6301,6214,87
39061021201,2077,2059,18
39061021202,5071,5071,0
39061021302,6159,6159,0
39061021303,4673,4594,79
39061021304,5064,5034,30
39061021401,5169,5031,138
39061021421,4511,4511,0
39061021422,3016,2788,228
39061021501,4546,4252,294
39061021504,5739,5298,441
39061021505,2980,2758,222
39061021506,3341,3341,0
39061021508,5758,5511,247
39061021509,6308,6308,0
39061021571,3450,3435,15
39061021572,6204,5724,480
39061021602,3168,3147,21
39061021603,3353,3255,98
39061021604,3636,3592,44
39061021701,2923,2858,65
39061021702,4219,4194,25
39061021801,6267,6193,74
39061021802,3270,3270,0
39061021900,1476,1472,4
39061022000,3730,3564,166
39061022101,4061,4061,0
39061022102,6316,6219,97
39061022200,4429,4377,52
39061022301,6350,4683,1667
39061022302,5455,5099,356
39061022400,2246,2209,37
39061022500,3977,3841,136
39061022601,6008,6008,0
39061022602,2666,2512,154
39061022700,3360,3270,90
39061023001,4745,4540,205
39061023002,4986,4986,0
39061023100,2769,2758,11
39061023201,2868,2868,0
39061023210,5285,5170,115
39061023222,2852,2824,28
39061023300,3860,3703,157
39061023400,3588,3558,30
39061023501,4251,4065,186
39061023521,2682,2533,149
39061023522,6022,5923,99
39061023600,3953,3936,17
39061023701,2880,2864,16
39061023702,2798,2650,148
39061023800,5155,5139,16
39061023901,4701,4520,181
39061023902,4858,4723,135
39061024001,5165,5022,143
39061024002,2812,2773,39
39061024100,6860,6507,353
39061024200,2753,2723,30
39061024301,3801,3655,146
39061024303,6864,6834,30
39061024321,7840,7601,239
39061024322,8469,7948,521
39061024400,7488,7373,115
39061024700,1689,1670,19
39061024800,3449,3386,63
39061024901,1096,953,143
39061024902,7741,7281,460
39061025001,6130,5961,169
39061025002,6616,6594,22
39061025101,5123,5074,49
39061025102,7655,7545,110
39061025103,7023,7007,16
39061025104,1936,1911,25
39061025200,3829,3801,28
39061025300,2781,2513,268
39061025401,1893,1849,44
39061025402,2829,2703,126
39061025500,4499,4226,273
39061025600,3631,3579,52
39061025700,1831,1710,121
39061025800,4352,4324,28
39061026001,5329,5217,112
39061026002,5047,4969,78
39061026101,7874,7796,78
39061026102,3100,3100,0
39061026200,1360,1162,198
39061026300,948,848,100
39061026400,2434,2434,0
39061026500,2621,2503,118
39061026600,1568,1563,5
39061026700,1578,1575,3
39061026800,1698,1678,20
39061026900,1893,1880,13
39061027000,3362,3285,77
39061027100,3908,3864,44
39061027200,2397,2344,53
39061027300,2660,2602,58
39061027400,4358,3883,475
39063000100,4138,3904,234
39063000200,5410,5345,65
39063000300,8516,8249,267
39063000400,7423,6984,439
39063000500,5368,4803,565
39063000600,6715,6116,599
39063000700,5701,5609,92
39063000800,3713,3575,138
39063000900,6647,5879,768
39063001000,6925,6611,314
39063001100,3984,3791,193
39063001200,5884,5851,33
39063001300,5248,5120,128
39065000100,3487,3442,45
39065000200,4540,4540,0
39065000300,3703,3690,13
39065000400,6537,6412,125
39065000500,4143,4024,119
39065000600,4012,3867,145
39065000700,5230,5205,25
39067975600,4071,4066,5
39067975700,3779,3672,107
39067975800,2241,2238,3
39067975900,1956,1956,0
39067976000,3474,3458,16
39069000100,4955,4707,248
39069000200,3755,3593,162
39069000300,5172,4895,277
39069000400,3357,3019,338
39069000500,3246,2989,257
39069000600,3487,3203,284
39069000700,3918,3447,471
39071954400,4042,4042,0
39071954500,4099,4052,47
39071954600,5504,5489,15
39071954700,6206,6201,5
39071954800,4324,4231,93
39071954900,3814,3791,23
39071955000,4223,4209,14
39071955100,6197,6058,139
39071955200,4700,4652,48
39073964900,4172,4144,28
39073965000,3455,3405,50
39073965100,4225,4225,0
39073965200,4265,4125,140
39073965300,3779,3762,17
39073965400,4486,4486,0
39073965500,4308,4298,10
39075976301,4632,4612,20
39075976302,6082,6082,0
39075976400,9094,9048,46
39075976500,5326,5183,143
39075976600,4694,4672,22
39075976700,4191,4038,153
39075976801,5120,5112,8
39075976802,4563,4563,0
39077915400,5098,4920,178
39077915500,6015,5711,304
39077915600,4736,4573,163
39077915700,4378,3512,866
39077915800,4574,4360,214
39077915900,4181,4120,61
39077916000,3927,3822,105
39077916100,3466,3385,81
39077916200,4835,4165,670
39077916300,3431,2800,631
39077916400,5496,5357,139
39077916500,4536,4511,25
39077916600,4031,3940,91
39079957200,5289,5289,0
39079957300,3367,3361,6
39079957400,5478,5478,0
39079957500,5649,5374,275
39079957600,2741,2706,35
39079957700,4760,4760,0
39079957800,5433,5433,0
39081000200,3185,2917,268
39081000400,3089,3061,28
39081000600,2346,2339,7
39081000800,769,767,2
39081001000,2506,2492,14
39081001200,5391,5235,156
39081001300,1365,1358,7
39081001400,3757,3745,12
39081001700,1971,1909,62
39081011000,1514,1514,0
39081011100,3199,3199,0
39081011200,2163,2152,11
39081011300,2508,2488,20
39081011401,4032,4032,0
39081011402,3705,3580,125
39081011500,5091,5082,9
39081011700,4176,4165,11
39081011800,3411,3293,118
39081011900,3502,3482,20
39081012000,3025,2995,30
39081012100,2709,2709,0
39081012200,1916,1916,0
39081012300,2277,2277,0
39083006700,5319,5253,66
39083006801,5745,5720,25
39083006802,4139,4077,62
39083006900,6107,6063,44
39083007000,2836,2739,97
39083007100,3677,3542,135
39083007200,4978,4978,0
39083007300,6508,6396,112
39083007400,5751,5678,73
39083007500,4380,4261,119
39083007600,4847,4847,0
39083007700,6591,6469,122
39085200100,1773,1698,75
39085200200,2461,2266,195
39085200300,3327,3327,0
39085200400,3265,3265,0
39085200500,3305,3256,49
39085200600,3532,3490,42
39085200700,3820,3723,97
39085200800,3463,3415,48
39085200900,1903,1903,0
39085201000,4679,4573,106
39085201100,4818,4727,91
39085201200,3730,3544,186
39085201300,3527,3507,20
39085201400,3734,3708,26
39085201500,2148,2136,12
39085201600,3651,3592,59
39085201700,5705,5620,85
39085201800,3655,3655,0
39085201900,2860,2734,126
39085202000,5994,5950,44
39085202100,2173,1979,194
39085202400,2997,2897,100
39085202500,4407,4304,103
39085202600,3745,3695,50
39085202700,6213,6187,26
39085202800,5919,5919,0
39085202900,6823,6796,27
39085203000,6706,6682,24
39085203200,3390,3334,56
39085203400,4117,4097,20
39085203500,7125,6907,218
39085203700,3303,3283,20
39085204000,3081,2880,201
39085204200,4192,2662,1530
39085204301,2169,2051,118
39085204302,6633,5624,1009
39085204400,3177,2253,924
39085204500,3559,2353,1206
39085204700,4455,4220,235
39085204800,5276,5041,235
39085204900,5907,5710,197
39085205001,5872,5872,0
39085205002,5749,5651,98
39085205100,6513,6355,158
39085205200,3097,3065,32
39085205300,2485,2461,24
39085205400,1591,1582,9
39085205701,4720,4584,136
39085205702,2765,2719,46
39085205800,1513,1513,0
39085205900,1098,1098,0
39085206000,5421,5171,250
39085206100,3166,3132,34
39085206200,1561,1511,50
39085206300,4853,4506,347
39085206400,4711,4639,72
39085206500,2858,2856,2
39085206600,4576,4570,6
39085990000,0,0,0
39087050100,2575,2575,0
39087050200,2424,2424,0
39087050300,2142,1929,213
39087050400,3351,3266,85
39087050500,6513,6470,43
39087050600,1439,1439,0
39087050700,3682,3682,0
39087050800,3777,3777,0
39087050900,2047,2027,20
39087051001,4303,4244,59
39087051002,4840,4826,14
39087051100,6721,6721,0
39087051200,5225,5149,76
39087051300,3718,3690,28
39087051401,5355,5355,0
39087051402,3391,3388,3
39089750700,3258,3258,0
39089751000,2270,2213,57
39089751300,3945,3866,79
39089751600,3485,3416,69
39089751900,4379,4351,28
39089752200,4578,4564,14
39089752500,4233,4208,25
39089752800,7426,7345,81
39089753100,5173,5155,18
39089753300,7696,7639,57
39089753600,2047,2025,22
39089753900,5067,5025,42
39089754101,7320,7106,214
39089754102,2430,2430,0
39089754400,6203,6203,0
39089754700,6669,6549,120
39089755000,6734,6694,40
39089755300,7304,6964,340
39089755600,5290,5289,1
39089755900,6893,6733,160
39089756201,2420,2415,5
39089756202,7944,7642,302
39089756500,4114,4114,0
39089756800,7918,7875,43
39089757100,4355,4355,0
39089757400,6666,6307,359
39089757700,7682,7353,329
39089758300,2787,2580,207
39089758600,7124,7091,33
39089758900,6154,6047,107
39089759000,3086,3076,10
39089759100,7112,7054,58
39091003800,3971,3964,7
39091003900,4839,4773,66
39091004000,2575,2553,22
39091004100,2857,2838,19
39091004200,1567,1567,0
39091004300,6175,6175,0
39091004400,4853,4722,131
39091004500,4262,4127,135
39091004600,5111,5052,59
39091004700,5151,5061,90
39091004800,4027,3919,108
39093010200,4010,3841,169
39093010300,5416,5225,191
39093010400,2979,2950,29
39093013100,9983,9672,311
39093013200,12306,11930,376
39093021100,3160,2942,218
39093021200,5895,5217,678
39093022100,1860,1695,165
39093022200,2528,1953,575
39093022400,3980,3063,917
39093022500,1533,1193,340
39093022601,2103,1817,286
39093022800,4132,2885,1247
39093023000,5813,4814,999
39093023100,3392,1218,2174
39093023200,3078,1929,1149
39093023300,2584,1442,1142
39093023400,2109,1563,546
39093023500,1975,1529,446
39093023600,2682,1291,1391
39093023700,6061,3604,2457
39093023800,1589,979,610
39093023900,1775,1295,480
39093024000,1738,1403,335
39093024100,3216,2479,737
39093024200,4424,3618,806
39093028100,4045,3690,355
39093030100,6445,6292,153
39093050100,3313,3234,79
39093050200,3664,3492,172
39093050300,7901,7562,339
39093050400,2385,2279,106
39093057100,3594,3462,132
39093060100,3962,3706,256
39093060200,5023,4935,88
39093070101,3472,3354,118
39093070102,5816,5453,363
39093070200,1958,1732,226
39093070300,3186,3174,12
39093070400,4382,4137,245
39093070500,3331,3012,319
39093070600,4279,4162,117
39093070700,2591,2527,64
39093070800,996,928,68
39093070901,2052,1843,209
39093070902,3659,3550,109
39093071000,1675,1564,111
39093071100,4517,4252,265
39093071201,4693,4382,311
39093071202,4102,3964,138
39093071300,4644,4450,194
39093071400,3233,3031,202
39093071500,2189,2108,81
39093077100,3534,3301,233
39093080101,2266,2168,98
39093080103,4416,4213,203
39093080104,3692,3609,83
39093080500,6644,6366,278
39093080600,5524,5336,188
39093080700,9290,8939,351
39093090100,3577,3486,91
39093090200,3590,3590,0
39093091100,3610,3551,59
39093091200,3788,3662,126
39093092100,2508,2404,104
39093093100,3267,3223,44
39093094100,8150,8073,77
39093095100,8062,7847,215
39093096100,6243,6048,195
39093097100,2891,2842,49
39093097200,8022,6820,1202
39093097300,2773,1930,843
39093097400,10816,10573,243
39093990200,0,0,0
39095000200,4614,4144,470
39095000300,4060,3685,375
39095000400,3394,3153,241
39095000600,4593,4017,576
39095000700,5040,4333,707
39095000800,1228,1161,67
39095000900,2202,2039,163
39095001000,3671,3421,250
39095001100,2619,2348,271
39095001201,2369,2144,225
39095001202,3124,2737,387
39095001301,2739,2661,78
39095001302,2285,2152,133
39095001303,2815,2627,188
39095001400,1657,1617,40
39095001500,1389,1362,27
39095001600,2833,2804,29
39095001700,1579,1465,114
39095001800,2474,2187,287
39095001900,1213,1099,114
39095002000,1587,1364,223
39095002100,2625,2546,79
39095002200,1567,1434,133
39095002300,1680,1634,46
39095002401,3363,3153,210
39095002402,1617,1604,13
39095002500,1784,1760,24
39095002600,970,970,0
39095002700,962,931,31
39095002800,1551,1417,134
39095002900,1668,1402,266
39095003000,1703,1449,254
39095003100,869,869,0
39095003200,1321,1303,18
39095003300,1444,1393,51
39095003400,977,937,40
39095003500,1414,1307,107
39095003600,1296,1290,6
39095003700,1210,1146,64
39095003900,5314,4434,880
39095004000,1628,1349,279
39095004200,1478,1176,302
39095004400,4172,3610,562
39095004501,2619,2433,186
39095004503,2737,2645,92
39095004504,3443,3354,89
39095004600,2478,2089,389
39095004701,2786,2273,513
39095004702,4040,3208,832
39095004800,2852,2348,504
39095004900,2929,2516,413
39095005000,1908,1390,518
39095005100,4122,3565,557
39095005200,3815,2990,825
39095005300,1944,1347,597
39095005400,3018,2373,645
39095005501,2629,2545,84
39095005502,3117,3030,87
39095005503,2425,2253,172
39095005600,5505,4978,527
39095005701,3902,3331,571
39095005702,5219,5006,213
39095005703,2606,2348,258
39095005801,3846,3707,139
39095005802,4697,4400,297
39095005901,2692,2536,156
39095005902,4125,3637,488
39095006000,2602,2544,58
39095006100,3300,3097,203
39095006200,2817,2686,131
39095006300,3277,3017,260
39095006400,2248,2102,146
39095006500,2415,2389,26
39095006600,2771,2725,46
39095006700,1562,1469,93
39095006800,4846,4580,266
39095006900,2874,2606,268
39095007001,4007,3854,153
39095007002,1976,1927,49
39095007101,4369,4221,148
39095007102,3652,3579,73
39095007202,3690,3523,167
39095007203,4349,4237,112
39095007204,4591,4464,127
39095007205,5358,5009,349
39095007301,4923,4746,177
39095007302,2957,2715,242
39095007303,4629,4287,342
39095007400,5832,5394,438
39095007500,3947,3864,83
39095007600,4553,4527,26
39095007700,3539,3469,70
39095007800,3584,3452,132
39095007901,2156,2000,156
39095007902,5769,5608,161
39095008000,3918,3817,101
39095008100,4337,4094,243
39095008201,4734,4611,123
39095008202,5955,5936,19
39095008203,7470,7298,172
39095008301,5935,5705,230
39095008302,1747,1704,43
39095008400,4607,4467,140
39095008500,3821,3722,99
39095008600,5634,5371,263
39095008700,7861,7308,553
39095008800,7637,7289,348
39095008901,5538,5436,102
39095008902,6032,5871,161
39095009000,12351,12217,134
39095009101,4202,4091,111
39095009102,5347,5065,282
39095009201,8234,8062,172
39095009202,7061,6961,100
39095009300,1616,1609,7
39095009400,2612,2549,63
39095009500,2975,2632,343
39095009600,3338,3254,84
39095009700,3092,3020,72
39095009800,3835,3582,253
39095009900,4511,4172,339
39095010001,4247,3871,376
39095010002,3612,3267,345
39095010100,3984,3759,225
39095010200,2815,2577,238
39095010300,2241,1304,937
39095010400,3356,3140,216
39095990000,0,0,0
39097040101,2291,2202,89
39097040102,5292,5283,9
39097040201,2890,2848,42
39097040202,2440,2404,36
39097040400,2784,2776,8
39097040500,4417,4385,32
39097040600,5567,5384,183
39097040700,3120,3053,67
39097041000,4807,4635,172
39097041100,4808,4733,75
39097041200,3067,3051,16
39097041300,2054,2042,12
39099800300,1449,1335,114
39099800400,1048,1039,9
39099800500,3860,2478,1382
39099800600,1482,997,485
39099801000,1398,1234,164
39099801100,2224,2008,216
39099801200,1740,1581,159
39099801300,2384,2161,223
39099801400,2279,2216,63
39099801500,2041,1931,110
39099801600,2685,2407,278
39099801700,905,746,159
39099802100,953,911,42
39099802300,791,638,153
39099802400,2652,2345,307
39099802500,1585,1497,88
39099802600,1745,1622,123
39099802701,3312,3080,232
39099802702,3050,2920,130
39099802800,2572,2313,259
39099802900,2719,2589,130
39099803000,1812,1652,160
39099804000,2294,2202,92
39099804100,1205,1190,15
39099804200,2404,2314,90
39099804300,734,644,90
39099810100,4041,3538,503
39099810200,2293,1867,426
39099810300,1706,1173,533
39099810600,2825,2659,166
39099810700,5175,5089,86
39099810800,2445,2397,48
39099810900,2120,2022,98
39099811001,3940,3814,126
39099811002,7579,7344,235
39099811100,1161,1135,26
39099811200,2362,2345,17
39099811300,6573,5933,640
39099811400,3196,3102,94
39099811500,5558,5417,141
39099811600,3435,3334,101
39099811700,2671,2626,45
39099811800,1493,1407,86
39099811901,4367,4271,96
39099811902,3342,3290,52
39099812001,5446,5243,203
39099812002,3898,3863,35
39099812100,9579,9412,167
39099812200,6261,6212,49
39099812301,3852,3735,117
39099812302,6215,6024,191
39099812400,2961,2758,203
39099812500,5333,5278,55
39099812601,4015,3915,100
39099812602,5167,5139,28
39099812603,8377,8264,113
39099812700,2088,2018,70
39099812800,3646,3614,32
39099812900,4038,3975,63
39099813000,4412,4392,20
39099813200,4249,4044,205
39099813300,3152,3133,19
39099813400,3446,3321,125
39099813500,7389,7389,0
39099813600,8048,7864,184
39099813700,3066,2259,807
39099813800,3086,2668,418
39099813900,1490,1455,35
39099814000,3674,3362,312
39099814100,2522,2423,99
39101000100,1324,1318,6
39101000200,3264,3154,110
39101000300,1998,1945,53
39101000400,3694,3670,24
39101000501,2640,2559,81
39101000502,2746,2716,30
39101000600,4798,4584,214
39101000700,2508,2468,40
39101000800,2381,2342,39
39101000900,4057,3891,166
39101001000,2817,2774,43
39101001100,2344,2269,75
39101010100,5097,5026,71
39101010201,5033,5011,22
39101010202,5577,5237,340
39101010300,4982,4787,195
39101010400,4792,4778,14
39101010500,5568,5486,82
39103400100,7825,7747,78
39103402000,5245,4965,280
39103403001,3317,3317,0
39103403002,3191,3147,44
39103404000,4024,3904,120
39103405000,4549,4535,14
39103406000,5425,5369,56
39103407000,6673,6540,133
39103408001,3154,3102,52
39103408002,1929,1798,131
39103408003,2932,2890,42
39103408100,6959,6782,177
39103408201,4248,4110,138
39103408202,5351,5330,21
39103408301,3351,3303,48
39103408302,10211,10111,100
39103409001,2149,2097,52
39103409002,4523,4485,38
39103410000,4144,3941,203
39103411001,1869,1863,6
39103411002,2872,2832,40
39103412000,4352,4333,19
39103413000,5859,5714,145
39103415100,4358,4346,12
39103415200,4322,4190,132
39103415300,4247,4205,42
39103415400,4799,4485,314
39103415800,7018,6809,209
39103416000,5404,5367,37
39103416100,4880,4855,25
39103416200,3782,3679,103
39103416300,2630,2576,54
39103416400,3267,3139,128
39103417000,8263,8121,142
39103417100,6259,6259,0
39103417200,7542,7404,138
39103417300,4620,4605,15
39105964100,4456,4377,79
39105964200,4704,4696,8
39105964300,4585,4585,0
39105964400,3117,3117,0
39105964500,3084,3082,2
39105964600,3399,3358,41
39107967200,3694,3653,41
39107967300,4333,4318,15
39107967400,4775,4642,133
39107967500,5223,5150,73
39107967600,2959,2930,29
39107967700,6239,6134,105
39107967800,2112,2112,0
39107967900,6654,6485,169
39107968000,4897,4744,153
39109300100,4240,4210,30
39109315001,3871,3709,162
39109315002,4567,4554,13
39109315100,5899,5877,22
39109315300,5437,5347,90
39109320100,3597,3593,4
39109325000,2922,2871,51
39109330100,3439,3388,51
39109340100,5144,5139,5
39109345000,4856,4727,129
39109350100,7876,7876,0
39109355001,6159,6121,38
39109355002,1720,1680,40
39109365000,9179,9043,136
39109365101,3701,3687,14
39109365102,5270,5176,94
39109365200,3445,3414,31
39109365301,5825,5688,137
39109365302,5537,5287,250
39109380100,6644,6426,218
39109390100,4536,4477,59
39111966600,3151,3147,4
39111966700,3785,3773,12
39111966800,4109,4070,39
39111966900,3397,3380,17
39113000100,2632,2632,0
39113000200,2379,2379,0
39113000300,1750,1750,0
39113000400,3881,3855,26
39113000500,4205,4204,1
39113000600,1738,1738,0
39113000700,2240,2214,26
39113000801,3103,2949,154
39113000802,2250,2199,51
39113000900,2641,2621,20
39113001000,1132,1111,21
39113001100,4068,3803,265
39113001200,1063,1063,0
39113001501,3777,3579,198
39113001600,2248,2168,80
39113001700,804,785,19
39113001800,6129,5963,166
39113001900,4506,3717,789
39113002000,3094,2945,149
39113002200,2884,2374,510
39113002300,3445,3350,95
39113002400,2514,2069,445
39113002500,5223,4587,636
39113002600,6037,5885,152
39113002700,2010,1972,38
39113002800,2250,2250,0
39113002900,4070,4070,0
39113003000,3042,2945,97
39113003100,2652,2576,76
39113003201,3427,3280,147
39113003300,4587,4469,118
39113003402,6001,5839,162
39113003403,3550,3477,73
39113003404,2027,1897,130
39113003500,2276,2276,0
39113003800,2838,2831,7
39113003900,2305,2197,108
39113004100,2144,2144,0
39113004200,2440,2410,30
39113004300,2115,2081,34
39113004400,2216,2216,0
39113004600,1545,1537,8
39113010100,2094,2048,46
39113010200,6983,6901,82
39113020100,2709,2691,18
39113020200,2919,2869,50
39113020300,2646,2486,160
39113020400,6483,6279,204
39113020500,1465,1440,25
39113020601,1865,1729,136
39113020602,1675,1629,46
39113020700,3101,3087,14
39113020800,2368,2355,13
39113020900,2544,2434,110
39113021000,1743,1699,44
39113021100,3115,3075,40
39113021200,1677,1664,13
39113021301,2877,2867,10
39113021302,1969,1918,51
39113021400,2553,2526,27
39113021501,2990,2927,63
39113021502,1781,1723,58
39113021601,2203,2147,56
39113021602,3325,3306,19
39113021700,2363,2346,17
39113021800,2083,2055,28
39113021900,2251,2205,46
39113030100,4139,4052,87
39113030200,3156,3112,44
39113040101,1857,1795,62
39113040102,2126,2067,59
39113040103,2673,2644,29
39113040201,2696,2647,49
39113040203,2552,2500,52
39113040204,5044,5032,12
39113040302,5245,5098,147
39113040303,5031,4956,75
39113040305,2955,2920,35
39113040306,4900,4883,17
39113040401,5258,5087,171
39113040403,3949,3856,93
39113040405,5589,5528,61
39113040406,6608,6566,42
39113050101,3941,3803,138
39113050103,8180,7839,341
39113050104,2464,2426,38
39113050105,4783,4596,187
39113050301,2900,2794,106
39113050302,5295,5295,0
39113050303,4147,3963,184
39113050401,5168,5014,154
39113050402,2016,1980,36
39113050502,3197,3152,45
39113050503,6398,6280,118
39113050504,6651,6596,55
39113050600,3591,3562,29
39113060100,3185,3089,96
39113060200,1511,1366,145
39113060300,4435,4387,48
39113070101,4809,4803,6
39113070102,3688,3654,34
39113070201,1256,1222,34
39113070202,1911,1905,6
39113070300,2667,2519,148
39113070400,2536,2405,131
39113070500,4242,4236,6
39113070600,1080,1063,17
39113070700,3393,3328,65
39113080100,6282,5991,291
39113080200,2601,2559,42
39113080300,1916,1894,22
39113080400,2958,2862,96
39113080500,6240,6091,149
39113080600,1498,1498,0
39113080700,2142,2051,91
39113090302,6146,6000,146
39113090303,3359,3234,125
39113090304,7091,6705,386
39113090600,3786,3727,59
39113090700,1260,1232,28
39113090800,1347,1338,9
39113090900,3597,3507,90
39113091000,2397,2397,0
39113091100,3088,2581,507
39113100101,6314,6017,297
39113100102,5763,5629,134
39113100201,4698,4676,22
39113100202,2440,2366,74
39113100203,4936,4304,632
39113100301,4239,4229,10
39113100302,3190,3134,56
39113100400,4963,4791,172
39113110100,1482,1482,0
39113110201,4674,4657,17
39113110202,2910,2832,78
39113115002,3688,3638,50
39113115011,5617,5497,120
39113115012,5508,5432,76
39113120101,5137,4968,169
39113120102,4828,4771,57
39113120103,2843,2822,21
39113125000,6296,6149,147
39113125101,7212,7212,0
39113125102,6455,6414,41
39113130101,2388,2323,65
39113130102,6474,6385,89
39113140100,5977,5977,0
39113150100,6303,6250,53
39113160100,1978,1978,0
39113165000,6409,6330,79
39113165100,2396,2368,28
39113165200,1693,1670,23
39113980000,0,0,0
39115968800,3482,3447,35
39115968900,4157,4157,0
39115969000,3841,3765,76
39115969100,3377,3370,7
39117965000,4177,4091,86
39117965100,4536,4452,84
39117965200,7055,7023,32
39117965300,5816,5705,111
39117965400,6604,6600,4
39117965500,6844,6670,174
39119911000,4757,4734,23
39119911100,5789,5780,9
39119911200,6598,6503,95
39119911300,6076,6076,0
39119911400,3827,3590,237
39119911500,4691,4654,37
39119911600,5740,5740,0
39119911700,3658,3608,50
39119911800,3034,3020,14
39119911900,3510,3510,0
39119912000,3187,3187,0
39119912100,3665,3614,51
39119912200,3392,3318,74
39119912300,4332,4332,0
39119912400,4045,4019,26
39119912500,4540,4513,27
39119912600,3978,3958,20
39119912700,5701,5616,85
39119912800,5471,5375,96
39121968300,3954,3952,2
39121968400,7240,7128,112
39121968500,3235,3235,0
39123050100,542,528,14
39123050201,1866,1789,77
39123050202,1693,1645,48
39123050301,2744,2733,11
39123050302,2322,2294,28
39123050500,2979,2785,194
39123050600,3420,3012,408
39123050700,3381,3196,185
39123050800,4493,4411,82
39123050900,5600,5416,184
39123051000,5006,4672,334
39123051100,3788,3505,283
39123051200,3147,3024,123
39125960100,2749,2664,85
39125960200,4313,4110,203
39125960300,4116,3947,169
39125960400,3979,3627,352
39125960500,3900,3842,58
39127965800,7854,7786,68
39127965900,6486,6486,0
39127966000,5068,5044,24
39127966100,4079,4061,18
39127966200,6182,6153,29
39127966300,6278,6149,129
39129020100,1813,1813,0
39129020200,2815,2815,0
39129020310,5211,5013,198
39129020320,3672,3657,15
39129020400,2393,2393,0
39129021100,7810,7648,162
39129021200,7732,7654,78
39129021300,3701,3546,155
39129021401,3397,3370,27
39129021402,6529,6478,51
39129021500,3515,3493,22
39129021600,3384,3371,13
39129021700,4832,4798,34
39131952200,5394,5367,27
39131952300,5321,5294,27
39131952400,3302,3208,94
39131952500,3547,3545,2
39131952600,6236,6135,101
39131952700,4498,4483,15
39133600102,3611,3503,108
39133600103,5974,5909,65
39133600200,5949,5852,97
39133600301,8796,8578,218
39133600302,6916,6869,47
39133600401,6473,6078,395
39133600402,5410,5396,14
39133600403,4534,4345,189
39133600500,5635,5606,29
39133600602,2816,2808,8
39133600603,3728,3652,76
39133600703,1772,1725,47
39133600704,1681,1681,0
39133600705,2581,2561,20
39133600706,2912,2854,58
39133600800,3176,3167,9
39133600901,3907,3896,11
39133600902,5560,5492,68
39133601000,2407,2329,78
39133601100,5592,5573,19
39133601200,4618,4473,145
39133601300,8194,7992,202
39133601400,5373,5269,104
39133601501,2040,2027,13
39133601502,5945,5796,149
39133601503,4428,4379,49
39133601600,3913,3852,61
39133601701,6006,6006,0
39133601702,5801,5718,83
39133601801,3854,3804,50
39133601802,4312,4297,15
39133601901,2705,2593,112
39133601902,2799,2743,56
39133602000,5262,5262,0
39133602100,7116,7116,0
39135400100,3234,3192,42
39135410100,2189,2181,8
39135420100,4507,4507,0
39135430100,2747,2734,13
39135440100,3791,3787,4
39135450100,2205,2191,14
39135455001,2339,2311,28
39135455002,5532,5443,89
39135460100,2910,2880,30
39135470101,3706,3694,12
39135470102,4055,4020,35
39135480100,4346,4319,27
39137030100,4602,3561,1041
39137030200,5873,5845,28
39137030300,7803,7170,633
39137030400,3351,3302,49
39137030500,3734,3549,185
39137030600,3904,3871,33
39137030700,4849,4805,44
39139000400,2348,2334,14
39139000500,3426,3403,23
39139000600,3230,3192,38
39139000700,2708,2605,103
39139000800,2785,2750,35
39139000900,4315,4288,27
39139001000,5400,5143,257
39139001100,2966,2919,47
39139001200,3761,3689,72
39139001300,3350,3328,22
39139001400,2208,2198,10
39139001500,1817,1800,17
39139001600,2101,1987,114
39139001700,5379,5005,374
39139001800,3431,3401,30
39139001900,6092,6019,73
39139002000,5555,5555,0
39139002101,5428,5378,50
39139002102,4473,4397,76
39139002200,6864,6790,74
39139002300,6121,6047,74
39139002400,5494,5472,22
39139002500,4349,4248,101
39139002600,4548,4446,102
39139002700,4854,4841,13
39139002800,3787,3701,86
39139002900,4161,4113,48
39139003001,5478,5478,0
39139003002,3564,3452,112
39139003100,1895,1831,64
39141955500,6049,6016,33
39141955601,2185,2185,0
39141955602,5310,5111,199
39141955603,3929,3868,61
39141955700,5598,5493,105
39141955800,7590,7574,16
39141955900,4288,4194,94
39141956000,5383,5237,146
39141956100,3641,3610,31
39141956200,2143,2094,49
39141956300,3118,2989,129
39141956400,3346,3327,19
39141956500,4133,4130,3
39141956600,5220,5220,0
39141956700,4221,4221,0
39141956800,5984,5984,0
39141956900,5055,5050,5
39143960800,3502,3436,66
39143960900,3315,3063,252
39143961000,4083,3661,422
39143961100,4084,3673,411
39143961200,3822,3464,358
39143961300,4212,3788,424
39143961400,3280,2646,634
39143961500,4256,3265,991
39143961600,3375,2863,512
39143961700,2964,2672,292
39143961800,3949,3330,619
39143961900,3645,3443,202
39143962000,6274,5929,345
39143962100,4746,4722,24
39143962200,4363,4204,159
39145002100,5007,4993,14
39145002200,4475,4351,124
39145002300,4845,4774,71
39145002400,5966,5894,72
39145002500,3142,3142,0
39145002600,4043,4018,25
39145002700,4891,4879,12
39145002800,4796,4760,36
39145002900,5852,5835,17
39145003000,4019,4010,9
39145003100,3291,3248,43
39145003200,1790,1790,0
39145003300,2683,2683,0
39145003400,3394,3390,4
39145003500,2360,2334,26
39145003600,2479,2423,56
39145003700,3222,3112,110
39145003800,4394,4103,291
39145003900,2797,2797,0
39145004000,3920,3866,54
39147962500,3739,3653,86
39147962600,4179,3978,201
39147962700,3374,3239,135
39147962800,3724,3283,441
39147962900,3612,3275,337
39147963000,3828,3504,324
39147963100,4408,4347,61
39147963200,4096,3932,164
39147963300,3815,3661,154
39147963400,4382,4075,307
39147963500,3311,3285,26
39147963600,4511,4313,198
39147963700,4996,4806,190
39147963800,3736,3676,60
39149971400,4177,4140,37
39149971500,5619,5552,67
39149971600,4852,4836,16
39149971700,4547,4547,0
39149971800,5481,5304,177
39149971900,4441,4148,293
39149972000,3621,3576,45
39149972100,5603,5603,0
39149972200,5345,5280,65
39149972300,5263,5241,22
39151700100,1046,1019,27
39151700200,6069,5789,280
39151700300,2866,2836,30
39151700400,4690,4639,51
39151700500,2789,2624,165
39151700600,2778,2474,304
39151700700,7216,7056,160
39151700800,3866,3559,307
39151701000,3424,3409,15
39151701100,3392,3204,188
39151701200,3263,3131,132
39151701300,4440,4293,147
39151701500,2628,2570,58
39151701700,2417,2319,98
39151701800,2310,2225,85
39151702100,3368,3354,14
39151702300,3566,3530,36
39151702500,3262,3254,8
39151710200,4822,4665,157
39151710300,3476,3214,262
39151710400,998,957,41
39151710500,4258,4221,37
39151710600,4958,4780,178
39151710700,3599,3557,42
39151710800,5331,5319,12
39151710900,4377,4343,34
39151711000,7792,7738,54
39151711111,4772,4738,34
39151711112,5270,5224,46
39151711121,6432,6432,0
39151711122,5826,5735,91
39151711202,4217,4177,40
39151711211,7064,7029,35
39151711212,2456,2449,7
39151711311,7873,7666,207
39151711312,6917,6795,122
39151711321,3785,3732,53
39151711322,3309,3298,11
39151711402,6499,6468,31
39151711411,3780,3769,11
39151711412,4427,4427,0
39151711501,3977,3841,136
39151711502,3243,3237,6
39151711600,6229,5839,390
39151711700,5383,5137,246
39151711800,4866,4694,172
39151711900,4866,4851,15
39151712000,4259,4237,22
39151712102,7397,7231,166
39151712111,6370,6291,79
39151712112,1790,1766,24
39151712201,6610,6463,147
39151712202,5862,5727,135
39151712300,6213,6149,64
39151712400,7262,7262,0
39151712500,1982,1971,11
39151712601,2456,2456,0
39151712602,4803,4681,122
39151712700,5243,5160,83
39151712800,4636,4619,17
39151712900,3922,3873,49
39151713000,3840,3801,39
39151713100,5808,5795,13
39151713201,6885,6799,86
39151713202,2007,2001,6
39151713300,4516,4494,22
39151713401,5570,5494,76
39151713402,4356,4338,18
39151713501,5417,5313,104
39151713502,5599,5599,0
39151713600,2631,2592,39
39151713700,2167,2153,14
39151713900,2020,1861,159
39151714000,4182,4167,15
39151714100,3375,3289,86
39151714200,2736,2608,128
39151714302,3890,3821,69
39151714400,3820,3515,305
39151714600,4316,4302,14
39151714701,6054,6003,51
39151714702,2707,2682,25
39151714801,6511,6492,19
39151714802,2824,2807,17
39151714901,3938,3938,0
39151714902,3659,3585,74
39151715000,2937,2871,66
39153501100,1689,1539,150
39153501700,1644,1600,44
39153501800,1025,1025,0
39153501900,2346,2316,30
39153502101,3143,2853,290
39153502102,4370,4369,1
39153502200,6991,6864,127
39153502300,5400,5345,55
39153502500,1114,1114,0
39153502600,2683,2661,22
39153502700,6931,6904,27
39153502800,4897,4829,68
39153503100,1830,1825,5
39153503200,1811,1740,71
39153503300,5276,5181,95
39153503400,1478,1413,65
39153503500,3189,3175,14
39153503600,4085,4070,15
39153503701,5632,5465,167
39153503702,5685,5650,35
39153503800,3883,3663,220
39153504100,1483,1483,0
39153504200,1883,1838,45
39153504400,1394,1378,16
39153504500,2001,1794,207
39153504600,3453,3329,124
39153504700,4987,4915,72
39153504800,4884,4824,60
39153505200,1459,1435,24
39153505300,1473,1472,1
39153505400,3683,3652,31
39153505500,2980,2954,26
39153505600,1270,1264,6
39153505700,2287,2239,48
39153505800,4929,4611,318
39153505900,2278,2249,29
39153506100,5365,5300,65
39153506200,3582,3481,101
39153506400,2962,2962,0
39153506500,2785,2724,61
39153506600,2444,2422,22
39153506700,1469,1469,0
39153506800,2184,2121,63
39153507101,4473,4295,178
39153507102,2946,2935,11
39153507201,2562,2421,141
39153507202,3609,3508,101
39153507203,4616,4495,121
39153507300,3177,3151,26
39153507400,1124,1082,42
39153507500,6447,6151,296
39153507600,4566,4247,319
39153508000,4301,4276,25
39153508301,2263,2142,121
39153508399,4717,4717,0
39153508600,2591,2582,9
39153508800,5742,5687,55
39153508900,4305,4221,84
39153509000,1768,1763,5
39153510100,2896,2846,50
39153510200,4166,3997,169
39153510301,5238,5103,135
39153510302,6150,6142,8
39153510400,3713,3713,0
39153510500,4311,4195,116
39153520103,2014,1983,31
39153520104,4703,4645,58
39153520105,4069,3972,97
39153520106,2611,2565,46
39153520201,2779,2748,31
39153520202,4663,4646,17
39153520301,3381,3161,220
39153520302,3188,3132,56
39153520400,4722,4292,430
39153520500,4389,4285,104
39153520600,3554,3431,123
39153530101,5536,5461,75
39153530103,4515,4427,88
39153530104,7494,7286,208
39153530105,2296,2277,19
39153530108,4547,4377,170
39153530401,3493,3430,63
39153530402,3577,3521,56
39153530501,5507,5421,86
39153530502,3309,3274,35
39153530603,4712,4546,166
39153530604,3390,3390,0
39153530605,5089,4961,128
39153530606,5669,5599,70
39153530700,2452,2448,4
39153530800,6560,6538,22
39153530901,4659,4619,40
39153530902,6022,5998,24
39153530903,5100,5018,82
39153531001,3340,3316,24
39153531002,6142,6114,28
39153531101,3043,3043,0
39153531102,4479,4477,2
39153531103,3036,2986,50
39153531401,7221,7127,94
39153531405,4376,4323,53
39153531500,8347,8276,71
39153531601,4274,4274,0
39153531602,3099,3079,20
39153531701,3699,3676,23
39153531702,4557,4507,50
39153531801,5280,5213,67
39153531802,4554,4487,67
39153532001,3532,3503,29
39153532003,4382,4291,91
39153532004,4130,4085,45
39153532202,6560,6453,107
39153532301,5612,5429,183
39153532302,5669,5669,0
39153532501,3203,3148,55
39153532502,2966,2965,1
39153532600,2592,2561,31
39153532701,7811,7617,194
39153532702,3679,3669,10
39153532703,5842,5704,138
39153532705,7328,7198,130
39153532706,3636,3616,20
39153532708,4986,4889,97
39153532901,1453,1453,0
39153532902,8947,8694,253
39153532999,5769,5752,17
39153533000,1636,1589,47
39153533101,4873,4721,152
39153533102,2648,2578,70
39153533200,5356,5260,96
39153533400,5913,5816,97
39153533501,7855,7769,86
39153533502,4124,4037,87
39153534000,6738,6564,174
39153534100,2667,2637,30
39155920300,3082,3069,13
39155920400,2591,2500,91
39155920500,1000,1000,0
39155920600,3943,3807,136
39155920700,4533,4424,109
39155920800,2238,2186,52
39155920900,3451,3391,60
39155921000,5151,5085,66
39155921100,3941,3859,82
39155921200,1828,1710,118
39155921300,2255,2124,131
39155921400,3385,3323,62
39155921500,5383,5323,60
39155921600,3860,3806,54
39155930101,3259,3244,15
39155930102,2571,2508,63
39155930200,2515,2515,0
39155930300,3557,3429,128
39155930400,4071,3978,93
39155930500,5975,5956,19
39155930600,3620,3620,0
39155930700,4207,4165,42
39155930800,4765,4718,47
39155930900,6731,6705,26
39155931000,6089,6089,0
39155931100,2388,2388,0
39155931200,3884,3772,112
39155931300,4181,4174,7
39155931400,4434,4434,0
39155931500,3634,3548,86
39155931601,4477,4427,50
39155931602,2980,2955,25
39155931700,2094,2004,90
39155931900,5910,5790,120
39155932000,5685,5388,297
39155932200,2642,2537,105
39155932300,5791,5624,167
39155932500,3173,3164,9
39155932600,3376,3376,0
39155932701,6029,5991,38
39155932702,2347,2302,45
39155932801,3041,2874,167
39155932802,3545,3519,26
39155932900,2392,2352,40
39155933001,5402,5383,19
39155933002,4226,4174,52
39155933100,2427,2393,34
39155933301,2891,2865,26
39155933302,4477,4442,35
39155933400,3325,3318,7
39155933500,3800,3774,26
39155933600,4844,4680,164
39155933700,2789,2789,0
39155933800,2714,2626,88
39155933900,2009,2000,9
39157020100,5351,5330,21
39157020200,3722,3702,20
39157020300,3449,3386,63
39157020400,5489,5471,18
39157020500,5281,5253,28
39157020600,5354,5343,11
39157020700,6165,5609,556
39157020800,5907,5292,615
39157020900,4126,4122,4
39157021000,4871,4711,160
39157021100,2720,2311,409
39157021200,2750,2727,23
39157021300,4781,4763,18
39157021400,2313,2277,36
39157021500,7822,7822,0
39157021600,4614,4591,23
39157021700,5511,5395,116
39157021800,2878,2843,35
39157021900,2585,2585,0
39157022001,3390,3383,7
39157022002,3500,3488,12
39159050100,3676,3614,62
39159050200,5128,5066,62
39159050301,3883,3839,44
39159050303,6866,6840,26
39159050304,2690,2690,0
39159050400,9671,9374,297
39159050500,5253,5253,0
39159050601,4813,4667,146
39159050602,4021,3889,132
39159050700,7954,7905,49
39161020100,3891,3837,54
39161020200,4399,4333,66
39161020300,2721,2700,21
39161020400,3198,3170,28
39161020500,3112,3021,91
39161020600,1666,1643,23
39161020700,1684,1669,15
39161020800,4462,4052,410
39161020900,3368,3253,115
39163953000,5052,5052,0
39163953100,5124,5096,28
39163953200,2952,2952,0
39165030101,4423,4386,37
39165030102,4095,4061,34
39165030200,1251,1239,12
39165030501,3816,3816,0
39165030503,5446,5207,239
39165030504,4765,4624,141
39165030600,4085,4062,23
39165030700,6862,6711,151
39165030800,6276,6244,32
39165030900,14232,13913,319
39165031000,8639,8456,183
39165031100,4062,4048,14
39165031200,7751,7536,215
39165031300,5116,5025,91
39165031400,5357,5042,315
39165031500,5005,4989,16
39165031600,7710,7710,0
39165031700,5022,4833,189
39165031902,10659,10407,252
39165031903,16612,15742,870
39165031904,6529,6491,38
39165032003,6975,6882,93
39165032004,5891,5714,177
39165032005,11604,11398,206
39165032006,3736,3543,193
39165032007,6488,5971,517
39165032100,6567,6297,270
39165032201,20188,19915,273
39165032202,5646,5373,273
39165032300,4623,4558,65
39165032400,4964,4771,193
39165032501,3505,3477,28
39165032502,4284,4113,171
39167020101,3728,3645,83
39167020102,2291,2291,0
39167020200,6817,6817,0
39167020300,3673,3643,30
39167020400,2298,2261,37
39167020500,2525,2486,39
39167020800,4011,3994,17
39167020900,2298,2246,52
39167021000,3635,3540,95
39167021100,4115,4115,0
39167021200,5793,5748,45
39167021300,4875,4812,63
39167021400,3971,3836,135
39167021500,1447,1447,0
39167021600,3727,3727,0
39167021700,5950,5926,24
39169000100,3805,3748,57
39169000200,2974,2900,74
39169000300,2731,2598,133
39169000500,3996,3836,160
39169000600,5673,5619,54
39169000700,6840,6728,112
39169000800,7230,7194,36
39169000900,3989,3956,33
39169001000,2938,2665,273
39169001100,1384,1372,12
39169001200,1216,1169,47
39169001300,4073,4014,59
39169001400,2972,2634,338
39169001700,7581,7472,109
39169001800,3898,3887,11
39169001900,3097,3050,47
39169002000,3115,3072,43
39169002100,2946,2946,0
39169002200,3926,3896,30
39169002300,2988,2853,135
39169002400,3949,3949,0
39169002500,2724,2719,5
39169002901,3628,3555,73
39169002902,5187,5109,78
39169003000,2132,2105,27
39169003100,2252,2231,21
39169003200,3723,3687,36
39169003300,2982,2982,0
39169003400,3430,3430,0
39169003500,3375,3367,8
39169003700,3893,3863,30
39169980000,1100,1060,40
39171950100,4983,4880,103
39171950200,3935,3882,53
39171950300,4354,4248,106
39171950400,4654,4402,252
39171950500,4151,3729,422
39171950600,4623,4400,223
39171950700,4356,4189,167
39171950800,3247,3218,29
39171950900,2967,2815,152
39173020100,5337,4921,416
39173020200,2843,2765,78
39173020300,4738,4564,174
39173020401,5698,5591,107
39173020402,5656,5441,215
39173020500,2599,2532,67
39173020601,3996,3646,350
39173020602,6880,6717,163
39173020700,6889,6471,418
39173020800,4212,4081,131
39173020900,7029,6625,404
39173021000,3936,3805,131
39173021100,3951,3881,70
39173021200,5771,5602,169
39173021300,3694,3562,132
39173021400,3328,2725,603
39173021500,2604,2377,227
39173021600,7092,6821,271
39173021701,3789,3667,122
39173021702,5175,4839,336
39173021800,5747,5434,313
39173021901,3580,3502,78
39173021902,5570,4953,617
39173022100,4332,4049,283
39173022200,2667,2472,195
39173022300,4085,3874,211
39173022400,3731,3433,298
39173022500,4489,4307,182
39175938000,4232,4131,101
39175938100,4171,4087,84
39175938200,4008,3929,79
39175938300,3770,3701,69
39175938400,3076,2912,164
39175938500,3102,3019,83
40001376600,2461,2353,108
40001376700,5176,4936,240
40001376800,4724,4529,195
40001376900,4630,4067,563
40001377000,5170,4914,256
40003955600,1485,1432,53
40003955700,1359,1314,45
40003956000,2940,2749,191
40005587600,1792,1746,46
40005587700,3856,3692,164
40005587800,3505,3394,111
40005587900,4694,4544,150
40007951600,2469,1836,633
40007951700,1332,1247,85
40007951800,1678,1205,473
40009966100,8563,7033,1530
40009966200,6325,5784,541
40009966500,2205,2027,178
40009966800,6197,5231,966
40011958600,1446,1326,120
40011958700,1305,1247,58
40011958800,1106,1087,19
40011958900,4177,3485,692
40011959000,1743,1694,49
40013795600,2560,2423,137
40013795700,3794,3653,141
40013795900,1529,1517,12
40013796001,6133,5875,258
40013796002,4746,4620,126
40013796100,8850,8517,333
40013796200,4535,3935,600
40013796300,2020,1812,208
40013796400,2245,1936,309
40013796500,2290,2152,138
40013796600,5827,5627,200
40015161600,6582,5489,1093
40015161700,1783,1532,251
40015161800,3478,2913,565
40015161900,1517,1437,80
40015162000,3273,3061,212
40015162100,7502,6516,986
40015162200,2520,2415,105
40015162300,2855,2696,159
40017300100,2841,2724,117
40017300201,6018,5488,530
40017300202,5014,4790,224
40017300300,4001,3021,980
40017300400,1111,850,261
40017300500,3806,3099,707
40017300600,3321,3091,230
40017300700,6036,5384,652
40017300801,10522,9664,858
40017300802,2557,2450,107
40017300901,6412,6047,365
40017300902,2525,2399,126
40017300904,4032,3315,717
40017300905,4926,4720,206
40017301001,270,270,0
40017301003,6064,5641,423
40017301006,3111,2964,147
40017301007,5710,5227,483
40017301008,6616,6082,534
40017301009,4157,4075,82
40017301100,6769,6540,229
40017301201,3932,3609,323
40017301202,3073,2828,245
40017301300,5359,5019,340
40017301406,5854,5509,345
40017301407,5641,5353,288
40017301408,1751,1685,66
40017301409,3021,2836,185
40017301410,5121,4641,480
40019892100,2640,2513,127
40019892200,1326,1275,51
40019892300,3030,2878,152
40019892400,3384,3330,54
40019892500,9903,9458,445
40019892600,5523,5283,240
40019892700,4826,4664,162
40019892800,5329,4649,680
40019892900,2406,2118,288
40019893000,7165,6533,632
40019893100,2998,2648,350
40021977600,5457,5158,299
40021977700,6510,6138,372
40021977800,7048,6607,441
40021977900,6706,6283,423
40021978000,4384,3764,620
40021978100,6246,5851,395
40021978201,2778,2515,263
40021978202,2765,2644,121
40021978300,6373,6069,304
40023966900,2611,2520,91
40023967000,3122,3022,100
40023967100,3623,3489,134
40023967200,2551,2442,109
40023967300,3144,3006,138
40025950100,1141,973,168
40025950300,1128,820,308
40027200100,292,283,9
40027200200,1660,1517,143
40027200300,4150,3327,823
40027200400,2052,1665,387
40027200500,4288,4020,268
40027200601,6249,5670,579
40027200602,3825,3526,299
40027200700,244,223,21
40027200800,7725,7445,280
40027200900,3668,3460,208
40027201000,5811,5534,277
40027201101,5489,5148,341
40027201102,2770,2607,163
40027201201,1612,1439,173
40027201202,6326,5922,404
40027201203,5677,5106,571
40027201301,7668,6789,879
40027201403,5586,4987,599
40027201404,3552,3270,282
40027201405,5192,4869,323
40027201505,5697,5359,338
40027201507,6634,6424,210
40027201508,3723,3084,639
40027201509,3245,3023,222
40027201510,7872,7718,154
40027201602,2989,2862,127
40027201603,3923,3478,445
40027201604,3060,2673,387
40027201607,5776,5488,288
40027201609,4464,4202,262
40027201610,4123,3682,441
40027201611,1904,1726,178
40027201612,5104,4276,828
40027201700,2470,2337,133
40027201801,4059,3839,220
40027201802,3449,3102,347
40027201902,4442,3984,458
40027201903,3004,2708,296
40027201904,4665,4035,630
40027202002,4255,3957,298
40027202004,3510,3169,341
40027202005,6124,5480,644
40027202006,2995,2703,292
40027202007,3588,3199,389
40027202008,4879,4644,235
40027202102,2617,2420,197
40027202104,2471,2336,135
40027202105,4693,4103,590
40027202106,7047,6319,728
40027202107,2916,2661,255
40027202201,4063,3530,533
40027202203,4828,4361,467
40027202205,7334,6713,621
40027202206,3083,2915,168
40027202301,5841,5658,183
40027202302,5541,5054,487
40027202402,5968,5847,121
40027202403,5079,4892,187
40027202404,4669,4501,168
40027202405,6377,6051,326
40027202500,6799,6425,374
40027202600,2702,2415,287
40029388100,3860,3691,169
40029388200,1895,1836,59
40031000100,4288,3663,625
40031000200,2279,1736,543
40031000300,6058,5460,598
40031000401,6781,5662,1119
40031000402,4125,3493,632
40031000403,4770,4290,480
40031000501,7316,6639,677
40031000502,8648,7022,1626
40031000600,2036,1804,232
40031000700,2560,2015,545
40031000800,2619,2244,375
40031000900,2047,1871,176
40031001000,1700,1510,190
40031001100,1746,1572,174
40031001400,1134,918,216
40031001500,3218,2662,556
40031001600,2067,1722,345
40031001700,2366,2023,343
40031001901,1802,1562,240
40031001902,1823,1702,121
40031002001,5383,4845,538
40031002003,1860,1751,109
40031002004,3809,3443,366
40031002005,5823,5161,662
40031002100,7875,7373,502
40031002200,5733,5166,567
40031002301,5950,5477,473
40031002302,5055,4788,267
40031002401,196,173,23
40031002403,4396,3572,824
40031002404,6072,5025,1047
40031002500,3048,2753,295
40033871100,3901,3583,318
40033871200,2161,2050,111
40035373100,3321,3186,135
40035373200,2370,2274,96
40035373300,3946,3804,142
40035373400,2832,2751,81
40035373500,2214,2188,26
40037020101,2097,1968,129
40037020102,1611,1553,58
40037020103,3021,2924,97
40037020601,6436,6090,346
40037020602,3425,3200,225
40037020702,3404,3349,55
40037020704,1470,1449,21
40037020705,2735,2635,100
40037020706,5106,5045,61
40037020707,2046,1985,61
40037020800,3439,3320,119
40037020900,2890,2820,70
40037021000,3950,3873,77
40037021101,3380,3292,88
40037021102,3653,3552,101
40037021201,2082,1949,133
40037021202,4165,3948,217
40037021300,2189,2016,173
40037021400,6082,5856,226
40037021500,5302,5042,260
40037021600,2448,2434,14
40039950800,3611,2155,1456
40039960400,7713,6084,1629
40039960600,6135,5179,956
40039960700,8362,7742,620
40039961000,3427,3201,226
40041375601,3408,3273,135
40041375602,3434,3371,63
40041375700,7756,7533,223
40041375801,3128,3025,103
40041375802,3308,3246,62
40041375900,3966,3899,67
40041376000,5763,5418,345
40041376100,5035,4902,133
40041976200,5635,5308,327
40043959100,2018,1901,117
40043959200,1576,1457,119
40043959300,1268,1195,73
40045952600,2824,2590,234
40045952800,1299,1230,69
40047000100,5537,4682,855
40047000200,2667,2575,92
40047000600,6708,5758,950
40047000700,6020,4219,1801
40047001100,3517,3432,85
40047001200,3963,3790,173
40047001300,8404,8175,229
40047001401,3628,3390,238
40047001402,4440,4096,344
40047001500,6936,5305,1631
40047001601,5971,5456,515
40047001602,4690,4548,142
40049681100,3041,2965,76
40049681200,3595,3221,374
40049681300,2873,2231,642
40049681400,5033,4472,561
40049681500,2592,2451,141
40049681600,2056,2023,33
40049681700,2063,2012,51
40049681800,3056,2926,130
40049681900,3261,3152,109
40051000100,1155,1029,126
40051000400,3745,3375,370
40051000500,6549,6072,477
40051000600,5566,5310,256
40051000700,7386,7161,225
40051000800,7111,6796,315
40051000901,2318,2178,140
40051000902,6250,6000,250
40051000903,10023,9702,321
40051001000,3852,3435,417
40053956400,1641,1566,75
40053956500,2856,2729,127
40055967100,2705,2461,244
40055967200,3376,2966,410
40057967800,2813,2045,768
40059952100,1725,1519,206
40059952200,2060,1467,593
40061279100,2140,2098,42
40061279200,4418,4190,228
40061279300,3788,3671,117
40061279400,2489,2376,113
40063484600,2694,2592,102
40063484700,2451,2339,112
40063484800,3835,3618,217
40063484900,2446,2314,132
40063485000,2301,2212,89
40065968100,2656,2522,134
40065968200,1742,1398,344
40065968300,1718,1344,374
40065968400,5248,4737,511
40065968500,4252,3628,624
40065968600,5252,2870,2382
40065968700,1789,1173,616
40065968800,3207,2274,933
40067371600,1965,1820,145
40067371700,1597,1338,259
40067371800,2718,2524,194
40069660198,3321,3241,80
40069660200,4916,4604,312
40069660300,2790,2663,127
40071000100,5715,5273,442
40071000201,3215,2996,219
40071000202,5106,4903,203
40071000300,4279,4109,170
40071000400,2287,2090,197
40071000500,4032,3418,614
40071000600,3625,3522,103
40071001100,3942,3636,306
40071001200,4584,4463,121
40071001301,4091,3485,606
40071001302,4522,4198,324
40073958100,4803,3345,1458
40073958200,2294,1971,323
40073958300,5842,5355,487
40073958400,2453,2431,22
40075963600,1399,1349,50
40075963700,3960,3340,620
40075964200,3880,3550,330
40077087100,2382,2346,36
40077087200,5315,5110,205
40077087300,2946,2838,108
40079040102,4493,4436,57
40079040198,2010,1971,39
40079040299,4244,4120,124
40079040301,5708,5495,213
40079040302,3996,3938,58
40079040303,3799,3641,158
40079040401,4735,4059,676
40079040402,4024,3481,543
40079040500,5141,5040,101
40079040601,3777,3037,740
40079040602,5283,4711,572
40079040700,2675,2576,99
40081961100,4478,4291,187
40081961200,4435,4292,143
40081961300,4488,4363,125
40081961400,7836,7589,247
40081961500,5080,4983,97
40081961600,3120,2960,160
40081961700,5203,5101,102
40083600100,5023,4882,141
40083600200,2943,2742,201
40083600300,2686,2596,90
40083600400,9519,8507,1012
40083600500,7976,7625,351
40083600600,3970,3826,144
40083600700,4966,4738,228
40083600800,8088,7743,345
40085094100,2931,2023,908
40085094200,4885,4404,481
40085094300,1952,1939,13
40087400101,7758,7452,306
40087400102,10169,9710,459
40087400201,3535,3244,291
40087400202,8578,7655,923
40087400300,5956,5117,839
40087400400,1226,1202,24
40089098200,2855,2725,130
40089098300,1537,1519,18
40089098400,4429,4252,177
40089098500,5868,5787,81
40089098600,5745,5236,509
40089098700,4295,3906,389
40089098800,5665,5164,501
40089098900,2677,2649,28
40091779600,5024,4983,41
40091779700,3506,3367,139
40091779900,2681,2654,27
40091780100,2291,2235,56
40091780200,3135,3052,83
40091780300,3524,3361,163
40093955100,3414,2957,457
40093955200,1458,1313,145
40093955300,2849,2749,100
40095094698,3795,3427,368
40095094700,4880,2931,1949
40095094801,3572,3490,82
40095094802,3832,3584,248
40097040100,5220,4672,548
40097040200,4424,4396,28
40097040300,4182,4052,130
40097040400,5908,5808,100
40097040501,3177,3108,69
40097040502,3873,3790,83
40097040600,3891,3798,93
40097040700,3919,3748,171
40097040800,6329,6251,78
40099790600,2427,2395,32
40099790700,5145,4771,374
40099790800,6220,5831,389
40101000100,4612,4456,156
40101000200,1679,1598,81
40101000300,3382,3234,148
40101000400,1684,1491,193
40101000600,3933,3696,237
40101000700,5244,4295,949
40101000801,4843,4773,70
40101000802,2685,2448,237
40101000900,7730,7251,479
40101001000,1846,1653,193
40101001100,3362,3353,9
40101001200,4475,4320,155
40101001300,6234,5879,355
40101001400,7070,6668,402
40101001500,6727,6577,150
40101001600,4433,4241,192
40103956600,3178,3006,172
40103956900,3713,3588,125
40103957000,1881,1868,13
40103957100,2698,2630,68
40105172100,2223,2159,64
40105172200,1611,1588,23
40105172300,2010,1922,88
40105172400,4666,4541,125
40107080600,2960,2907,53
40107080700,3325,3209,116
40107080900,3604,3426,178
40107081000,2323,2202,121
40109100100,3426,3002,424
40109100200,6423,5042,1381
40109100300,2786,2614,172
40109100400,2008,1998,10
40109100500,1921,1845,76
40109100600,839,770,69
40109100700,1219,1164,55
40109100800,2707,2371,336
40109100900,1474,1359,115
40109101000,3024,2571,453
40109101100,804,786,18
40109101200,1377,1306,71
40109101300,2723,2531,192
40109101400,1037,975,62
40109101500,1534,1521,13
40109101600,391,350,41
40109101700,1255,1231,24
40109101800,1492,1415,77
40109101900,2560,2008,552
40109102000,2880,2407,473
40109102100,2264,1352,912
40109102200,2743,1545,1198
40109102300,3252,1995,1257
40109102400,3359,1629,1730
40109102500,546,543,3
40109102600,618,606,12
40109102700,95,93,2
40109102800,2799,2471,328
40109102900,888,874,14
40109103000,355,351,4
40109103200,4932,4474,458
40109103300,1564,817,747
40109103400,441,90,351
40109103500,298,137,161
40109103601,245,232,13
40109103602,683,669,14
40109103700,288,257,31
40109103800,887,845,42
40109103900,3770,1152,2618
40109104000,249,84,165
40109104100,3024,1587,1437
40109104200,2272,449,1823
40109104300,3605,954,2651
40109104400,3390,571,2819
40109104500,4041,835,3206
40109104600,791,225,566
40109104700,1504,456,1048
40109104800,3113,1188,1925
40109104900,3936,1453,2483
40109105000,2269,482,1787
40109105100,2283,2196,87
40109105201,1472,1464,8
40109105202,1096,1089,7
40109105300,3271,1599,1672
40109105400,1757,796,961
40109105500,3369,1113,2256
40109105600,5131,1950,3181
40109105700,1014,671,343
40109105800,867,570,297
40109105903,2312,1880,432
40109105904,4018,2967,1051
40109105905,2180,1518,662
40109105906,3209,2354,855
40109105907,4618,2664,1954
40109106000,2326,2313,13
40109106100,2834,2794,40
40109106200,1531,1496,35
40109106301,3831,3298,533
40109106302,4391,3752,639
40109106303,3218,2383,835
40109106401,2131,2075,56
40109106402,2216,2041,175
40109106403,4890,4702,188
40109106501,3174,3060,114
40109106502,4138,3535,603
40109106503,1521,1374,147
40109106601,2749,2449,300
40109106602,2629,2438,191
40109106604,2242,2078,164
40109106606,2392,2010,382
40109106607,4059,3456,603
40109106608,2812,2620,192
40109106609,1009,942,67
40109106610,1662,1587,75
40109106702,3811,2966,845
40109106704,2320,2133,187
40109106705,2357,2139,218
40109106706,3684,3165,519
40109106707,6607,5940,667
40109106708,2241,2163,78
40109106801,1889,1755,134
40109106802,1557,1394,163
40109106803,2953,2049,904
40109106804,3813,2829,984
40109106902,2731,2205,526
40109106903,6279,5526,753
40109106906,3368,2563,805
40109106907,2013,1608,405
40109106909,1685,1509,176
40109106910,2408,2109,299
40109106911,1753,1415,338
40109106912,3219,2981,238
40109106913,4097,3045,1052
40109106914,4487,2898,1589
40109106915,6050,3129,2921
40109107001,6159,2576,3583
40109107002,2105,1180,925
40109107101,0,0,0
40109107103,1796,928,868
40109107104,3325,1831,1494
40109107206,4419,2860,1559
40109107207,2229,1614,615
40109107209,6097,3587,2510
40109107210,1053,934,119
40109107211,2534,1912,622
40109107212,5886,5571,315
40109107213,5394,3255,2139
40109107214,2889,1684,1205
40109107215,4517,2172,2345
40109107216,3252,1591,1661
40109107217,2214,1008,1206
40109107218,2948,1343,1605
40109107219,3547,1127,2420
40109107220,3942,1608,2334
40109107221,1976,1231,745
40109107222,1719,963,756
40109107223,2689,1472,1217
40109107302,2686,1826,860
40109107303,1581,1269,312
40109107305,1289,983,306
40109107306,3350,2762,588
40109107401,6441,5721,720
40109107403,6009,5756,253
40109107404,3491,3414,77
40109107405,4912,4551,361
40109107500,3117,2582,535
40109107601,2128,2002,126
40109107604,1972,1809,163
40109107605,2483,2385,98
40109107606,202,195,7
40109107607,3677,3483,194
40109107703,3793,3520,273
40109107704,1684,1604,80
40109107705,2043,1920,123
40109107706,3148,2854,294
40109107707,1355,1264,91
40109107801,3891,3552,339
40109107804,2483,2410,73
40109107805,2690,2376,314
40109107806,4259,3802,457
40109107807,2610,2233,377
40109107808,1966,1841,125
40109107809,1723,1603,120
40109107810,2416,2241,175
40109107900,1725,1703,22
40109108003,3922,3777,145
40109108005,2349,2261,88
40109108006,3778,3306,472
40109108007,3245,3167,78
40109108008,4657,4297,360
40109108009,2689,2371,318
40109108010,3294,2687,607
40109108011,3747,3645,102
40109108101,4073,3935,138
40109108106,5423,5291,132
40109108107,2798,2755,43
40109108109,5483,5311,172
40109108110,4352,4263,89
40109108113,5176,4531,645
40109108114,4846,4542,304
40109108201,3735,3446,289
40109108203,3516,3172,344
40109108204,3113,2425,688
40109108206,4736,4629,107
40109108207,1503,1391,112
40109108208,4155,3975,180
40109108213,9966,9723,243
40109108215,4401,3981,420
40109108216,3401,3275,126
40109108217,4463,4281,182
40109108218,9708,9076,632
40109108219,6510,6326,184
40109108220,5887,5795,92
40109108221,8222,7848,374
40109108301,2087,1970,117
40109108302,4911,4678,233
40109108303,6407,5925,482
40109108304,4982,4739,243
40109108307,5158,4773,385
40109108309,2564,2348,216
40109108310,2476,2270,206
40109108313,5533,4865,668
40109108314,2644,2168,476
40109108315,5897,5799,98
40109108316,6666,5999,667
40109108317,3762,3661,101
40109108318,5326,5152,174
40109108402,1348,1325,23
40109108403,1995,1742,253
40109108404,3180,2869,311
40109108504,7242,6946,296
40109108506,3748,3690,58
40109108507,1195,1157,38
40109108508,2064,1829,235
40109108511,8732,8362,370
40109108512,5464,5369,95
40109108513,3786,3615,171
40109108514,5148,4706,442
40109108515,5046,4951,95
40109108519,3234,3112,122
40109108520,2178,2145,33
40109108521,1502,1368,134
40109108523,5637,5313,324
40109108524,3550,3543,7
40109108525,2160,2028,132
40109108526,4924,4694,230
40109108527,5586,5331,255
40109108528,2217,2131,86
40109108529,3124,3094,30
40109108530,4465,4154,311
40109108601,2528,2081,447
40109108602,1166,915,251
40109108603,3567,3051,516
40109108701,2621,2509,112
40109108703,6131,5906,225
40109108704,5085,4927,158
40109108706,2825,2676,149
40109108707,3754,3607,147
40109108708,3377,3299,78
40109108709,3529,3422,107
40109108801,6651,6259,392
40109108802,4978,4834,144
40109108803,1227,1206,21
40109108804,3109,2995,114
40109108900,4135,3800,335
40109109001,2111,2089,22
40109109003,5235,4988,247
40109109004,3676,3368,308
40109109100,178,178,0
40109109201,5768,5393,375
40109109202,2372,2197,175
40111000100,3237,3173,64
40111000200,3083,2899,184
40111000300,2657,2534,123
40111000400,4689,4365,324
40111000500,3818,3818,0
40111000600,6696,6508,188
40111000700,3912,3693,219
40111000800,3410,3313,97
40111000901,3038,2932,106
40111000902,4782,4644,138
40113940001,5699,5467,232
40113940002,4818,4586,232
40113940003,4936,4736,200
40113940004,2790,2700,90
40113940005,3882,3788,94
40113940006,5761,5439,322
40113940007,5062,4902,160
40113940008,2804,2757,47
40113940009,3515,3461,54
40113940010,7402,7300,102
40113940011,1254,1217,37
40115574100,4186,4070,116
40115574200,3071,2559,512
40115574300,2721,2601,120
40115574400,2758,2484,274
40115574500,2370,2224,146
40115574600,4448,4200,248
40115574700,4715,4661,54
40115574800,4333,4262,71
40115574900,3420,3284,136
40117957100,3823,3758,65
40117957200,4270,4122,148
40117957300,3189,3117,72
40117957400,2721,2664,57
40117957500,2441,2336,105
40119010101,4162,4030,132
40119010102,5028,4806,222
40119010200,6056,5886,170
40119010300,3700,3496,204
40119010400,5976,5674,302
40119010500,3533,3381,152
40119010600,4905,4810,95
40119010700,3317,3096,221
40119010800,2394,2245,149
40119010900,9053,8244,809
40119011000,6482,6228,254
40119011101,5168,5116,52
40119011102,6632,6592,40
40119011200,2163,2122,41
40119011301,3560,3340,220
40119011302,3905,3711,194
40119011400,3919,3605,314
40121485600,2775,2752,23
40121485700,2101,2062,39
40121485800,4515,4424,91
40121485900,2113,2078,35
40121486000,5091,4955,136
40121486100,4306,3865,441
40121486200,3731,3398,333
40121486300,1435,1308,127
40121486400,2516,2329,187
40121486500,6165,5814,351
40121486600,2999,2936,63
40121486700,4941,4778,163
40121486800,1955,1885,70
40123088600,5032,4777,255
40123088700,2301,2267,34
40123088800,7531,7241,290
40123088900,4555,4153,402
40123089000,3959,3832,127
40123089100,2140,2033,107
40123089200,1626,1422,204
40123089300,4087,3892,195
40123089598,4970,4757,213
40123089600,2012,1973,39
40125500200,3247,2978,269
40125500301,3551,3380,171
40125500302,2681,2383,298
40125500400,3643,3390,253
40125500500,4384,4053,331
40125500600,3497,3240,257
40125500700,3190,3058,132
40125500800,3975,3852,123
40125500900,7005,6720,285
40125501001,8886,8388,498
40125501003,4599,4453,146
40125501004,4472,4315,157
40125501101,5855,5641,214
40125501102,7981,7844,137
40125501201,1806,1764,42
40125501300,2779,2690,89
40127097600,2877,2801,76
40127097700,5793,5597,196
40127097800,2479,2394,85
40129960000,3732,3490,242
40131050101,4947,4533,414
40131050103,2490,2276,214
40131050104,1950,1849,101
40131050105,4882,4677,205
40131050201,2575,2442,133
40131050202,2780,2669,111
40131050203,1617,1561,56
40131050301,2358,2303,55
40131050302,2542,2476,66
40131050303,2646,2561,85
40131050304,3218,3165,53
40131050403,5774,5533,241
40131050404,6021,5806,215
40131050405,4046,3895,151
40131050406,2614,2437,177
40131050407,2445,2162,283
40131050408,2857,2660,197
40131050409,2127,1848,279
40131050501,3241,3088,153
40131050502,3481,3444,37
40131050601,3260,3023,237
40131050602,3339,3331,8
40131050603,2440,2405,35
40131050604,3439,3365,74
40131050701,2139,2042,97
40131050702,3171,3159,12
40131050801,4353,4290,63
40131050802,3218,3191,27
40133583100,1632,1594,38
40133583200,3691,3491,200
40133583300,2856,2664,192
40133583400,4431,4241,190
40133583500,1965,1785,180
40133583600,4127,3950,177
40133583700,2144,2077,67
40133583800,2935,2858,77
40133583900,1622,1589,33
40135030101,4915,4833,82
40135030103,2773,2614,159
40135030104,6778,6481,297
40135030201,2802,2744,58
40135030202,4934,4759,175
40135030301,2152,1945,207
40135030302,6593,6375,218
40135030401,4045,3913,132
40135030402,6352,6131,221
40137000101,5462,5194,268
40137000102,3178,2904,274
40137000200,3947,3749,198
40137000300,2254,2017,237
40137000400,5541,4648,893
40137000600,3129,2603,526
40137000800,4868,4707,161
40137000901,4911,4860,51
40137000902,3624,3472,152
40137001000,1967,1918,49
40137001100,5750,5434,316
40139950600,3890,2764,1126
40139950700,3325,2489,836
40139950800,5004,1956,3048
40139950900,7927,3690,4237
40139951000,1353,917,436
40141070100,1126,979,147
40141070200,1069,913,156
40141070300,2371,1516,855
40141070400,1646,1104,542
40141070500,1399,1170,229
40143000100,2209,1562,647
40143000200,1469,1361,108
40143000300,4180,3061,1119
40143000400,4103,2371,1732
40143000500,2176,2033,143
40143000600,1439,1377,62
40143000700,1864,1753,111
40143000800,1379,1361,18
40143000900,1528,1456,72
40143001000,1431,1421,10
40143001200,1893,745,1148
40143001300,2141,1137,1004
40143001400,5305,3058,2247
40143001500,3950,3209,741
40143001600,4981,3239,1742
40143001700,2445,2143,302
40143001800,1898,1676,222
40143001900,1525,1325,200
40143002000,1761,1548,213
40143002100,3214,2608,606
40143002301,2537,1637,900
40143002500,3419,3030,389
40143002700,3065,2658,407
40143002900,2904,2732,172
40143003000,1926,1726,200
40143003100,2346,2302,44
40143003200,1521,1453,68
40143003300,1991,1953,38
40143003400,2054,1898,156
40143003500,1985,1939,46
40143003600,2227,2199,28
40143003700,2634,2562,72
40143003800,1943,1865,78
40143003900,3962,3743,219
40143004000,4559,4414,145
40143004101,2313,2301,12
40143004200,2993,2837,156
40143004301,2212,2186,26
40143004302,3190,3112,78
40143004400,2328,2281,47
40143004500,2536,2455,81
40143004600,3302,2682,620
40143004700,1860,1722,138
40143004800,4252,3882,370
40143004900,1883,1661,222
40143005001,1945,1835,110
40143005002,3530,3262,268
40143005100,1774,1747,27
40143005200,2979,2913,66
40143005300,4581,4407,174
40143005401,2716,2632,84
40143005402,7843,7568,275
40143005500,3860,3768,92
40143005600,2322,2240,82
40143005700,2472,2331,141
40143005801,4388,3927,461
40143005805,7380,6684,696
40143005806,5678,5446,232
40143005807,14128,13202,926
40143005808,3176,3056,120
40143005900,2382,1492,890
40143006000,4888,3325,1563
40143006200,2795,2734,61
40143006506,2458,2313,145
40143006507,1692,1606,86
40143006600,2789,2734,55
40143006701,3051,2824,227
40143006703,4024,3577,447
40143006705,5920,5539,381
40143006707,9765,9332,433
40143006708,6853,6646,207
40143006801,2510,2274,236
40143006803,2572,2438,134
40143006804,2671,2326,345
40143006901,4388,4152,236
40143006902,1593,1585,8
40143006903,4221,3951,270
40143006905,4154,2949,1205
40143006906,2112,1710,402
40143006907,3054,2541,513
40143007000,2866,2637,229
40143007101,3514,2567,947
40143007102,2173,1800,373
40143007200,4151,2999,1152
40143007304,3813,2264,1549
40143007305,6853,4940,1913
40143007306,5650,3092,2558
40143007308,3038,2745,293
40143007309,1495,1168,327
40143007310,3742,2111,1631
40143007311,2638,2016,622
40143007312,4574,2925,1649
40143007402,2975,2826,149
40143007407,3209,3017,192
40143007408,1396,1364,32
40143007409,4210,3596,614
40143007410,2370,2012,358
40143007411,2608,2390,218
40143007412,3713,3237,476
40143007413,3745,3489,256
40143007414,2903,2557,346
40143007415,1782,1693,89
40143007503,3014,2781,233
40143007506,3440,3249,191
40143007507,3617,3395,222
40143007508,6488,6156,332
40143007510,5253,4547,706
40143007511,3222,3021,201
40143007512,4198,3877,321
40143007513,4335,4168,167
40143007515,4748,4588,160
40143007516,4667,4529,138
40143007518,3692,3605,87
40143007519,3273,3120,153
40143007520,4455,4257,198
40143007522,2025,1937,88
40143007523,2506,2355,151
40143007524,2871,2639,232
40143007608,2261,2099,162
40143007609,4737,4295,442
40143007611,1479,1431,48
40143007612,3460,3145,315
40143007613,2958,2852,106
40143007614,2494,2390,104
40143007615,2294,2187,107
40143007616,3383,3215,168
40143007617,4199,3361,838
40143007618,6488,5958,530
40143007619,3831,3555,276
40143007620,5714,5389,325
40143007624,3819,3575,244
40143007625,5465,4478,987
40143007629,3774,3550,224
40143007630,4876,4536,340
40143007631,3344,3250,94
40143007632,2878,2809,69
40143007633,2571,2440,131
40143007634,3731,3589,142
40143007635,6305,6141,164
40143007636,4083,3825,258
40143007637,5392,5200,192
40143007638,4493,4360,133
40143007639,5203,4997,206
40143007641,4562,3921,641
40143007642,1972,1770,202
40143007701,5849,5577,272
40143007702,8746,8514,232
40143007801,2785,2561,224
40143007802,5747,5436,311
40143007900,4280,4117,163
40143008001,1982,1694,288
40143008002,2918,2761,157
40143008200,2275,1438,837
40143008300,1324,1076,248
40143008400,3472,3135,337
40143008501,2944,2035,909
40143008502,5119,4428,691
40143008600,4127,3445,682
40143008700,3020,2759,261
40143008800,2254,2117,137
40143008900,3640,2331,1309
40143009003,7551,6914,637
40143009004,5349,2752,2597
40143009006,6643,4190,2453
40143009007,7612,5495,2117
40143009008,3811,1772,2039
40143009009,8839,8314,525
40143009101,2591,2459,132
40143009104,2268,2065,203
40143009200,3515,3451,64
40143009300,4183,4003,180
40143009401,5109,4830,279
40143009402,5317,5203,114
40143009500,5467,5309,158
40143011100,601,464,137
40145030101,4718,4521,197
40145030102,4478,4391,87
40145030201,2943,2926,17
40145030202,3157,3126,31
40145030300,1700,1683,17
40145030402,4257,4218,39
40145030403,2353,2077,276
40145030405,6038,5405,633
40145030406,4939,4495,444
40145030502,2221,2090,131
40145030505,2138,2069,69
40145030506,1497,1434,63
40145030507,2670,1963,707
40145030508,2011,1967,44
40145030509,4137,3872,265
40145030510,1892,1800,92
40145030511,1957,1819,138
40145030512,4304,4081,223
40145030601,4368,4210,158
40145030602,7319,7052,267
40145030798,3381,3264,117
40145030800,3712,3557,155
40147000100,1804,1616,188
40147000200,1929,1745,184
40147000300,2271,2169,102
40147000400,4445,4101,344
40147000500,6407,6161,246
40147000600,7698,7230,468
40147000700,5817,5545,272
40147000800,3534,3273,261
40147000900,2554,2341,213
40147001000,2394,2374,20
40147001100,5110,4674,436
40147001200,2482,2463,19
40147001300,5447,5268,179
40149964900,4125,3755,370
40149965000,2285,2064,221
40149965100,3620,3245,375
40149965400,1596,1461,135
40151954200,3791,3665,126
40151954300,3315,3094,221
40151954400,2019,1788,231
40153953100,3048,2852,196
40153953200,4458,4162,296
40153953300,4145,3442,703
40153953400,3558,3011,547
40153953500,5902,5135,767
41001950100,3110,2894,216
41001950200,3127,2998,129
41001950300,2553,2524,29
41001950400,2666,2644,22
41001950500,2787,2607,180
41001950600,1787,1748,39
41003000100,8291,7212,1079
41003000202,4819,4706,113
41003000400,7596,7306,290
41003000500,3334,3252,82
41003000600,4136,3657,479
41003000900,5347,5153,194
41003001001,4212,3274,938
41003001002,3239,3098,141
41003001101,3896,3649,247
41003001102,4873,4488,385
41003010100,8774,8389,385
41003010200,4515,4416,99
41003010300,3398,3275,123
41003010400,4032,3495,537
41003010600,5171,4815,356
41003010702,3697,3342,355
41003010800,3600,3413,187
41003010900,4525,4415,110
41005020100,3872,3642,230
41005020200,6458,6412,46
41005020302,3876,3762,114
41005020303,5236,5120,116
41005020304,5629,5283,346
41005020401,5407,4925,482
41005020403,3435,3371,64
41005020404,3892,3690,202
41005020501,7250,6923,327
41005020503,2263,2186,77
41005020504,6494,6341,153
41005020505,2638,2513,125
41005020600,8602,7855,747
41005020700,3905,3796,109
41005020800,4289,3863,426
41005020900,3958,3548,410
41005021000,4556,3945,611
41005021100,5826,5480,346
41005021200,3807,3343,464
41005021300,5736,5362,374
41005021400,4663,4208,455
41005021500,4977,4825,152
41005021601,6168,5332,836
41005021602,5157,4457,700
41005021700,6386,5817,569
41005021801,5837,5727,110
41005021802,4222,3584,638
41005021900,3655,3274,381
41005022000,6774,5934,840
41005022101,6978,6115,863
41005022103,6644,6381,263
41005022105,6127,5675,452
41005022107,4412,3616,796
41005022108,2812,2298,514
41005022201,5057,3613,1444
41005022205,3683,3487,196
41005022206,6654,6477,177
41005022207,6098,5633,465
41005022208,6686,6578,108
41005022301,3983,3870,113
41005022302,5455,5189,266
41005022400,4132,3935,197
41005022500,8044,7614,430
41005022602,4226,4065,161
41005022603,4319,3688,631
41005022605,7875,6988,887
41005022606,4509,4271,238
41005022702,7114,6845,269
41005022707,4807,4287,520
41005022708,4434,3263,1171
41005022710,2460,2383,77
41005022800,3807,3701,106
41005022901,3205,3001,204
41005022904,3754,3083,671
41005022905,4413,3838,575
41005022906,2938,2227,711
41005022907,4402,3108,1294
41005023001,3443,3312,131
41005023002,3866,3390,476
41005023100,6168,6018,150
41005023201,4216,4158,58
41005023202,7513,7033,480
41005023300,4653,4380,273
41005023401,4994,4178,816
41005023403,5215,4922,293
41005023404,6351,5600,751
41005023500,5705,5498,207
41005023600,3700,3557,143
41005023700,5593,5307,286
41005023800,6506,5646,860
41005023901,5878,4890,988
41005023902,4704,4260,444
41005024000,2940,2896,44
41005024100,4837,4692,145
41005024200,6442,6104,338
41005024302,4914,4814,100
41005024303,3113,2887,226
41005024304,2322,2289,33
41005024400,7791,6815,976
41005980000,107,71,36
41007950100,3181,2750,431
41007950200,3603,3434,169
41007950300,2968,2659,309
41007950400,3599,3343,256
41007950500,4985,4403,582
41007950600,3071,2875,196
41007950700,1961,1835,126
41007950900,4375,3951,424
41007951100,4466,4017,449
41007951200,3008,2932,76
41007951300,2443,2387,56
41007990000,0,0,0
41009970200,6348,6098,250
41009970300,4376,4283,93
41009970400,2566,2515,51
41009970500,6334,5910,424
41009970600,5983,5717,266
41009970700,4044,3620,424
41009970800,6827,6455,372
41009970900,4923,4783,140
41009971000,4878,4693,185
41009971100,3366,3270,96
41011000100,5417,5156,261
41011000200,2485,2427,58
41011000300,3062,2785,277
41011000400,6664,6067,597
41011000502,2738,2698,40
41011000503,2685,2559,126
41011000504,6491,5734,757
41011000600,2589,2428,161
41011000700,6852,6284,568
41011000800,3203,3052,151
41011000900,7371,7149,222
41011001000,7537,7000,537
41011001100,5850,5695,155
41011990101,0,0,0
41013950100,6902,6196,706
41013950200,4289,3998,291
41013950300,6077,5620,457
41013950400,4066,3932,134
41015950100,3167,3004,163
41015950200,5287,5094,193
41015950301,4302,4121,181
41015950302,5012,4424,588
41015950400,4596,4264,332
41015990101,0,0,0
41017000100,1785,1759,26
41017000200,4468,4388,80
41017000300,8824,8575,249
41017000401,5471,5046,425
41017000402,2347,2323,24
41017000500,5702,5390,312
41017000600,6722,6639,83
41017000700,8367,7727,640
41017000800,6939,6285,654
41017000900,7709,5727,1982
41017001001,14056,13347,709
41017001002,2349,2319,30
41017001100,10928,10544,384
41017001200,6722,6433,289
41017001300,12532,11548,984
41017001400,6035,5885,150
41017001500,6371,5722,649
41017001600,5797,4657,1140
41017001700,8556,7814,742
41017001800,8174,7310,864
41017001901,1911,1864,47
41017001902,9641,8661,980
41017002000,7430,6971,459
41017002100,11977,10850,1127
41019010000,2009,1994,15
41019020000,3485,3280,205
41019030000,3761,3686,75
41019040000,2598,2560,38
41019050001,4292,4140,152
41019050002,6904,6531,373
41019060000,3739,3592,147
41019070000,4949,4801,148
41019080000,7454,7240,214
41019090000,6470,6084,386
41019100000,3361,3181,180
41019110000,2911,2646,265
41019120000,7343,6966,377
41019130000,5562,5292,270
41019140000,5330,4941,389
41019150000,7363,6734,629
41019160000,7766,7077,689
41019170000,3418,3354,64
41019180000,4218,3944,274
41019190000,4634,4332,302
41019200000,5405,5154,251
41019210000,4403,4197,206
41019990000,0,0,0
41021960100,1913,1727,186
41023960100,1888,1862,26
41023960200,5339,5112,227
41025960100,4988,4735,253
41025960200,2226,2123,103
41027950100,3909,3103,806
41027950200,6660,5634,1026
41027950300,5795,4080,1715
41027950400,6478,2979,3499
41029000100,2126,1399,727
41029000201,3577,2531,1046
41029000202,3984,2713,1271
41029000203,3967,2844,1123
41029000300,6095,5267,828
41029000403,3916,3710,206
41029000404,4711,4453,258
41029000405,4084,3613,471
41029000406,4559,3930,629
41029000501,2834,2532,302
41029000502,6633,5799,834
41029000601,6959,6639,320
41029000602,5417,4875,542
41029000700,9066,7707,1359
41029000800,5795,4943,852
41029000900,8943,7490,1453
41029001001,6320,5879,441
41029001002,4753,4215,538
41029001100,5477,5052,425
41029001200,4534,3834,700
41029001301,5653,4608,1045
41029001302,10129,7409,2720
41029001400,10321,9450,871
41029001500,4704,4450,254
41029001601,4441,3557,884
41029001602,6773,5506,1267
41029001700,7439,6777,662
41029001800,8341,7968,373
41029001900,2884,2505,379
41029002000,2343,2227,116
41029002100,3570,3452,118
41029002200,4474,4345,129
41029002300,1540,1452,88
41029002400,2069,1866,203
41029002500,2450,2419,31
41029002600,2730,2610,120
41029002700,6634,6328,306
41029002800,5105,4535,570
41029002900,7765,7334,431
41029003001,3754,3705,49
41029003002,4047,3930,117
41031940000,3773,3430,343
41031960100,2302,2153,149
41031960201,3247,1895,1352
41031960202,5029,3641,1388
41031960301,3318,3216,102
41031960302,4636,3549,1087
41033360100,2235,2140,95
41033360300,5382,5275,107
41033360400,4286,3935,351
41033360500,6114,5312,802
41033360600,6603,6310,293
41033360701,4325,3952,373
41033360702,5515,4925,590
41033360800,4750,4472,278
41033360900,2293,2126,167
41033361000,4724,4575,149
41033361100,9373,8733,640
41033361200,7163,6581,582
41033361300,7547,7141,406
41033361400,2610,2437,173
41033361500,2528,2455,73
41033361600,8615,7844,771
41035970100,3163,2875,288
41035970200,4668,4547,121
41035970300,3101,2850,251
41035970400,1469,1368,101
41035970500,1461,1371,90
41035970600,1712,943,769
41035970700,2028,1435,593
41035970800,2326,2169,157
41035970900,3969,3819,150
41035971000,2532,2414,118
41035971100,5292,4761,531
41035971200,2487,2262,225
41035971300,5508,4838,670
41035971400,5176,4364,812
41035971500,4136,3600,536
41035971600,3552,2722,830
41035971700,3059,2538,521
41035971800,2464,2295,169
41035971900,3714,3185,529
41035972000,4129,3767,362
41037960100,2492,2406,86
41037960200,5307,4801,506
41039000100,5183,4961,222
41039000200,5289,5161,128
41039000300,2251,2119,132
41039000402,3510,3183,327
41039000403,4983,4685,298
41039000404,3659,3210,449
41039000500,1913,1844,69
41039000702,2794,2736,58
41039000705,3810,3758,52
41039000706,2209,2102,107
41039000707,3881,3870,11
41039000708,2000,1959,41
41039000800,1564,1512,52
41039000902,4697,4610,87
41039000903,5388,4930,458
41039000904,2862,2746,116
41039001001,2363,2264,99
41039001002,4091,3706,385
41039001101,5768,5371,397
41039001102,3239,3023,216
41039001201,3748,3151,597
41039001202,4177,3881,296
41039001301,3534,3450,84
41039001302,5087,4614,473
41039001400,2482,2352,130
41039001500,4515,4354,161
41039001600,5360,5172,188
41039001700,5719,5548,171
41039001801,5995,5548,447
41039001803,4403,4233,170
41039001804,3645,3526,119
41039001902,6741,5900,841
41039001903,2840,2640,200
41039001904,5245,3923,1322
41039002001,3405,2923,482
41039002002,4920,4600,320
41039002101,2688,2304,384
41039002102,6409,5968,441
41039002201,3675,3465,210
41039002202,5904,5744,160
41039002301,3661,3449,212
41039002302,4784,4215,569
41039002401,3931,3887,44
41039002403,3955,3838,117
41039002404,4194,3954,240
41039002501,5047,4602,445
41039002503,8686,7498,1188
41039002504,3409,2599,810
41039002600,5899,4722,1177
41039002700,4179,3733,446
41039002800,4319,3800,519
41039002902,3752,3570,182
41039002903,2565,2372,193
41039002904,3484,3435,49
41039003000,4640,4494,146
41039003101,5880,5691,189
41039003102,7042,6642,400
41039003201,3160,2767,393
41039003202,3706,3035,671
41039003301,3354,3067,287
41039003302,3390,2950,440
41039003400,5349,4508,841
41039003500,4163,3792,371
41039003600,3498,3405,93
41039003700,4803,4336,467
41039003800,7551,7019,532
41039003900,3046,2808,238
41039004000,2337,2183,154
41039004100,3953,3578,375
41039004200,3687,3064,623
41039004300,7188,5483,1705
41039004401,5465,4724,741
41039004403,4955,4536,419
41039004404,3262,3118,144
41039004405,4696,4488,208
41039004501,2872,2669,203
41039004502,3568,3229,339
41039004600,2812,2647,165
41039004700,4305,3936,369
41039004800,4942,4620,322
41039004900,4293,4103,190
41039005000,5238,4899,339
41039005100,3179,2771,408
41039005200,2168,2071,97
41039005300,2295,2181,114
41039005400,5665,5336,329
41039990000,0,0,0
41041950100,3319,3128,191
41041950303,1540,1495,45
41041950304,3480,2695,785
41041950400,3847,3454,393
41041950601,2040,2021,19
41041950602,2190,2140,50
41041950800,3337,3125,212
41041950900,3859,2807,1052
41041951000,2037,1672,365
41041951100,1581,1451,130
41041951200,1983,1932,51
41041951300,2237,2175,62
41041951400,2891,2805,86
41041951500,2735,2613,122
41041951600,3518,3323,195
41041951700,1949,1797,152
41041951800,4142,4024,118
41041990100,0,0,0
41043020100,9563,8412,1151
41043020200,1880,1827,53
41043020300,7695,7189,506
41043020400,4206,3450,756
41043020500,3677,3153,524
41043020600,8508,7693,815
41043020700,5876,5186,690
41043020801,2686,2100,586
41043020802,6713,5069,1644
41043030100,6032,5827,205
41043030200,6626,6324,302
41043030300,2133,1975,158
41043030401,6723,6413,310
41043030402,6961,6900,61
41043030500,4138,3972,166
41043030600,7102,6188,914
41043030700,3564,3295,269
41043030800,7707,7538,169
41043030902,7958,7773,185
41043030903,5656,5495,161
41043030904,4458,4029,429
41045940000,0,0,0
41045970200,4835,2930,1905
41045970300,4333,3018,1315
41045970400,4519,2149,2370
41045970500,4956,2414,2542
41045970600,4077,3483,594
41045970700,1812,1472,340
41045970900,5942,4993,949
41047000200,3297,3050,247
41047000300,4755,3606,1149
41047000400,5263,3286,1977
41047000501,3640,2376,1264
41047000502,5224,2777,2447
41047000600,4936,4288,648
41047000701,8710,5875,2835
41047000900,6868,4713,2155
41047001000,4148,2900,1248
41047001100,4394,4037,357
41047001200,3663,3431,232
41047001300,4079,3742,337
41047001401,6485,5317,1168
41047001402,5567,4794,773
41047001501,4680,3911,769
41047001502,5327,3741,1586
41047001503,4566,3241,1325
41047001601,7680,4785,2895
41047001602,9858,4616,5242
41047001603,6979,4259,2720
41047001604,8299,4769,3530
41047001701,6674,3615,3059
41047001702,5431,3324,2107
41047001703,4461,3262,1199
41047001801,6108,3441,2667
41047001802,8671,4769,3902
41047001803,5132,4002,1130
41047002000,10437,9137,1300
41047002101,2169,1997,172
41047002102,6420,5654,766
41047002201,2001,1879,122
41047002202,6530,6088,442
41047002301,3307,3047,260
41047002303,7285,6895,390
41047002304,5758,5506,252
41047002400,3547,3488,59
41047002501,9347,8423,924
41047002502,5421,4009,1412
41047002600,2002,1786,216
41047002700,8699,8009,690
41047002800,4064,3740,324
41047010100,1467,1325,142
41047010201,2587,2111,476
41047010202,7640,5601,2039
41047010303,5013,2460,2553
41047010304,6372,1547,4825
41047010305,4471,1475,2996
41047010306,9455,4056,5399
41047010307,5812,4243,1569
41047010400,4817,3478,1339
41047010501,5763,5311,452
41047010502,6737,5985,752
41047010503,3759,3398,361
41047010600,2065,1918,147
41047010701,8038,6778,1260
41047010702,6768,6362,406
41047010801,6450,5471,979
41047010802,7431,5764,1667
41049970100,8262,4542,3720
41049970200,2945,2779,166
41051000100,6293,6057,236
41051000200,6615,6034,581
41051000301,5431,5069,362
41051000302,7165,6950,215
41051000401,3853,3750,103
41051000402,3313,3213,100
41051000501,4004,3784,220
41051000502,4924,4197,727
41051000601,5477,4330,1147
41051000602,5991,4694,1297
41051000701,4755,4461,294
41051000702,4953,4540,413
41051000801,4524,4385,139
41051000802,4771,4400,371
41051000901,4172,4019,153
41051000902,4385,3910,475
41051001000,5896,5233,663
41051001101,2106,2037,69
41051001102,1640,1527,113
41051001201,5131,4842,289
41051001202,3521,3428,93
41051001301,3950,3676,274
41051001302,3240,3073,167
41051001400,5420,5131,289
41051001500,3441,3320,121
41051001601,5787,5256,531
41051001602,4589,4022,567
41051001701,7438,6940,498
41051001702,4463,3972,491
41051001801,4440,4184,256
41051001802,3603,3388,215
41051001900,4895,4754,141
41051002000,6306,5774,532
41051002100,2291,2218,73
41051002203,3555,3337,218
41051002303,2209,2153,56
41051002401,2821,2779,42
41051002402,3455,3326,129
41051002501,4699,4546,153
41051002502,4398,3965,433
41051002600,2899,2767,132
41051002701,3424,3256,168
41051002702,2951,2733,218
41051002801,3007,2894,113
41051002802,3149,3098,51
41051002901,4339,4116,223
41051002902,5257,4917,340
41051002903,5779,5379,400
41051003000,4936,4789,147
41051003100,4980,4737,243
41051003200,3979,3834,145
41051003301,3375,3034,341
41051003302,3012,2603,409
41051003401,3690,3429,261
41051003402,3708,3376,332
41051003501,3642,3182,460
41051003502,2285,2172,113
41051003601,4730,4482,248
41051003602,6971,6575,396
41051003603,1593,1563,30
41051003701,4042,3483,559
41051003702,2733,2672,61
41051003801,2944,2871,73
41051003802,3475,3128,347
41051003803,4362,3881,481
41051003901,7677,6420,1257
41051003902,3382,3260,122
41051004001,8333,6654,1679
41051004002,6387,5889,498
41051004101,7338,5906,1432
41051004102,5175,4551,624
41051004200,3438,2979,459
41051004300,1062,1040,22
41051004500,2148,2008,140
41051004601,3195,3091,104
41051004602,2046,1986,60
41051004700,4782,4305,477
41051004800,2959,2747,212
41051004900,3534,3198,336
41051005000,2929,2852,77
41051005100,7444,7078,366
41051005200,4505,4089,416
41051005500,2759,2506,253
41051005600,5509,4985,524
41051005700,4072,3719,353
41051005800,5004,4807,197
41051005900,7728,7075,653
41051006001,1498,1449,49
41051006002,2325,2234,91
41051006100,2215,2112,103
41051006200,3250,3170,80
41051006300,5164,4817,347
41051006402,5687,5526,161
41051006403,3974,3823,151
41051006404,3412,3295,117
41051006501,6139,6018,121
41051006502,4445,4250,195
41051006601,2500,2433,67
41051006602,5534,5258,276
41051006701,3424,3244,180
41051006702,3259,3015,244
41051006801,2495,2324,171
41051006802,3402,3330,72
41051006900,2913,2821,92
41051007000,8427,8186,241
41051007100,2543,2490,53
41051007201,1991,1851,140
41051007202,3216,2673,543
41051007300,1506,1218,288
41051007400,3995,2906,1089
41051007500,5571,4757,814
41051007600,3458,1980,1478
41051007700,2316,1781,535
41051007800,1958,1646,312
41051007900,4331,3697,634
41051008001,3228,2798,430
41051008002,3194,3082,112
41051008100,7544,6123,1421
41051008201,3032,2663,369
41051008202,9312,7203,2109
41051008301,4431,3970,461
41051008302,4487,3696,791
41051008400,4595,3828,767
41051008500,4457,3768,689
41051008600,4150,3291,859
41051008700,4829,4277,552
41051008800,4503,3960,543
41051008901,9385,8978,407
41051008902,3797,3216,581
41051009000,10809,9069,1740
41051009101,5690,4523,1167
41051009102,6580,5968,612
41051009201,8268,7329,939
41051009202,5131,4399,732
41051009301,6846,5126,1720
41051009302,4609,4203,406
41051009400,7269,6324,945
41051009501,4976,4522,454
41051009502,4065,3495,570
41051009603,3683,2943,740
41051009604,5386,3713,1673
41051009605,5341,4526,815
41051009606,5685,3591,2094
41051009701,5857,5200,657
41051009702,8583,6946,1637
41051009801,4787,3265,1522
41051009803,7957,5755,2202
41051009804,3314,2573,741
41051009903,6270,6185,85
41051009904,3953,3258,695
41051009905,3261,3033,228
41051009906,3233,2772,461
41051009907,4927,4342,585
41051010001,5315,4179,1136
41051010002,5708,4986,722
41051010100,9090,7542,1548
41051010200,6213,4916,1297
41051010303,5521,4744,777
41051010304,4456,3018,1438
41051010305,4316,4177,139
41051010306,4998,4367,631
41051010402,6566,6211,355
41051010405,6017,4726,1291
41051010407,5744,4694,1050
41051010408,6098,4855,1243
41051010409,8511,7222,1289
41051010410,4764,4092,672
41051010411,3098,2665,433
41051010500,3886,3542,344
41051010600,2932,2671,261
41051980000,0,0,0
41053005100,2420,1854,566
41053005201,8805,7397,1408
41053005202,10313,8797,1516
41053005300,9371,8039,1332
41053020202,6053,5856,197
41053020203,3065,2947,118
41053020204,5092,4739,353
41053020302,9539,6835,2704
41053020303,4656,4158,498
41053020304,6835,5930,905
41053020400,6060,5885,175
41053020500,6261,5801,460
41055950100,1705,1618,87
41057960100,3228,3093,135
41057960200,2335,2228,107
41057960300,2788,2685,103
41057960400,7838,6691,1147
41057960500,2206,1704,502
41057960600,2376,2172,204
41057960700,2524,2448,76
41057960800,2257,1958,299
41057990100,0,0,0
41059940000,2782,2590,192
41059950100,3945,3701,244
41059950200,7747,4181,3566
41059950300,2865,2787,78
41059950400,6239,5682,557
41059950500,4558,4328,230
41059950600,6164,5907,257
41059950700,2326,1986,340
41059950800,8176,5393,2783
41059950900,4010,2065,1945
41059951000,6155,3728,2427
41059951100,5910,4294,1616
41059951200,9471,5182,4289
41059951300,4082,3145,937
41059951400,2152,2017,135
41061970100,2928,2848,80
41061970200,3360,3239,121
41061970300,2497,2438,59
41061970400,2836,2588,248
41061970500,3414,3332,82
41061970600,3921,3677,244
41061970700,3100,2935,165
41061970800,3702,3570,132
41063960100,1806,1762,44
41063960200,1867,1830,37
41063960300,3163,3070,93
41065970100,4208,3741,467
41065970200,2870,2291,579
41065970300,3031,2536,495
41065970400,3243,2662,581
41065970500,3418,2674,744
41065970600,2640,1985,655
41065970700,1683,1157,526
41065970800,4564,4322,242
41067030101,7977,7526,451
41067030102,6392,6023,369
41067030200,6689,6365,324
41067030300,4607,4388,219
41067030401,4669,4195,474
41067030402,4809,4561,248
41067030501,4991,4207,784
41067030502,4067,3760,307
41067030600,5623,5243,380
41067030700,1420,1268,152
41067030801,6626,5495,1131
41067030803,4932,4296,636
41067030805,3582,3409,173
41067030806,2772,2303,469
41067030900,5218,4181,1037
41067031003,7713,6579,1134
41067031004,7202,6886,316
41067031005,5348,3410,1938
41067031006,6579,5511,1068
41067031100,2601,1692,909
41067031200,8093,5702,2391
41067031300,7532,4817,2715
41067031402,3083,2472,611
41067031403,4965,3886,1079
41067031404,4949,4184,765
41067031504,6314,5514,800
41067031506,3876,3618,258
41067031507,5732,5555,177
41067031508,7913,7813,100
41067031509,4008,3734,274
41067031511,3102,2744,358
41067031512,7802,7286,516
41067031513,12542,12135,407
41067031514,6685,6323,362
41067031606,7066,5386,1680
41067031609,10525,9048,1477
41067031610,8308,6000,2308
41067031611,7673,7030,643
41067031612,3944,3208,736
41067031613,7235,5623,1612
41067031614,5509,4672,837
41067031615,5430,3544,1886
41067031616,3426,2981,445
41067031617,4829,4376,453
41067031703,5255,3948,1307
41067031704,9071,7550,1521
41067031705,5425,3704,1721
41067031706,5697,3642,2055
41067031804,6128,5218,910
41067031805,7392,6491,901
41067031806,5843,4952,891
41067031807,3621,3227,394
41067031812,5678,4956,722
41067031813,5808,5572,236
41067031814,3943,3729,214
41067031815,7025,6478,547
41067031904,3116,2767,349
41067031907,6386,6071,315
41067031908,7494,6949,545
41067031909,5134,5000,134
41067031910,8973,8044,929
41067031911,5278,4861,417
41067031912,4631,4095,536
41067032001,4943,4436,507
41067032003,3901,2844,1057
41067032004,2169,1829,340
41067032005,4425,2367,2058
41067032103,10903,10143,760
41067032104,4796,4494,302
41067032107,2248,1888,360
41067032108,4234,3762,472
41067032109,3177,2952,225
41067032110,3711,3387,324
41067032200,7644,7084,560
41067032300,5787,4631,1156
41067032404,6718,5858,860
41067032406,8578,7578,1000
41067032407,5832,4867,965
41067032408,7326,6487,839
41067032409,5566,1630,3936
41067032410,4499,2382,2117
41067032501,3648,2249,1399
41067032502,2881,2430,451
41067032503,3923,2833,1090
41067032603,7138,6212,926
41067032604,6393,4297,2096
41067032606,7034,4358,2676
41067032607,4041,3716,325
41067032608,2435,2198,237
41067032609,2435,2054,381
41067032610,3403,2725,678
41067032700,4807,4067,740
41067032800,1208,1118,90
41067032901,6138,3731,2407
41067032902,7700,3499,4201
41067033000,5473,4785,688
41067033101,3079,2564,515
41067033102,3255,2206,1049
41067033200,7026,4893,2133
41067033301,5702,4797,905
41067033302,5266,4888,378
41067033400,2285,2237,48
41067033500,3968,3843,125
41067033600,2137,2071,66
41069960100,1369,1343,26
41071030101,6025,5399,626
41071030102,7071,6547,524
41071030201,6758,5836,922
41071030202,6436,5186,1250
41071030301,10044,8190,1854
41071030302,2047,2012,35
41071030400,8038,7731,307
41071030501,6308,5669,639
41071030502,4782,4421,361
41071030601,3548,2550,998
41071030602,6445,5433,1012
41071030701,7725,6721,1004
41071030702,7782,6260,1522
41071030801,5090,3693,1397
41071030802,5221,3653,1568
41071030900,4796,3596,1200
41071031000,4101,3552,549
42001030101,2587,2489,98
42001030102,5813,5433,380
42001030200,5309,4400,909
42001030300,4229,3892,337
42001030400,5857,5479,378
42001030500,3779,3144,635
42001030600,4932,4567,365
42001030700,6457,5879,578
42001030800,7168,6817,351
42001030900,7808,7136,672
42001031000,1892,1870,22
42001031101,4959,4815,144
42001031102,3350,3232,118
42001031201,3681,3573,108
42001031202,2708,2692,16
42001031203,3157,3100,57
42001031300,4449,4419,30
42001031401,4192,3822,370
42001031402,2018,1994,24
42001031501,3445,3279,166
42001031502,4198,3573,625
42001031600,7105,6819,286
42001031700,2666,2614,52
42003010300,6491,6264,227
42003020100,4212,4101,111
42003020300,821,801,20
42003030500,2292,2076,216
42003040200,1609,1591,18
42003040400,1977,1925,52
42003040500,3724,3627,97
42003040600,1938,1885,53
42003040900,3007,2940,67
42003050100,2087,2087,0
42003050600,1772,1761,11
42003050900,1367,1316,51
42003051000,2163,2118,45
42003051100,187,187,0
42003060300,2533,2388,145
42003060500,1299,1268,31
42003070300,2024,1949,75
42003070500,3161,3020,141
42003070600,1978,1888,90
42003070800,1851,1741,110
42003070900,4594,4506,88
42003080200,1640,1563,77
42003080400,1469,1439,30
42003080600,2098,2098,0
42003080700,1927,1834,93
42003080900,1788,1743,45
42003090100,1858,1805,53
42003090200,2789,2714,75
42003090300,1680,1658,22
42003100500,2145,2136,9
42003101100,2536,2446,90
42003101400,3299,3181,118
42003101600,1071,1055,16
42003101700,1405,1384,21
42003101800,2539,2509,30
42003110200,4326,4152,174
42003110600,2559,2477,82
42003111300,2698,2555,143
42003111400,1388,1337,51
42003111500,3000,2973,27
42003120300,1661,1571,90
42003120400,694,681,13
42003120700,863,862,1
42003120800,758,758,0
42003130100,1757,1744,13
42003130200,1518,1512,6
42003130300,1413,1385,28
42003130400,1069,1069,0
42003130600,2804,2804,0
42003140100,5367,5162,205
42003140200,2481,2357,124
42003140300,3629,3472,157
42003140400,2355,2270,85
42003140500,1887,1872,15
42003140600,3204,3185,19
42003140800,4651,4495,156
42003141000,1059,1036,23
42003141100,1321,1295,26
42003141300,5399,5220,179
42003141400,5690,5499,191
42003151600,2702,2485,217
42003151700,5257,4898,359
42003160800,2927,2872,55
42003160900,3284,3194,90
42003170200,3506,3482,24
42003170600,1729,1625,104
42003180300,2293,2275,18
42003180700,2200,2147,53
42003190300,1857,1782,75
42003191100,2581,2581,0
42003191400,2736,2722,14
42003191500,1885,1756,129
42003191600,4378,4027,351
42003191700,3732,3648,84
42003191800,5278,5101,177
42003191900,1904,1904,0
42003192000,3785,3728,57
42003202200,2923,2923,0
42003202300,3876,3809,67
42003210700,2072,2022,50
42003220600,1636,1576,60
42003240600,2222,2173,49
42003241200,823,754,69
42003250300,1320,1180,140
42003250700,712,704,8
42003250900,1149,1143,6
42003260200,2072,2043,29
42003260700,1696,1544,152
42003260900,1440,1332,108
42003261200,1129,1129,0
42003261400,1903,1897,6
42003261500,1478,1426,52
42003262000,2579,2572,7
42003270100,2451,2395,56
42003270300,2002,2002,0
42003270400,996,948,48
42003270800,2506,2497,9
42003271500,2705,2670,35
42003281400,2546,2478,68
42003281500,1381,1360,21
42003290100,2066,2033,33
42003290200,3903,3903,0
42003290400,3969,3818,151
42003300100,4210,4134,76
42003310200,3588,3332,256
42003310300,986,966,20
42003320400,2114,2086,28
42003320600,2188,2160,28
42003320700,1436,1393,43
42003401100,4669,4669,0
42003401200,2967,2942,25
42003401300,2822,2796,26
42003402000,3220,3183,37
42003403500,4481,4461,20
42003404000,1407,1395,12
42003405000,1084,1084,0
42003406000,2366,2326,40
42003407001,5098,5028,70
42003407002,6802,6765,37
42003408001,5301,5188,113
42003408002,6188,5961,227
42003409000,12477,12360,117
42003410000,1230,1204,26
42003411000,7914,7897,17
42003412001,8875,8737,138
42003412002,5353,5284,69
42003413100,7148,7066,82
42003413201,3593,3547,46
42003413202,2750,2706,44
42003413300,4694,4618,76
42003413400,4292,4152,140
42003413500,6395,6329,66
42003414101,5394,5372,22
42003414102,7436,7356,80
42003414200,5642,5456,186
42003415001,4772,4605,167
42003415002,2515,2503,12
42003416000,1653,1645,8
42003417100,2069,2025,44
42003417200,1319,1318,1
42003418000,1804,1796,8
42003419000,3049,3008,41
42003420000,1670,1648,22
42003421100,4188,4135,53
42003421200,4341,4249,92
42003422000,5392,5185,207
42003423000,2773,2733,40
42003424000,3421,3194,227
42003425000,3415,3319,96
42003426300,6151,6052,99
42003426400,4215,4215,0
42003426700,2265,2214,51
42003426800,5490,5490,0
42003427000,3714,3689,25
42003427100,5489,5489,0
42003427200,4989,4906,83
42003428100,1163,1156,7
42003428200,2144,2144,0
42003429100,2703,2661,42
42003429201,4357,4237,120
42003429202,4469,4333,136
42003429300,5372,5321,51
42003429400,4513,4454,59
42003429500,4083,3939,144
42003429600,3077,3069,8
42003429700,2430,2418,12
42003430100,2100,2079,21
42003430200,4604,4550,54
42003431100,3317,3265,52
42003431400,1900,1893,7
42003431500,3068,3068,0
42003432300,2058,2045,13
42003432400,2608,2581,27
42003434000,1774,1763,11
42003435000,2443,2422,21
42003437000,5937,5858,79
42003439000,1422,1415,7
42003445500,3852,3811,41
42003446000,1639,1608,31
42003447000,1622,1607,15
42003448000,1287,1132,155
42003449000,2607,2592,15
42003450700,3146,3095,51
42003450800,2471,2403,68
42003451101,3733,3706,27
42003451102,5689,5528,161
42003451104,3546,3457,89
42003451105,5128,4819,309
42003451300,7339,7259,80
42003452000,5396,5318,78
42003453003,1912,1892,20
42003453004,7027,6869,158
42003455000,1508,1492,16
42003456001,3372,3361,11
42003456003,7230,7143,87
42003456004,4681,4681,0
42003457100,1516,1494,22
42003457200,3601,3574,27
42003458000,7755,7717,38
42003459101,1733,1717,16
42003459102,5917,5907,10
42003459201,6026,5743,283
42003459202,738,738,0
42003460001,4653,4642,11
42003460002,3354,3354,0
42003461000,1145,1102,43
42003462100,2790,2790,0
42003462600,3499,3486,13
42003463900,2561,2479,82
42003464300,3294,3255,39
42003464400,3485,3443,42
42003465600,2468,2364,104
42003465800,3431,3391,40
42003468700,1634,1622,12
42003468800,2396,2354,42
42003468900,3914,3892,22
42003469000,4749,4727,22
42003470300,3885,3833,52
42003470400,2949,2824,125
42003470501,3619,3556,63
42003470502,3041,3012,29
42003470600,3420,3400,20
42003471000,1314,1276,38
42003472100,2382,2294,88
42003472200,2321,2293,28
42003472300,1920,1856,64
42003472400,1868,1868,0
42003473100,4623,4419,204
42003473200,2966,2914,52
42003473300,5629,5615,14
42003473401,3759,3730,29
42003473402,3609,3604,5
42003473500,3963,3880,83
42003473601,3821,3739,82
42003473602,4495,4368,127
42003474101,3620,3592,28
42003474102,3718,3653,65
42003474201,2528,2518,10
42003474202,5021,4956,65
42003474203,4634,4419,215
42003475101,4623,4549,74
42003475102,1555,1541,14
42003475200,4748,4676,72
42003475301,4668,4636,32
42003475303,3948,3892,56
42003475304,5610,5575,35
42003475401,3964,3942,22
42003475402,3106,3092,14
42003476100,4852,4793,59
42003476200,3436,3284,152
42003477100,3511,3503,8
42003477200,4156,4146,10
42003477300,6206,6087,119
42003478100,4132,3885,247
42003478200,5418,5194,224
42003479000,1972,1972,0
42003480101,5152,5049,103
42003480102,3184,3154,30
42003480200,3318,3232,86
42003480300,3470,3418,52
42003480400,4670,4670,0
42003481000,3362,3284,78
42003482500,1720,1705,15
42003483800,3142,3142,0
42003484300,3521,3472,49
42003484500,5631,5419,212
42003484600,2153,2114,39
42003485000,1165,1131,34
42003486700,2185,2123,62
42003486800,1881,1875,6
42003486900,1468,1459,9
42003487000,1741,1741,0
42003488100,2290,2242,48
42003488200,3487,3462,25
42003488300,2127,2084,43
42003488400,4355,4293,62
42003488500,3017,2970,47
42003488600,4877,4835,42
42003489001,4427,4388,39
42003489002,3844,3799,45
42003490002,4776,4654,122
42003490003,3838,3732,106
42003490004,4856,4766,90
42003491101,6785,6785,0
42003491200,1960,1952,8
42003492700,2029,1988,41
42003492800,2471,2461,10
42003492900,2219,2212,7
42003494000,1437,1410,27
42003495000,3354,3354,0
42003496101,3153,3153,0
42003496102,4369,4355,14
42003496200,5724,5672,52
42003497000,1040,1006,34
42003498000,2554,2533,21
42003499300,1634,1634,0
42003499400,2810,2777,33
42003500300,3754,3669,85
42003501000,1650,1634,16
42003503002,6025,5994,31
42003504100,5381,5359,22
42003507000,2111,2092,19
42003508000,1911,1888,23
42003509400,5292,5140,152
42003510000,1844,1803,41
42003512000,2389,2375,14
42003512800,1478,1435,43
42003512900,943,871,72
42003513800,1841,1805,36
42003514000,2274,2206,68
42003515100,2671,2671,0
42003515200,2353,2240,113
42003515300,1728,1668,60
42003515401,2141,2105,36
42003516100,1380,1358,22
42003516200,1700,1562,138
42003517000,1674,1632,42
42003518001,3294,3284,10
42003519000,2990,2949,41
42003520001,3131,3101,30
42003520002,3180,3110,70
42003521100,4548,4501,47
42003521200,4317,4209,108
42003521301,4258,4183,75
42003521302,4394,4328,66
42003521401,2773,2545,228
42003521402,3828,3771,57
42003521500,4213,4183,30
42003522000,3259,3199,60
42003523100,3793,3773,20
42003523200,4091,4091,0
42003523300,4074,3964,110
42003523400,4846,4736,110
42003523501,4733,4631,102
42003523502,1479,1453,26
42003523600,4879,4623,256
42003523701,4195,4157,38
42003523702,5123,5072,51
42003523800,4860,4831,29
42003524000,2590,2524,66
42003525100,1972,1961,11
42003525200,2254,2254,0
42003525300,2194,2144,50
42003526101,7063,6979,84
42003526102,2159,2159,0
42003526201,3719,3691,28
42003526202,4676,4564,112
42003526301,4525,4519,6
42003526302,5332,5257,75
42003550900,1725,1711,14
42003551200,3597,3527,70
42003551300,2638,2615,23
42003551900,1622,1597,25
42003552000,2602,2342,260
42003552100,1490,1490,0
42003552200,846,791,55
42003552300,2205,2073,132
42003552400,2804,2794,10
42003560400,1737,1707,30
42003560500,2353,2333,20
42003560600,1005,999,6
42003561000,1424,1397,27
42003561100,867,860,7
42003561200,1329,1284,45
42003561400,4171,4049,122
42003561500,2911,2911,0
42003561600,2131,2103,28
42003561700,890,793,97
42003561900,2581,2576,5
42003562000,2705,2574,131
42003562300,3831,3700,131
42003562400,2741,2650,91
42003562500,2996,2996,0
42003562600,2617,2572,45
42003562700,1758,1702,56
42003562800,1647,1625,22
42003562900,1908,1896,12
42003563000,3116,3012,104
42003563100,3938,3864,74
42003563200,2160,2091,69
42003563300,1401,1386,15
42003563800,3616,3589,27
42003563900,3979,3902,77
42003564000,5949,5924,25
42003564100,914,907,7
42003564200,2212,2187,25
42003564400,5508,5469,39
42003564500,2984,2929,55
42003980000,257,244,13
42003980100,26,26,0
42003980300,0,0,0
42003980400,0,0,0
42003980500,17,17,0
42003980600,4,4,0
42003980700,14,14,0
42003980800,0,0,0
42003980900,1931,1865,66
42003981000,0,0,0
42003981100,5,5,0
42003981200,0,0,0
42003981800,297,267,30
42003982200,4742,4681,61
42005950100,4695,4633,62
42005950200,2128,2116,12
42005950300,3400,3385,15
42005950400,2459,2454,5
42005950500,5600,5600,0
42005950600,3258,3255,3
42005950700,3835,3795,40
42005950800,3916,3912,4
42005950900,5146,5145,1
42005951000,2900,2804,96
42005951100,3920,3901,19
42005951200,5900,5838,62
42005951300,2629,2614,15
42005951400,2660,2638,22
42005951500,2878,2819,59
42005951600,4678,4678,0
42005951700,3608,3595,13
42005951800,2105,2099,6
42005951900,1797,1775,22
42007600601,2168,2139,29
42007600602,2672,2628,44
42007600700,7770,7720,50
42007601000,3587,3500,87
42007601100,3194,3170,24
42007601200,2843,2843,0
42007601300,2698,2638,60
42007601400,3320,3255,65
42007601600,1321,1309,12
42007601700,3405,3403,2
42007601800,7460,7460,0
42007602100,3578,3545,33
42007602300,2418,2363,55
42007602400,2023,2005,18
42007602500,1342,1331,11
42007602601,4912,4730,182
42007602602,3414,3405,9
42007602701,1836,1804,32
42007602702,3582,3582,0
42007602800,2580,2433,147
42007602900,2721,2697,24
42007603000,3022,2991,31
42007603202,7052,6924,128
42007603300,3868,3838,30
42007603400,1810,1810,0
42007603500,1564,1533,31
42007603600,2151,2118,33
42007603700,4061,4055,6
42007603801,3004,2981,23
42007603802,3053,3008,45
42007603803,3183,3152,31
42007603900,3133,3104,29
42007604000,2649,2616,33
42007604100,2717,2660,57
42007604200,1525,1462,63
42007604500,2463,2402,61
42007604600,2991,2972,19
42007604700,1395,1343,52
42007604800,4097,4065,32
42007604901,4335,4152,183
42007604902,4493,4404,89
42007605001,2583,2565,18
42007605002,3754,3682,72
42007605100,4763,4761,2
42007605200,2688,2596,92
42007605300,3175,3142,33
42007605400,3516,3466,50
42007605500,5179,5150,29
42007605600,3312,3181,131
42007605700,2409,2290,119
42007605800,6416,6413,3
42009960100,3643,3590,53
42009960200,3537,3515,22
42009960300,4992,4992,0
42009960400,5268,5215,53
42009960500,3588,3523,65
42009960600,5241,5236,5
42009960700,2763,2680,83
42009960800,5254,5199,55
42009960900,4718,4632,86
42009961000,5739,5648,91
42009961100,4109,4077,32
42011000100,5312,1955,3357
42011000200,3801,1269,2532
42011000300,2287,954,1333
42011000400,4239,1270,2969
42011000500,3629,1261,2368
42011000600,3405,2276,1129
42011000700,3682,1442,2240
42011000800,4174,1242,2932
42011000900,2722,1071,1651
42011001000,3263,930,2333
42011001100,4238,844,3394
42011001200,1936,385,1551
42011001300,3374,921,2453
42011001400,4204,966,3238
42011001500,3458,901,2557
42011001600,2768,715,2053
42011001700,3194,583,2611
42011001800,2287,1475,812
42011001900,3109,1571,1538
42011002000,4195,2069,2126
42011002100,2698,1127,1571
42011002200,2097,413,1684
42011002300,2233,616,1617
42011002500,2970,853,2117
42011002600,3368,943,2425
42011002700,1932,1547,385
42011002900,3324,2792,532
42011010100,6161,6029,132
42011010201,4371,4303,68
42011010202,5121,4992,129
42011010302,2934,2789,145
42011010303,2188,2054,134
42011010304,6626,5737,889
42011010400,7950,7669,281
42011010500,6497,6082,415
42011010600,8320,7841,479
42011010700,7358,6958,400
42011010801,1787,1730,57
42011010802,9473,8026,1447
42011010902,4066,3513,553
42011010903,6183,5931,252
42011010904,3806,3445,361
42011010905,4296,4137,159
42011011000,4642,3993,649
42011011101,2053,1884,169
42011011102,5543,5145,398
42011011200,4198,3194,1004
42011011300,2856,2496,360
42011011400,5265,4715,550
42011011500,3036,2829,207
42011011601,5225,4731,494
42011011602,4235,3971,264
42011011603,5886,5552,334
42011011701,7326,7071,255
42011011702,4626,4545,81
42011011703,4115,4074,41
42011011800,5145,5053,92
42011011902,3541,3409,132
42011011903,5101,4890,211
42011011904,7690,7434,256
42011012001,2417,2264,153
42011012002,8906,8496,410
42011012101,1895,1754,141
42011012103,2391,2372,19
42011012104,3181,3127,54
42011012105,8881,8589,292
42011012200,3208,2434,774
42011012300,4430,3813,617
42011012400,6857,4923,1934
42011012500,2093,1472,621
42011012600,2594,1755,839
42011012700,8425,7632,793
42011012800,3879,3128,751
42011012900,7492,7104,388
42011013000,6732,6630,102
42011013100,5066,5042,24
42011013200,4048,4016,32
42011013301,2917,2721,196
42011013302,5938,5886,52
42011013401,7941,7807,134
42011013402,3062,3055,7
42011013500,11708,10864,844
42011013600,4084,3698,386
42011013701,3471,3341,130
42011013702,3880,3742,138
42011013800,4333,4106,227
42011013900,7888,7605,283
42011014000,5023,4770,253
42011014100,8041,7678,363
42011014200,7797,7714,83
42013010101,4176,4166,10
42013010102,2946,2919,27
42013010103,2436,2413,23
42013010401,1742,1695,47
42013010402,6428,6428,0
42013010500,4073,4072,1
42013010600,2656,2656,0
42013010700,6713,6554,159
42013010800,3835,3807,28
42013010900,7419,7324,95
42013011001,3735,3735,0
42013011002,4123,4123,0
42013011100,6089,6085,4
42013011200,5790,5653,137
42013011300,5848,5848,0
42013011400,2537,2519,18
42013011500,5835,5749,86
42013011600,4106,4050,56
42013100200,2178,2165,13
42013100300,3176,3152,24
42013100400,1597,1597,0
42013100500,3385,3370,15
42013100600,2508,2508,0
42013100700,2475,2430,45
42013100800,1814,1758,56
42013100900,4271,4147,124
42013101100,1584,1584,0
42013101200,4093,3789,304
42013101400,3675,3623,52
42013101500,3414,3414,0
42013101600,3287,3284,3
42013101700,3920,3858,62
42013101800,2592,2592,0
42013101900,1461,1420,41
42015950100,4138,4073,65
42015950200,5070,4995,75
42015950300,5467,5412,55
42015950400,3287,3198,89
42015950500,6384,6384,0
42015950600,4150,4095,55
42015950700,4776,4757,19
42015950800,3854,3799,55
42015950900,5377,5265,112
42015951000,2848,2761,87
42015951100,2740,2701,39
42015951200,5478,5356,122
42015951300,4367,4270,97
42015951400,3872,3856,16
42017100102,2976,2858,118
42017100103,2395,2234,161
42017100104,4567,3901,666
42017100105,3261,3013,248
42017100201,4512,4339,173
42017100206,5125,4765,360
42017100207,4249,4045,204
42017100208,5889,4555,1334
42017100209,8845,8234,611
42017100210,7405,7001,404
42017100211,7251,6931,320
42017100212,3879,3537,342
42017100302,4810,4447,363
42017100303,5053,4055,998
42017100304,2275,2092,183
42017100306,3438,3222,216
42017100307,5091,4292,799
42017100401,6208,5328,880
42017100402,7404,6790,614
42017100403,2318,2067,251
42017100404,6341,5912,429
42017100406,3647,3542,105
42017100407,1075,1054,21
42017100408,6510,6219,291
42017100500,2678,2504,174
42017100600,3639,2815,824
42017100700,3276,2731,545
42017100803,4863,4276,587
42017100804,3928,3689,239
42017100805,6147,6091,56
42017100807,4193,3912,281
42017100808,5088,4737,351
42017100809,5353,5052,301
42017100811,4592,4486,106
42017100900,7979,7892,87
42017101100,2823,2591,232
42017101401,4381,4295,86
42017101403,5585,5526,59
42017101404,2358,2293,65
42017101405,6698,6398,300
42017101503,3731,3571,160
42017101504,2769,2661,108
42017101505,3278,3255,23
42017101506,5354,5354,0
42017101603,3494,3325,169
42017101605,4222,2892,1330
42017101607,3124,2928,196
42017101609,4373,4337,36
42017101610,4756,4627,129
42017101611,6901,6698,203
42017101802,6526,6481,45
42017101803,8308,7928,380
42017101805,2155,2138,17
42017101807,4218,3472,746
42017101808,2572,2560,12
42017101900,4054,3928,126
42017102002,2669,2624,45
42017102003,3911,3809,102
42017102004,4578,4539,39
42017102102,3386,3386,0
42017102104,5538,5330,208
42017102300,5728,5543,185
42017102401,3852,3800,52
42017102402,4643,4523,120
42017102500,4226,4171,55
42017102600,2211,2058,153
42017102700,5264,5168,96
42017102801,3472,3472,0
42017103101,2397,2283,114
42017103102,1956,1733,223
42017103103,4516,4197,319
42017103300,2069,2050,19
42017103400,5038,4961,77
42017103700,3415,3398,17
42017103800,1223,1202,21
42017103900,3969,3905,64
42017104000,6967,6727,240
42017104100,2121,1737,384
42017104201,2973,2810,163
42017104203,5430,5108,322
42017104204,4764,4570,194
42017104301,2624,2418,206
42017104303,4748,4683,65
42017104304,1272,1272,0
42017104400,2385,2338,47
42017104502,7922,7819,103
42017104503,4277,4137,140
42017104505,5795,5703,92
42017104506,2334,2287,47
42017104601,4483,4393,90
42017104603,7529,7303,226
42017104604,5566,5469,97
42017104701,3341,3173,168
42017104702,2639,2482,157
42017104703,2325,2253,72
42017104800,3025,2895,130
42017104901,7493,7476,17
42017104902,7149,6941,208
42017105003,4882,4764,118
42017105004,5520,5479,41
42017105006,5645,5567,78
42017105008,3799,3789,10
42017105009,3357,3299,58
42017105010,3874,3796,78
42017105011,3628,3472,156
42017105012,2955,2848,107
42017105013,5902,5810,92
42017105100,3098,3068,30
42017105202,5160,5109,51
42017105203,2062,2018,44
42017105206,4900,4773,127
42017105207,4980,4716,264
42017105208,2497,2351,146
42017105300,2028,2028,0
42017105400,8278,8110,168
42017105505,3976,3903,73
42017105506,4028,3986,42
42017105507,7341,7060,281
42017105508,3492,3247,245
42017105509,4638,4477,161
42017105510,4974,4832,142
42017105511,4213,4125,88
42017105600,2392,2314,78
42017105702,2711,2606,105
42017105704,6657,6044,613
42017105801,6147,5840,307
42017105805,5588,5109,479
42017105807,3795,3626,169
42017105808,3434,3365,69
42017105809,4329,4042,287
42017105810,2276,2193,83
42017105811,5969,5870,99
42017105812,1674,1602,72
42017105900,1825,1781,44
42017106000,4140,4014,126
42017106100,3036,2999,37
42017106200,6666,6319,347
42017106300,7174,6425,749
42017106401,7818,7543,275
42017106402,7510,7245,265
42017106500,6784,6395,389
42017106600,1905,1840,65
42017980000,0,0,0
42019902100,2152,2073,79
42019902200,1831,1813,18
42019902300,3516,3347,169
42019902400,2194,2194,0
42019902500,3706,3706,0
42019902600,2962,2935,27
42019902700,2202,2164,38
42019902800,2850,2828,22
42019902900,1928,1914,14
42019903000,4326,4221,105
42019903100,2667,2667,0
42019910100,4349,4337,12
42019910200,4813,4775,38
42019910301,4942,4929,13
42019910302,4184,4090,94
42019910400,3620,3585,35
42019910500,2214,2177,37
42019910600,4264,4198,66
42019910700,2940,2940,0
42019910800,2810,2774,36
42019910900,5001,5001,0
42019911000,6545,6395,150
42019911100,4576,4497,79
42019911200,5599,5577,22
42019911300,5510,5451,59
42019911400,3495,3495,0
42019911501,5403,5403,0
42019911502,4374,4297,77
42019911600,4996,4944,52
42019911700,4217,4217,0
42019911800,6194,6106,88
42019911900,4546,4533,13
42019912001,4950,4902,48
42019912002,5052,4971,81
42019912101,4088,4071,17
42019912102,2936,2861,75
42019912200,3366,3283,83
42019912301,6177,5832,345
42019912303,2865,2780,85
42019912304,3345,3345,0
42019912401,8774,8638,136
42019912402,6684,6622,62
42019912700,7280,7133,147
42019912800,5531,5513,18
42021000100,1096,1055,41
42021000200,550,538,12
42021000300,1862,1715,147
42021000500,1699,1661,38
42021000600,1792,1772,20
42021000700,2674,2578,96
42021001200,3427,3374,53
42021010100,4009,3943,66
42021010200,1330,1318,12
42021010300,2384,2374,10
42021010500,3503,3501,2
42021010600,2320,2300,20
42021010700,2873,2865,8
42021010801,5359,5162,197
42021011000,1541,1484,57
42021011100,5299,5196,103
42021011200,2131,2120,11
42021011300,4989,4952,37
42021011400,3402,3387,15
42021011500,4238,4229,9
42021011600,2628,2610,18
42021011700,2396,2386,10
42021011800,3985,3976,9
42021011900,3686,3686,0
42021012000,5832,5793,39
42021012100,2312,2300,12
42021012200,3624,3559,65
42021012300,4656,4367,289
42021012400,3651,3620,31
42021012500,5954,5879,75
42021012600,3232,3181,51
42021012700,2614,2595,19
42021012800,5286,5171,115
42021012900,3534,3508,26
42021013000,2601,2596,5
42021013100,2556,2550,6
42021013200,3879,3852,27
42021013300,5795,5795,0
42021013400,2266,2235,31
42021013500,2238,2131,107
42021013600,3632,3516,116
42021013700,4927,4830,97
42023960100,2010,1979,31
42023960200,2797,2789,8
42025020102,4676,4535,141
42025020103,4178,3965,213
42025020105,5506,5005,501
42025020106,1905,1809,96
42025020200,6451,6358,93
42025020300,6256,5786,470
42025020400,3834,3550,284
42025020500,7067,6903,164
42025020600,5360,5305,55
42025020700,4999,4843,156
42025020800,8768,8614,154
42025020900,5330,5041,289
42027010100,4255,4237,18
42027010200,3021,3005,16
42027010300,3135,3104,31
42027010400,3591,3578,13
42027010500,5283,5247,36
42027010600,3816,3722,94
42027010700,5832,5716,116
42027010800,5443,5398,45
42027010900,7761,7673,88
42027011000,7650,7577,73
42027011100,6287,6239,48
42027011201,5909,5799,110
42027011300,8671,8235,436
42027011400,7076,6924,152
42027011501,3258,3110,148
42027011502,7913,7738,175
42027011600,4656,4541,115
42027011702,5374,5254,120
42027011800,5324,5096,228
42027011901,2724,2699,25
42027011902,7414,7328,86
42027012000,5999,5812,187
42027012100,6431,6150,281
42027012200,5189,4868,321
42027012300,2131,2067,64
42027012400,5216,5108,108
42027012500,4583,4433,150
42027012600,3679,3465,214
42027012700,3207,3104,103
42027012800,5639,5299,340
42027981202,2711,2262,449
42029300101,3107,3041,66
42029300103,2690,2614,76
42029300104,5075,4958,117
42029300106,4693,4595,98
42029300107,4345,4260,85
42029300108,6065,5954,111
42029300109,3516,3326,190
42029300201,5108,4922,186
42029300202,5485,5347,138
42029300301,3990,3952,38
42029300302,3663,3591,72
42029300303,3123,2930,193
42029300400,3343,3232,111
42029300501,4606,4463,143
42029300502,3750,3480,270
42029300600,5212,4960,252
42029300700,5064,4083,981
42029300800,4278,3952,326
42029300900,2300,2097,203
42029301000,7314,7017,297
42029301100,3319,3252,67
42029301300,6745,6566,179
42029301401,2683,2555,128
42029301402,5296,5231,65
42029301500,2611,2575,36
42029301600,2538,2520,18
42029301700,1782,1742,40
42029301800,4953,4546,407
42029301900,4070,4029,41
42029302000,5654,5519,135
42029302101,6452,6273,179
42029302102,4406,4326,80
42029302202,6908,6482,426
42029302203,5054,5003,51
42029302204,6465,6137,328
42029302300,2932,2875,57
42029302400,3920,3062,858
42029302500,4458,4354,104
42029302600,4891,4202,689
42029302702,5020,4575,445
42029302703,4009,3983,26
42029302704,5168,5028,140
42029302705,4122,3872,250
42029302706,4649,4550,99
42029302802,4977,4977,0
42029302803,1936,1923,13
42029302804,4015,4015,0
42029302805,7279,7035,244
42029302901,4749,4642,107
42029302902,6143,5976,167
42029303000,3260,3219,41
42029303100,4249,4104,145
42029303301,3037,2303,734
42029303302,4961,4736,225
42029303401,4231,1994,2237
42029303402,1908,1143,765
42029303501,4368,4168,200
42029303502,2867,2759,108
42029303801,3998,3902,96
42029303802,8640,8498,142
42029303901,4584,4518,66
42029303902,5426,5151,275
42029304000,4863,4598,265
42029304101,4351,3968,383
42029304102,3589,3185,404
42029304201,6688,6294,394
42029304300,7927,7681,246
42029304403,3990,3919,71
42029304404,5148,5044,104
42029304405,6238,6070,168
42029304406,3279,3203,76
42029304501,8465,8188,277
42029304502,3035,2988,47
42029304600,3656,3591,65
42029304900,8059,7942,117
42029305000,1738,1728,10
42029305101,4356,4270,86
42029305102,4711,4589,122
42029305300,7451,6813,638
42029305400,4119,3246,873
42029305500,3554,2111,1443
42029305600,3161,2582,579
42029305700,2298,1933,365
42029306000,7545,7174,371
42029306300,2850,1869,981
42029306501,4429,4207,222
42029306503,2640,1380,1260
42029306504,5015,3522,1493
42029306600,3246,3175,71
42029306700,4464,4201,263
42029306800,1699,1608,91
42029306900,5874,5455,419
42029307000,5456,4906,550
42029307100,2298,2191,107
42029307200,1374,1204,170
42029307300,3799,3548,251
42029307400,3670,3476,194
42029307700,2591,2424,167
42029307800,2693,2633,60
42029307900,5023,4213,810
42029308000,5221,3819,1402
42029308101,4547,4366,181
42029308102,4336,3900,436
42029308200,2699,2483,216
42029310400,3233,3007,226
42029311000,6904,6699,205
42029311100,3632,3621,11
42029311200,2142,2008,134
42029311300,4798,4552,246
42029311401,7347,6902,445
42029311403,3643,3607,36
42029311404,3806,3671,135
42029311500,3214,3148,66
42029311600,2086,1783,303
42029311700,9761,6441,3320
42029311800,3857,3637,220
42031160101,1853,1853,0
42031160102,5192,5048,144
42031160200,3670,3667,3
42031160300,4774,4748,26
42031160400,3634,3599,35
42031160500,3597,3591,6
42031160600,5073,5059,14
42031160700,4001,3984,17
42031160800,3597,3557,40
42031160900,3548,3532,16
42033330100,4868,4868,0
42033330200,3420,3292,128
42033330300,4217,4103,114
42033330400,5811,5632,179
42033330500,4783,4691,92
42033330600,3328,3309,19
42033330700,2224,2135,89
42033330800,6879,6804,75
42033330900,6789,5778,1011
42033331000,4912,4869,43
42033331100,3303,3303,0
42033331200,2755,2712,43
42033331300,4266,4266,0
42033331401,3551,3477,74
42033331402,3544,3500,44
42033331500,1927,1919,8
42033331600,2314,2313,1
42033331700,6915,6596,319
42033331800,3026,2983,43
42033331900,2338,2311,27
42035030100,3031,2952,79
42035030200,5354,5311,43
42035030300,4051,4037,14
42035030400,4808,4721,87
42035030500,4304,4198,106
42035030600,2416,2405,11
42035030700,7309,7200,109
42035030800,4113,4079,34
42035030900,4150,4096,54
42037050100,5116,5054,62
42037050200,5523,5440,83
42037050300,5195,5127,68
42037050400,3956,3931,25
42037050500,3920,3745,175
42037050600,5315,5127,188
42037050700,4961,4544,417
42037050800,3591,3546,45
42037050900,3202,3179,23
42037051000,2762,2676,86
42037051100,6879,6582,297
42037051200,4978,4959,19
42037051300,3050,3007,43
42037051400,2709,2605,104
42037051500,5615,5565,50
42039110100,6382,6352,30
42039110201,3687,3652,35
42039110202,4309,4219,90
42039110300,4497,4457,40
42039110400,2839,2828,11
42039110501,1988,1954,34
42039110502,3708,3697,11
42039110600,2891,2880,11
42039110700,3969,3915,54
42039110800,5169,5160,9
42039110900,3110,3099,11
42039111000,2430,2418,12
42039111100,3078,3047,31
42039111200,2340,2297,43
42039111300,5659,5578,81
42039111400,4834,4756,78
42039111500,5053,4956,97
42039111600,4047,3992,55
42039111700,4367,4219,148
42039111800,5514,5404,110
42039111900,3458,3447,11
42039112001,2396,2385,11
42039112002,1302,1298,4
42041010100,5495,5256,239
42041010201,5607,5305,302
42041010203,3621,3415,206
42041010204,5244,5035,209
42041010300,4415,4037,378
42041010400,3874,3823,51
42041010500,4038,3881,157
42041010600,4627,4382,245
42041010700,3627,3556,71
42041010800,3663,3565,98
42041010900,4671,4570,101
42041011002,2383,2307,76
42041011101,3509,3501,8
42041011102,4548,4421,127
42041011200,1517,1433,84
42041011301,4700,4617,83
42041011302,7600,7286,314
42041011303,6529,6430,99
42041011304,5086,4957,129
42041011305,5047,4905,142
42041011400,4540,4380,160
42041011500,4449,4342,107
42041011601,8102,8040,62
42041011602,3716,3695,21
42041011605,4937,4921,16
42041011700,6001,5893,108
42041011801,8539,8110,429
42041011802,7193,7041,152
42041011803,7287,6967,320
42041011901,5416,5266,150
42041011902,5984,5781,203
42041012000,4611,4380,231
42041012100,2181,2053,128
42041012200,2143,2015,128
42041012300,2660,2546,114
42041012400,7419,7222,197
42041012501,3997,3676,321
42041012502,7069,6956,113
42041012600,6008,5757,251
42041012701,5327,5225,102
42041012702,4449,4418,31
42041012800,8095,7907,188
42041012900,1274,1267,7
42041013000,6742,6697,45
42041013101,10053,9952,101
42041013102,5118,4935,183
42041013200,4694,4206,488
42041981001,3674,3015,659
42041981606,2359,2211,148
42043020100,3164,3040,124
42043020300,1903,1621,282
42043020400,1719,1575,144
42043020500,3325,3015,310
42043020600,1162,988,174
42043020700,2440,2142,298
42043020800,2829,2618,211
42043020900,3983,3424,559
42043021100,2704,2211,493
42043021200,2205,1746,459
42043021300,5927,3410,2517
42043021400,5105,3168,1937
42043021500,3879,3199,680
42043021600,3277,2693,584
42043021700,5538,4780,758
42043021800,2008,1960,48
42043021901,4214,4158,56
42043021903,3510,3083,427
42043021904,5471,5328,143
42043022000,5178,4698,480
42043022100,4210,3946,264
42043022200,2982,2684,298
42043022300,5504,4767,737
42043022401,3845,3747,98
42043022403,6113,5878,235
42043022501,5860,5704,156
42043022502,5582,5339,243
42043022601,6802,6494,308
42043022604,6447,6186,261
42043022605,4895,4457,438
42043022606,3127,2949,178
42043022701,3873,3622,251
42043022702,5083,4629,454
42043022800,5348,4800,548
42043022900,8381,7304,1077
42043023000,1726,1591,135
42043023100,1493,1378,115
42043023300,4237,3429,808
42043023400,1701,1571,130
42043023500,2275,1817,458
42043023601,2925,2865,60
42043023602,5710,5193,517
42043023700,1664,1418,246
42043023800,4035,3743,292
42043023900,3303,3075,228
42043024001,6260,6131,129
42043024002,3014,2993,21
42043024101,1933,1833,100
42043024102,5210,4476,734
42043024104,6234,5947,287
42043024105,5337,5058,279
42043024200,2550,2348,202
42043024300,3638,3580,58
42043024400,4578,4364,214
42043024502,5865,5714,151
42043024503,6641,6289,352
42043024600,9762,9623,139
42043024700,6325,6164,161
42043024800,8358,8298,60
42043024900,2255,2196,59
42043025000,2913,2821,92
42043025100,3942,3891,51
42043025200,3763,3719,44
42043025300,4182,4138,44
42043025400,2540,2521,19
42045400301,5818,5340,478
42045400302,3730,3524,206
42045400401,4948,4540,408
42045400402,4552,4393,159
42045400500,4462,4017,445
42045400600,4698,4479,219
42045400700,6023,5339,684
42045400801,2214,2135,79
42045400802,3773,3569,204
42045400900,1575,1512,63
42045401000,1950,1932,18
42045401101,3113,2835,278
42045401103,3471,3424,47
42045401104,4082,3936,146
42045401200,3661,3599,62
42045401301,2508,2341,167
42045401302,2727,2641,86
42045401401,2040,1977,63
42045401402,3982,3605,377
42045401501,3665,3586,79
42045401502,4090,3986,104
42045401600,1663,1657,6
42045401700,2661,2549,112
42045401800,4198,3982,216
42045401900,4259,4086,173
42045402000,2164,2142,22
42045402100,5745,5659,86
42045402200,2343,2285,58
42045402300,3418,3298,120
42045402400,3568,3405,163
42045402500,3174,2981,193
42045402600,3935,3693,242
42045402700,2557,2490,67
42045402800,5691,5691,0
42045402900,3474,3239,235
42045403001,3191,3175,16
42045403002,2633,2624,9
42045403101,3778,3633,145
42045403103,2446,2376,70
42045403104,2553,2463,90
42045403200,4170,4139,31
42045403300,6670,6595,75
42045403401,2741,2514,227
42045403402,3875,3632,243
42045403501,4156,4011,145
42045403502,3011,2920,91
42045403601,4010,3972,38
42045403602,1890,1864,26
42045403701,1775,1703,72
42045403702,2318,2308,10
42045403800,6467,6329,138
42045403901,3343,3315,28
42045403902,3689,3665,24
42045404003,2390,2362,28
42045404004,6209,6091,118
42045404101,6158,5894,264
42045404102,5204,4853,351
42045404103,3472,3429,43
42045404300,2596,2585,11
42045404400,1652,1564,88
42045404500,5564,4347,1217
42045404600,2130,1926,204
42045404700,3942,3719,223
42045404800,2010,1645,365
42045404900,1266,1117,149
42045405000,1805,1706,99
42045405100,2252,1942,310
42045405200,3244,3017,227
42045405300,2523,1992,531
42045405400,2050,1978,72
42045406100,2281,2243,38
42045406201,3247,3238,9
42045406202,4809,4793,16
42045406300,3248,2852,396
42045406401,2844,2698,146
42045406402,1242,1235,7
42045406500,1671,1563,108
42045406600,2420,2389,31
42045406700,3482,3457,25
42045406801,4376,4333,43
42045406802,4544,4475,69
42045406803,8034,7834,200
42045406902,5741,5699,42
42045406903,5293,5293,0
42045406904,5731,5679,52
42045407000,2581,2523,58
42045407101,4146,4011,135
42045407102,3418,3302,116
42045407201,4933,4658,275
42045407202,3430,3392,38
42045407401,3740,3649,91
42045407404,3016,2943,73
42045407501,2365,2337,28
42045407502,2980,2901,79
42045407600,6307,6068,239
42045407700,2684,2660,24
42045407801,4331,4289,42
42045407802,6766,6735,31
42045407803,5281,5199,82
42045407804,4522,4495,27
42045407805,1705,1688,17
42045407806,1624,1511,113
42045407901,3965,3917,48
42045407902,2774,2696,78
42045407903,3614,3548,66
42045408001,6477,6238,239
42045408002,3768,3768,0
42045408101,5521,5465,56
42045408102,3568,3503,65
42045408103,4315,4261,54
42045408300,4514,4388,126
42045408400,1809,1803,6
42045408500,4194,4129,65
42045408600,3438,3348,90
42045408700,4899,4765,134
42045408800,4838,4726,112
42045408900,2988,2988,0
42045409000,3640,3625,15
42045409100,4308,4219,89
42045409200,4065,3991,74
42045409300,2533,2510,23
42045409400,2945,2942,3
42045409500,4722,4670,52
42045409601,4806,4734,72
42045409602,4374,4052,322
42045409701,7217,7050,167
42045409702,2010,1926,84
42045409802,6358,6012,346
42045409803,6851,6582,269
42045409902,4959,4886,73
42045409903,4004,3874,130
42045409904,3594,3559,35
42045410000,4052,4052,0
42045410100,7771,7656,115
42045410200,3715,3581,134
42045410301,8012,7824,188
42045410302,9530,9428,102
42045410400,9112,9035,77
42045410500,5210,4708,502
42045410601,3472,3294,178
42045410602,4863,4679,184
42045410700,5618,5047,571
42045410800,7986,7895,91
42045980000,0,0,0
42047950100,1494,1462,32
42047950200,3109,3087,22
42047950400,3926,3907,19
42047950500,2469,2434,35
42047950900,2321,2291,30
42047951000,5044,5044,0
42047951100,5425,5363,62
42047951200,2225,2225,0
42047951300,5098,5075,23
42049000100,1707,1632,75
42049000200,3960,3926,34
42049000300,3757,3453,304
42049000400,2678,2580,98
42049000500,3090,2668,422
42049000600,3783,3369,414
42049000700,2693,2398,295
42049000800,2498,1953,545
42049000900,5142,4993,149
42049001000,3485,3332,153
42049001100,3078,2563,515
42049001200,1928,1714,214
42049001300,1826,1606,220
42049001400,1855,1623,232
42049001500,2725,2185,540
42049001600,4116,3847,269
42049001700,2883,2310,573
42049001800,2242,1970,272
42049001900,1966,1873,93
42049002000,3150,2907,243
42049002100,3820,3716,104
42049002200,4324,4221,103
42049002300,2901,2716,185
42049002400,3251,3071,180
42049002500,2346,2267,79
42049002600,3834,3625,209
42049002700,6745,6492,253
42049002800,6702,6574,128
42049002900,3010,2999,11
42049003000,4662,4340,322
42049010101,3374,3360,14
42049010103,1974,1961,13
42049010104,2324,2301,23
42049010107,1531,1516,15
42049010201,6051,5926,125
42049010202,5363,5277,86
42049010301,4867,4838,29
42049010303,5679,5589,90
42049010304,4505,4439,66
42049010400,4394,4333,61
42049010500,4241,4174,67
42049010700,3855,3694,161
42049010800,3537,3472,65
42049010902,4444,4330,114
42049010903,6563,6459,104
42049010904,5117,5084,33
42049011001,6945,6671,274
42049011002,4816,4729,87
42049011101,5291,5252,39
42049011102,3350,3255,95
42049011201,4654,4601,53
42049011202,6806,6760,46
42049011300,3258,3185,73
42049011400,3874,3681,193
42049011503,3734,3643,91
42049011505,2803,2707,96
42049011507,3136,3030,106
42049011600,4199,3976,223
42049011701,3087,3065,22
42049011702,5267,5230,37
42049011801,2715,2694,21
42049011802,3146,3144,2
42049011900,6467,6393,74
42049012001,2637,2600,37
42049012002,3243,3243,0
42049012100,7568,7484,84
42049012201,6072,5868,204
42049012202,6393,6076,317
42049012300,7822,7714,108
42049012400,1488,1441,47
42049980109,2386,2171,215
42049990000,0,0,0
42051260100,5624,5567,57
42051260200,4419,4355,64
42051260300,3846,3846,0
42051260401,2298,2298,0
42051260402,4543,4543,0
42051260500,6402,6402,0
42051260600,4247,4227,20
42051260700,3873,3792,81
42051260800,3699,3635,64
42051260900,4814,4780,34
42051261000,2446,2421,25
42051261100,2534,2492,42
42051261200,2262,2118,144
42051261300,6745,6485,260
42051261401,2688,2661,27
42051261402,2780,2715,65
42051261500,4123,4103,20
42051261600,2675,2675,0
42051261700,3036,3011,25
42051261800,3552,3552,0
42051261900,3700,3659,41
42051262000,4604,4541,63
42051262100,2590,2590,0
42051262200,3548,3538,10
42051262300,2846,2839,7
42051262400,3452,3391,61
42051262500,3240,3192,48
42051262600,2669,2669,0
42051262701,3518,3518,0
42051262702,2566,2484,82
42051262800,6736,6707,29
42051262900,5000,4936,64
42051263000,3397,3397,0
42051263100,5552,5504,48
42051263200,2498,2498,0
42051263300,1707,1703,4
42053530100,5584,5035,549
42053530201,893,879,14
42053530300,1016,1014,2
42055010100,4376,4376,0
42055010200,4766,4675,91
42055010300,9713,9524,189
42055010400,9204,8412,792
42055010500,8206,7819,387
42055010600,6774,6591,183
42055010700,7911,7766,145
42055010800,3834,3423,411
42055010900,4579,3770,809
42055011000,5258,4231,1027
42055011100,3795,3343,452
42055011200,3110,2538,572
42055011301,5286,5286,0
42055011302,5768,5388,380
42055011400,5961,5925,36
42055011500,5934,5836,98
42055011600,6448,6448,0
42055011700,8557,7883,674
42055011800,4039,4027,12
42055011900,6768,6471,297
42055012000,7236,7145,91
42055012100,3993,3993,0
42055012200,3495,3370,125
42055012300,4384,4303,81
42055012400,2885,2643,242
42055012501,6555,6001,554
42055012502,3872,3796,76
42057960100,4845,4786,59
42057960200,5140,5052,88
42057960300,4668,4657,11
42059970100,6832,6787,45
42059970200,3041,3016,25
42059970300,4411,4411,0
42059970400,3944,3927,17
42059970501,4950,4601,349
42059970502,3545,3538,7
42059970600,4070,4017,53
42059970700,2710,2684,26
42059970800,4166,4152,14
42061950100,1651,1631,20
42061950200,3636,3608,28
42061950300,7995,7461,534
42061950400,7042,6932,110
42061950500,3423,3422,1
42061950600,4199,4189,10
42061950800,3598,3567,31
42061950900,2421,2405,16
42061951000,2760,2736,24
42061951100,1916,1909,7
42061951200,4883,4811,72
42061951300,2320,2320,0
42063960100,4390,4359,31
42063960200,5093,5093,0
42063960300,2474,2442,32
42063960400,3708,3674,34
42063960500,3312,3312,0
42063960600,5293,5291,2
42063960700,7145,7130,15
42063960800,4228,4161,67
42063960900,4735,4515,220
42063961000,1914,1866,48
42063961101,4301,4292,9
42063961102,5321,5112,209
42063961200,2466,2394,72
42063961300,3957,3867,90
42063961400,2947,2942,5
42063961500,4055,4024,31
42063961600,4623,4623,0
42063961700,1703,1688,15
42063961800,1732,1715,17
42063961900,4206,4057,149
42063962000,4256,4215,41
42063962100,3348,3342,6
42063962200,2284,2271,13
42065950100,1945,1931,14
42065950200,3017,3006,11
42065950300,5548,5489,59
42065950400,1844,1796,48
42065950500,2034,2014,20
42065950600,5669,5617,52
42065950700,2715,2685,30
42065950800,3630,3630,0
42065950900,4267,4243,24
42065951000,4362,4336,26
42065951100,3661,3661,0
42065951200,3329,3272,57
42065951300,2554,2532,22
42067070100,7477,7120,357
42067070201,1890,1886,4
42067070202,6061,5779,282
42067070300,5247,5163,84
42067070400,4136,4097,39
42069100200,2843,2560,283
42069100300,4570,4198,372
42069100400,2003,1922,81
42069100500,2122,2001,121
42069100600,4566,3909,657
42069100800,2960,2588,372
42069100900,1529,1390,139
42069101000,3468,3280,188
42069101100,2572,2360,212
42069101200,2852,2348,504
42069101300,2751,2366,385
42069101400,3155,2062,1093
42069101600,2098,1949,149
42069101700,3046,2632,414
42069101800,4622,4537,85
42069101900,1428,1220,208
42069102000,2484,1985,499
42069102100,2612,2373,239
42069102200,2293,2193,100
42069102300,3236,2830,406
42069102500,3007,2374,633
42069102600,2461,1889,572
42069102700,2503,2218,285
42069102800,3023,2877,146
42069102900,4538,3593,945
42069103000,2075,1611,464
42069103100,1563,1504,59
42069110100,2704,2635,69
42069110201,4270,4262,8
42069110202,4898,4829,69
42069110300,3831,3766,65
42069110401,6643,6537,106
42069110402,2451,2435,16
42069110403,2989,2897,92
42069110500,5041,4966,75
42069110600,2891,2835,56
42069110700,2705,2604,101
42069110800,2805,2756,49
42069110900,3197,3066,131
42069111000,2248,2214,34
42069111100,7036,6586,450
42069111200,6430,6368,62
42069111300,4577,4380,197
42069111400,5156,4639,517
42069111500,3401,3339,62
42069111600,2569,2492,77
42069111700,4026,3952,74
42069111800,8761,8720,41
42069112000,4175,4107,68
42069112100,4218,4128,90
42069112200,2563,2529,34
42069112300,2671,2604,67
42069112400,4326,4258,68
42069112500,6136,5568,568
42069112600,5140,5127,13
42069112700,3032,2792,240
42069112800,5731,5701,30
42069112901,4103,3994,109
42069112902,5902,5689,213
42071000100,2491,1777,714
42071000200,3247,2074,1173
42071000300,5347,3455,1892
42071000400,4077,3438,639
42071000500,4506,3830,676
42071000600,3018,2389,629
42071000700,4389,3062,1327
42071000800,3953,1359,2594
42071000900,3654,1478,2176
42071001000,3494,1923,1571
42071001100,3245,1966,1279
42071001200,5427,2998,2429
42071001400,4747,2197,2550
42071010101,7372,7219,153
42071010102,3870,3659,211
42071010201,4875,4875,0
42071010202,5782,5663,119
42071010300,9162,8575,587
42071010400,4867,4634,233
42071010501,4718,4377,341
42071010502,6678,6395,283
42071010600,10640,9936,704
42071010701,5881,5748,133
42071010702,5717,5593,124
42071010801,8595,8498,97
42071010802,3391,3367,24
42071010900,7978,7258,720
42071011000,2601,2534,67
42071011100,8145,7988,157
42071011200,1771,1526,245
42071011300,4484,4252,232
42071011400,4127,3659,468
42071011502,6548,5554,994
42071011503,5105,4765,340
42071011504,7600,7051,549
42071011600,6372,5929,443
42071011701,4734,4062,672
42071011703,7712,7461,251
42071011704,4440,4259,181
42071011705,5390,5068,322
42071011801,2967,2820,147
42071011802,6021,5190,831
42071011803,6661,5842,819
42071011804,8267,7584,683
42071011805,2413,1914,499
42071011901,5779,5534,245
42071011902,7406,7235,171
42071012001,5326,5185,141
42071012002,3883,3719,164
42071012102,8305,7835,470
42071012103,4092,3796,296
42071012104,5924,5737,187
42071012200,7305,6850,455
42071012301,3206,3163,43
42071012302,3203,3186,17
42071012402,3956,3743,213
42071012403,4843,4442,401
42071012404,5251,4998,253
42071012501,7724,7536,188
42071012502,4826,4555,271
42071012601,7385,7244,141
42071012602,4790,4728,62
42071012700,8179,7550,629
42071012800,5418,4912,506
42071012900,7140,7010,130
42071013000,8112,7750,362
42071013101,5186,4812,374
42071013102,3658,3288,370
42071013202,5807,4645,1162
42071013203,5227,4885,342
42071013204,6573,6507,66
42071013301,4564,3965,599
42071013303,4752,4579,173
42071013304,7445,7179,266
42071013400,3257,2443,814
42071013501,10057,6492,3565
42071013502,4059,3647,412
42071013503,2419,2358,61
42071013601,2713,2536,177
42071013602,6038,5741,297
42071013701,4843,4550,293
42071013702,9824,8447,1377
42071013800,3735,3726,9
42071013901,4702,4617,85
42071013902,3820,3731,89
42071014000,7131,7015,116
42071014101,5401,5102,299
42071014102,5410,5270,140
42071014201,5768,5759,9
42071014202,5538,5319,219
42071014300,7650,7365,285
42071014401,6921,6791,130
42071014402,4728,4441,287
42071014501,5203,5104,99
42071014502,5734,5524,210
42071014601,3858,3680,178
42071014602,7953,7879,74
42071014700,4604,1721,2883
42073000100,3834,3752,82
42073000200,1874,1861,13
42073000300,3979,3857,122
42073000400,1865,1822,43
42073000600,1302,1186,116
42073000700,1944,1875,69
42073000800,4211,4153,58
42073000900,1734,1679,55
42073001000,1757,1745,12
42073010100,3802,3792,10
42073010201,3485,3485,0
42073010202,5263,5162,101
42073010300,2340,2283,57
42073010400,3351,3346,5
42073010500,2984,2932,52
42073010600,2407,2375,32
42073010700,2686,2664,22
42073010800,5912,5813,99
42073010900,3201,3196,5
42073011000,5295,5295,0
42073011100,3980,3951,29
42073011200,2470,2452,18
42073011300,4307,4287,20
42073011400,2021,1986,35
42073011500,4006,3995,11
42073011600,3869,3845,24
42073011700,2054,2041,13
42073011800,2595,2595,0
42075000100,3979,3121,858
42075000200,4769,3700,1069
42075000300,4128,1386,2742
42075000401,5017,2152,2865
42075000402,3965,2260,1705
42075000500,3796,2661,1135
42075002000,3191,3111,80
42075002100,5138,5031,107
42075002200,6352,5882,470
42075002300,2872,2738,134
42075002400,2407,2404,3
42075002500,4855,4524,331
42075002600,2105,1958,147
42075002701,6000,5771,229
42075002702,5732,5083,649
42075002800,8539,8443,96
42075002900,3144,2820,324
42075003000,5595,5450,145
42075003100,4164,4164,0
42075003200,4714,4454,260
42075003300,2393,2267,126
42075003400,2610,2436,174
42075003500,5194,4862,332
42075003600,3526,2587,939
42075003700,2917,2866,51
42075003800,8313,8111,202
42075003901,3610,3477,133
42075003902,3871,3526,345
42075004000,7513,7416,97
42075004100,2309,2186,123
42075004200,4232,4096,136
42077000101,3475,2507,968
42077000102,4281,2661,1620
42077000400,4006,1912,2094
42077000500,2830,775,2055
42077000600,6035,3052,2983
42077000700,4303,1304,2999
42077000800,4269,1185,3084
42077000900,1611,637,974
42077001000,2950,856,2094
42077001200,2481,1182,1299
42077001401,8785,3688,5097
42077001402,1983,1463,520
42077001501,6532,2964,3568
42077001502,7188,4279,2909
42077001600,3543,907,2636
42077001700,4696,1203,3493
42077001800,4687,1672,3015
42077001900,4379,2464,1915
42077002000,4848,2388,2460
42077002100,6516,3555,2961
42077002201,4307,3174,1133
42077002202,4552,3673,879
42077002301,6640,5859,781
42077002302,3220,2498,722
42077005100,4278,4069,209
42077005200,6733,6507,226
42077005301,3480,3301,179
42077005302,4314,4230,84
42077005401,2112,2079,33
42077005402,5075,4828,247
42077005503,4616,4425,191
42077005504,4770,4679,91
42077005505,3174,3025,149
42077005506,3528,3273,255
42077005601,4936,4314,622
42077005602,4923,4636,287
42077005702,3935,3563,372
42077005703,3634,2434,1200
42077005704,3593,2833,760
42077005705,6218,4880,1338
42077005800,3232,3001,231
42077005901,6509,5938,571
42077005902,1716,1485,231
42077006001,4623,4299,324
42077006002,5935,5902,33
42077006101,3721,3629,92
42077006102,5345,4856,489
42077006202,10519,9841,678
42077006203,8037,7611,426
42077006204,3959,3902,57
42077006302,7220,6757,463
42077006303,3115,2831,284
42077006304,4007,3661,346
42077006305,6891,6286,605
42077006307,8591,8045,546
42077006308,7407,6929,478
42077006401,3068,2775,293
42077006402,4838,4738,100
42077006500,5727,5432,295
42077006600,5246,5125,121
42077006701,4989,4298,691
42077006702,2816,2694,122
42077006703,5892,5789,103
42077006800,4634,3623,1011
42077006902,2402,2259,143
42077006903,7050,6688,362
42077006905,4923,4500,423
42077006906,3931,3706,225
42077007000,3864,3839,25
42077009100,3570,3133,437
42077009200,3964,3653,311
42077009300,3192,2690,502
42077009400,4401,2828,1573
42077009500,4515,3624,891
42077009600,7897,3606,4291
42077009700,3610,1567,2043
42079200100,2918,2733,185
42079200200,3331,3000,331
42079200300,1964,1620,344
42079200400,2469,2147,322
42079200500,2828,2124,704
42079200600,1964,1866,98
42079200700,3348,3037,311
42079200800,3275,2641,634
42079200900,3003,2528,475
42079201000,2454,2058,396
42079201100,1562,654,908
42079201200,2455,2042,413
42079201300,2274,1526,748
42079201400,2157,1827,330
42079201500,2391,2116,275
42079201600,2571,2548,23
42079210100,3389,3354,35
42079210200,2695,2549,146
42079210300,2637,2617,20
42079210400,1476,1476,0
42079210500,4889,4787,102
42079210600,1045,1038,7
42079210700,1834,1757,77
42079210800,3156,3120,36
42079210900,1633,1604,29
42079211000,4793,4770,23
42079211101,5605,5423,182
42079211102,2077,2077,0
42079211201,2787,2744,43
42079211203,1849,1825,24
42079211204,6348,6162,186
42079211205,2871,2871,0
42079211301,4627,4169,458
42079211302,3489,3489,0
42079211303,2786,2786,0
42079211304,2117,2098,19
42079211400,6987,6888,99
42079211500,2699,2640,59
42079211600,3033,2952,81
42079211701,5175,5072,103
42079211702,1559,1539,20
42079211800,2037,2017,20
42079211900,5948,5948,0
42079212000,1833,1791,42
42079212100,4162,4114,48
42079212200,5000,4887,113
42079212300,2829,2745,84
42079212700,4545,4400,145
42079212800,3678,3403,275
42079212900,1399,1294,105
42079213000,1546,1480,66
42079213100,1828,1809,19
42079213200,4753,4436,317
42079213300,1629,1617,12
42079213400,4436,4277,159
42079213600,1911,1886,25
42079213700,2190,2190,0
42079213800,1764,1621,143
42079213900,1755,1742,13
42079214000,1103,1030,73
42079214100,2634,2543,91
42079214200,2701,2666,35
42079214300,1928,1887,41
42079214400,1936,1855,81
42079214500,1680,1680,0
42079214600,3918,3758,160
42079214900,1286,1286,0
42079215000,1503,1480,23
42079215100,2737,2653,84
42079215200,2939,2590,349
42079215300,3941,3897,44
42079215400,2521,2447,74
42079215501,4488,4354,134
42079215502,5650,5634,16
42079215503,3510,3484,26
42079215504,3968,3961,7
42079215600,5376,5176,200
42079215701,2327,2317,10
42079215702,2019,2010,9
42079215800,2916,2838,78
42079215900,3689,3656,33
42079216000,715,710,5
42079216100,4218,4111,107
42079216200,5596,5411,185
42079216400,1962,1870,92
42079216501,2005,1990,15
42079216502,4138,3971,167
42079216600,9529,9240,289
42079216700,3485,3317,168
42079216800,3615,3601,14
42079216900,4290,3853,437
42079217001,2125,1829,296
42079217002,3136,2246,890
42079217100,2777,1479,1298
42079217200,3076,1083,1993
42079217300,3321,2810,511
42079217400,1660,628,1032
42079217500,2597,875,1722
42079217600,3137,1182,1955
42079217700,4904,2323,2581
42079217800,3482,1559,1923
42079217900,4520,2068,2452
42079218000,4096,3831,265
42079980100,0,0,0
42081000100,3417,3190,227
42081000200,2401,2384,17
42081000300,5532,5488,44
42081000400,4116,3873,243
42081000500,3022,2909,113
42081000600,2411,2374,37
42081000800,2180,2014,166
42081000900,2753,2714,39
42081001000,3348,3236,112
42081010100,2368,2362,6
42081010200,1051,1050,1
42081010300,3175,3150,25
42081010400,4982,4878,104
42081010500,5803,5739,64
42081010600,4576,4538,38
42081010700,6143,6133,10
42081010800,6937,6864,73
42081010900,2793,2717,76
42081011000,4572,4480,92
42081011100,5767,5554,213
42081011200,5428,5387,41
42081011301,2318,2312,6
42081011302,5051,5051,0
42081011400,1684,1680,4
42081011601,1174,1174,0
42081011602,6328,6304,24
42081011700,7577,7337,240
42081011800,3233,3225,8
42081011900,6173,6121,52
42083420100,3366,3286,80
42083420200,3326,3315,11
42083420300,2449,2424,25
42083420400,2765,2714,51
42083420500,3269,3172,97
42083420600,5443,5385,58
42083420700,4407,4384,23
42083420800,3834,3813,21
42083420900,2168,2141,27
42083421000,5754,5385,369
42083421100,3536,3472,64
42083421200,2292,2231,61
42085030100,2146,2128,18
42085030300,3441,3405,36
42085030400,2547,2510,37
42085030500,2468,2377,91
42085030900,3277,3129,148
42085031100,1538,1526,12
42085031200,5455,5410,45
42085031300,2685,2627,58
42085031400,5176,5080,96
42085031700,2564,2524,40
42085031800,4886,4850,36
42085031900,4693,4635,58
42085032000,5370,5336,34
42085032100,3333,3327,6
42085032200,2461,2447,14
42085032300,3206,3183,23
42085032400,5895,5731,164
42085032501,5880,5851,29
42085032502,2258,2258,0
42085032601,5918,5906,12
42085032602,4693,4609,84
42085032701,4695,4635,60
42085032702,2623,2623,0
42085032800,5992,5801,191
42085032900,3091,3070,21
42085033000,5079,5055,24
42085033100,4822,4808,14
42085033200,3057,3010,47
42085033300,2963,2963,0
42085033400,2386,2270,116
42087960100,3820,3820,0
42087960200,4090,4061,29
42087960300,5232,5228,4
42087960400,3021,2996,25
42087960500,3825,3790,35
42087960600,5844,5664,180
42087960700,2240,2147,93
42087960800,3595,3498,97
42087960900,2465,2415,50
42087961000,2005,2005,0
42087961100,7327,7228,99
42087961200,3121,3100,21
42089300101,3528,3151,377
42089300102,6545,5156,1389
42089300201,4112,3999,113
42089300202,6194,4941,1253
42089300301,3276,2717,559
42089300304,6701,5317,1384
42089300305,6986,5296,1690
42089300307,7127,5708,1419
42089300308,2919,2057,862
42089300309,4833,3792,1041
42089300311,1826,1729,97
42089300312,1805,1607,198
42089300401,4569,4034,535
42089300402,6282,5783,499
42089300403,6864,5623,1241
42089300501,2501,2265,236
42089300502,5374,4252,1122
42089300600,4855,4149,706
42089300700,5168,4516,652
42089300800,5486,4760,726
42089300900,5234,4762,472
42089301001,11687,9278,2409
42089301002,1898,1769,129
42089301101,5798,5595,203
42089301102,3056,2905,151
42089301202,4580,3966,614
42089301203,5794,5581,213
42089301204,3741,3139,602
42089301205,8456,6915,1541
42089301301,7700,7199,501
42089301302,3017,2884,133
42089301401,4638,3662,976
42089301402,4576,4145,431
42091200103,4130,4069,61
42091200104,4217,4217,0
42091200105,2887,2825,62
42091200106,1951,1901,50
42091200200,1375,1323,52
42091200301,5946,5495,451
42091200305,2240,2145,95
42091200306,3436,3299,137
42091200307,3116,2958,158
42091200308,3983,3950,33
42091200309,2788,2604,184
42091200310,2709,2680,29
42091200401,3228,2808,420
42091200402,4184,4015,169
42091200501,4115,3921,194
42091200502,4931,4852,79
42091200505,7594,7460,134
42091200506,4524,4499,25
42091200507,5352,5263,89
42091200602,8764,8380,384
42091200603,3370,3277,93
42091200605,6066,5949,117
42091200606,3327,3198,129
42091200607,4328,4253,75
42091200703,4246,4100,146
42091200704,3629,3526,103
42091200707,4044,3597,447
42091200708,5616,5419,197
42091200800,3313,3028,285
42091200901,4133,4030,103
42091200902,1240,1099,141
42091200903,4569,4101,468
42091200906,1798,1750,48
42091200907,2512,2456,56
42091200908,2202,2023,179
42091201003,4994,4897,97
42091201004,5326,5079,247
42091201005,3306,3208,98
42091201006,2263,2214,49
42091201100,3245,3196,49
42091201201,6135,6091,44
42091201203,3255,3245,10
42091201204,2134,2107,27
42091201301,3567,3195,372
42091201302,2940,2677,263
42091201404,4771,4543,228
42091201406,4647,4647,0
42091201407,2596,2464,132
42091201408,4329,4301,28
42091201409,4450,4394,56
42091201410,2534,2461,73
42091201411,2854,2854,0
42091201501,3630,3505,125
42091201502,1882,1781,101
42091201603,4295,4132,163
42091201604,3084,3041,43
42091201605,2937,2882,55
42091201606,2493,2387,106
42091201607,3541,3446,95
42091201608,4750,4448,302
42091201703,3083,2976,107
42091201704,3349,3329,20
42091201705,4507,4313,194
42091201706,4699,4408,291
42091201800,2949,2777,172
42091201901,4946,4751,195
42091201902,5495,5326,169
42091202000,2548,2493,55
42091202100,4426,4223,203
42091202201,4759,4480,279
42091202202,3117,2868,249
42091202301,4633,4580,53
42091202302,2130,1966,164
42091202401,3706,3555,151
42091202402,4768,4416,352
42091202500,5546,5256,290
42091202602,2680,2632,48
42091202603,3291,3196,95
42091202604,2358,2286,72
42091203000,3324,3255,69
42091203103,2940,2908,32
42091203104,4096,3929,167
42091203105,5338,5209,129
42091203106,1935,1898,37
42091203203,4289,4170,119
42091203204,6404,6186,218
42091203205,2159,2080,79
42091203207,3360,3359,1
42091203208,2965,2790,175
42091203302,6286,6098,188
42091203303,3960,3751,209
42091203304,3817,3779,38
42091203401,5970,5615,355
42091203402,6545,6359,186
42091203403,3102,3076,26
42091203500,6384,5707,677
42091203601,3000,2255,745
42091203602,4101,3549,552
42091203700,1929,1515,414
42091203801,3823,3028,795
42091203803,5645,3610,2035
42091203804,3333,2197,1136
42091203901,3288,1662,1626
42091203902,3106,2253,853
42091204002,3482,3174,308
42091204007,2205,2171,34
42091204008,2713,2704,9
42091204009,1707,1585,122
42091204010,2606,2553,53
42091204101,3880,3775,105
42091204102,4036,3850,186
42091204200,1363,1286,77
42091204300,2770,2718,52
42091204400,3123,2953,170
42091204500,4742,4671,71
42091204600,4442,4379,63
42091204701,2047,2046,1
42091204702,3399,3336,63
42091204800,5019,4880,139
42091204900,5279,5134,145
42091205000,2514,2433,81
42091205100,1615,1545,70
42091205200,2966,2897,69
42091205300,2113,1902,211
42091205400,6204,5678,526
42091205501,3573,3350,223
42091205502,3636,3520,116
42091205503,4778,4622,156
42091205600,4305,4141,164
42091205700,4574,4040,534
42091205801,3052,2804,248
42091205805,3326,3239,87
42091205806,2259,2189,70
42091205807,1658,1625,33
42091205808,5192,5137,55
42091205809,2812,2769,43
42091205903,2551,2512,39
42091205904,2206,2151,55
42091205905,3471,3381,90
42091205906,2096,1865,231
42091206004,6421,6126,295
42091206005,4196,3781,415
42091206006,2809,2791,18
42091206007,6904,6746,158
42091206102,8740,8334,406
42091206104,3117,2983,134
42091206105,5983,5950,33
42091206106,4850,4804,46
42091206201,2351,2272,79
42091206202,2431,2345,86
42091206300,5279,5175,104
42091206400,3559,3270,289
42091206501,4379,4183,196
42091206502,4858,4684,174
42091206600,1381,1279,102
42091206702,3353,2902,451
42091206703,4034,3923,111
42091206704,7339,7201,138
42091206801,7275,6965,310
42091206802,3011,2993,18
42091206901,4750,4399,351
42091206904,5518,5235,283
42091206905,5042,4992,50
42091206906,2882,2821,61
42091207001,8058,7728,330
42091207003,3012,3012,0
42091207004,4254,4070,184
42091207101,6136,6109,27
42091207103,4229,3973,256
42091207104,2871,2868,3
42091207201,2344,2195,149
42091207202,4393,3955,438
42091207300,2682,2311,371
42091207400,2863,2836,27
42091207500,3362,3348,14
42091207600,3711,3659,52
42091207800,7076,6954,122
42091207900,2500,2439,61
42091208000,3868,3793,75
42091208100,2968,2837,131
42091208201,2189,2175,14
42091208203,4604,4540,64
42091208204,3603,3516,87
42091208301,2577,2577,0
42091208302,9666,9315,351
42091208400,3570,3531,39
42091208500,4890,4624,266
42091208601,6042,5804,238
42091208603,6764,6514,250
42091208604,5913,5791,122
42091208702,3332,3270,62
42091208703,3869,3790,79
42091208704,4970,4770,200
42091208801,1337,1162,175
42091208802,3463,3310,153
42091208901,3688,3489,199
42091208903,2673,2475,198
42091208904,3359,2824,535
42091208905,2791,2691,100
42091208906,3788,3671,117
42091209000,1520,1402,118
42091209100,5457,5257,200
42091209201,1714,1701,13
42091209202,2155,2018,137
42091210100,3956,3458,498
42091210200,2695,2659,36
42091210300,4145,3987,158
42091210400,4356,4204,152
42091210500,4399,4201,198
42091210600,4348,4106,242
42091210700,5630,5454,176
42093050100,3940,3939,1
42093050200,4218,3978,240
42093050300,4664,4490,174
42093050400,5582,5556,26
42095010100,3830,3056,774
42095010200,3625,3363,262
42095010300,3147,2749,398
42095010400,5298,4505,793
42095010500,4267,1393,2874
42095010600,7172,5501,1671
42095010700,5330,3815,1515
42095010800,2177,1833,344
42095010900,3572,1813,1759
42095011000,3377,2225,1152
42095011100,3422,3118,304
42095011200,5845,2533,3312
42095011300,4406,2332,2074
42095014100,5933,5477,456
42095014200,5729,3973,1756
42095014300,4038,2697,1341
42095014400,2283,1772,511
42095014500,2912,2297,615
42095014600,3342,2432,910
42095014700,2777,2134,643
42095015201,6817,6732,85
42095015300,5186,5024,162
42095015400,3088,3038,50
42095015500,6138,5848,290
42095015600,3567,3508,59
42095015700,2709,2694,15
42095015801,5251,5206,45
42095015802,3108,3027,81
42095015901,5743,5596,147
42095015902,3674,3562,112
42095016001,6043,5877,166
42095016002,4388,4213,175
42095016100,2112,2019,93
42095016201,5584,5137,447
42095016202,4303,3909,394
42095016300,2841,2746,95
42095016400,4630,4532,98
42095016500,4855,4618,237
42095016600,2691,2486,205
42095016700,6576,6407,169
42095016800,5703,5493,210
42095016901,3239,3147,92
42095016902,2666,2572,94
42095017000,2197,2134,63
42095017101,6505,5725,780
42095017102,8724,8190,534
42095017200,6470,5746,724
42095017300,2696,2514,182
42095017401,7838,7038,800
42095017402,3784,3531,253
42095017501,3971,3762,209
42095017502,5521,5205,316
42095017603,3723,3284,439
42095017604,4425,4042,383
42095017605,4253,3963,290
42095017606,4925,4572,353
42095017607,6554,6015,539
42095017702,2246,2103,143
42095017703,2791,2484,307
42095017704,6315,5891,424
42095017800,2633,1970,663
42095017901,3648,3327,321
42095017902,2189,2112,77
42095018001,4052,3785,267
42095018002,6744,6357,387
42095018100,6498,6415,83
42095018200,3521,3262,259
42095018300,4903,4390,513
42097080100,4487,4440,47
42097080200,7290,7108,182
42097080300,6968,6594,374
42097080400,3306,3220,86
42097080500,3710,3594,116
42097080600,3741,3621,120
42097080700,3166,3098,68
42097080800,7161,7096,65
42097080900,3730,3730,0
42097081000,3095,3036,59
42097081100,2678,2589,89
42097081200,6189,5703,486
42097081300,2454,2387,67
42097081400,1844,1829,15
42097081500,2204,2177,27
42097081600,2741,2736,5
42097081700,2257,2054,203
42097081800,3057,2996,61
42097081900,5936,5871,65
42097082000,3200,3021,179
42097082100,2806,2535,271
42097082200,3699,3558,141
42097082300,5009,4942,67
42097082400,2862,2803,59
42099030100,4762,4723,39
42099030201,2468,2439,29
42099030202,4761,4644,117
42099030301,4669,4648,21
42099030302,4807,4740,67
42099030400,4875,4805,70
42099030501,5225,5118,107
42099030502,6154,5982,172
42099030601,4709,4614,95
42099030602,3217,3165,52
42101000100,4012,3788,224
42101000200,2563,2452,111
42101000300,3530,3276,254
42101000401,2666,2479,187
42101000402,3202,3186,16
42101000500,2451,2109,342
42101000600,1301,1173,128
42101000700,3254,2967,287
42101000801,1588,1473,115
42101000803,3569,3507,62
42101000804,4082,3799,283
42101000901,2159,2017,142
42101000902,2663,2613,50
42101001001,2664,2638,26
42101001002,3392,3195,197
42101001101,3666,3445,221
42101001102,2566,2536,30
42101001201,4134,3961,173
42101001202,5111,4739,372
42101001300,6108,5856,252
42101001400,3936,3847,89
42101001500,2868,2671,197
42101001600,2173,2083,90
42101001700,2948,2764,184
42101001800,3263,3098,165
42101001900,3159,2893,266
42101002000,2039,2000,39
42101002100,2294,2209,85
42101002200,2309,2188,121
42101002300,2836,2488,348
42101002400,5319,4497,822
42101002500,3914,3635,279
42101002701,4177,3193,984
42101002702,4273,3879,394
42101002801,4817,3143,1674
42101002802,5903,5172,731
42101002900,4167,3307,860
42101003001,4431,4083,348
42101003002,2988,2886,102
42101003100,4064,3756,308
42101003200,4631,4307,324
42101003300,5970,5830,140
42101003600,7379,7183,196
42101003701,6255,6079,176
42101003702,3998,3632,366
42101003800,3903,3741,162
42101003901,6234,6076,158
42101003902,5894,5802,92
42101004001,4035,3824,211
42101004002,4992,4595,397
42101004101,6410,5253,1157
42101004102,9485,7781,1704
42101004201,5354,5143,211
42101004202,5828,5438,390
42101005000,0,0,0
42101005400,1410,1340,70
42101005500,6532,6153,379
42101005600,1032,1009,23
42101006000,6137,5976,161
42101006100,3316,3278,38
42101006200,5186,5052,134
42101006300,4264,3911,353
42101006400,3682,3578,104
42101006500,4207,4171,36
42101006600,3368,3290,78
42101006700,6512,6283,229
42101006900,2542,2409,133
42101007000,3530,3521,9
42101007101,2546,2539,7
42101007102,4610,4425,185
42101007200,5046,4953,93
42101007300,2529,2498,31
42101007400,4377,4262,115
42101007700,2102,2024,78
42101007800,4276,4063,213
42101007900,4443,4169,274
42101008000,3889,3717,172
42101008101,2343,2325,18
42101008102,5497,5424,73
42101008200,6413,6397,16
42101008301,4809,4672,137
42101008302,4334,4110,224
42101008400,4803,4693,110
42101008500,7415,7178,237
42101008601,2860,2687,173
42101008602,2241,2185,56
42101008701,4841,4392,449
42101008702,2628,2424,204
42101008801,2272,2096,176
42101008802,6680,6286,394
42101009000,6173,5825,348
42101009100,2793,2745,48
42101009200,3568,3490,78
42101009300,4109,4109,0
42101009400,4123,4083,40
42101009500,3065,2927,138
42101009600,4311,4195,116
42101009801,2417,2331,86
42101009802,6445,6403,42
42101010000,4610,4517,93
42101010100,7051,6457,594
42101010200,3008,2926,82
42101010300,2662,2481,181
42101010400,4058,3977,81
42101010500,4472,4327,145
42101010600,1587,1553,34
42101010700,3738,3699,39
42101010800,3846,3807,39
42101010900,2599,2488,111
42101011000,3936,3859,77
42101011100,3083,3040,43
42101011200,4966,4859,107
42101011300,2744,2744,0
42101011400,7219,7087,132
42101011500,4766,4626,140
42101011700,1899,1840,59
42101011800,5856,5596,260
42101011900,4738,4734,4
42101012000,1749,1652,97
42101012100,2933,2775,158
42101012201,3077,2989,88
42101012203,643,616,27
42101012204,3753,3654,99
42101012500,5191,4978,213
42101013100,1710,1673,37
42101013200,2757,2484,273
42101013300,3763,3487,276
42101013401,2327,2264,63
42101013402,2786,2377,409
42101013500,3781,3243,538
42101013601,2864,2824,40
42101013602,3667,3592,75
42101013700,4805,4716,89
42101013800,2118,1965,153
42101013900,2960,2800,160
42101014000,3042,2919,123
42101014100,2510,2276,234
42101014200,3923,3510,413
42101014300,1709,1623,86
42101014400,3774,2333,1441
42101014500,1774,1295,479
42101014600,4097,3860,237
42101014700,2952,2815,137
42101014800,1003,992,11
42101014900,3387,3170,217
42101015101,2317,2145,172
42101015102,3507,3347,160
42101015200,5769,5430,339
42101015300,4074,3960,114
42101015600,2048,668,1380
42101015700,2688,1574,1114
42101015800,6183,5993,190
42101016000,6721,6209,512
42101016100,5964,4421,1543
42101016200,2441,675,1766
42101016300,3710,814,2896
42101016400,4338,1857,2481
42101016500,2687,1818,869
42101016600,1627,1419,208
42101016701,2871,2841,30
42101016702,2796,2734,62
42101016800,3605,3599,6
42101016901,3430,3426,4
42101016902,5797,5584,213
42101017000,3114,2982,132
42101017100,3997,3879,118
42101017201,3194,3169,25
42101017202,2991,2839,152
42101017300,2607,2510,97
42101017400,2204,1863,341
42101017500,6850,2064,4786
42101017601,5728,658,5070
42101017602,4267,692,3575
42101017701,4012,1424,2588
42101017702,5441,1580,3861
42101017800,6224,3447,2777
42101017900,7283,4474,2809
42101018001,2662,2481,181
42101018002,5740,5382,358
42101018300,4004,3967,37
42101018400,2434,2333,101
42101018800,9162,4591,4571
42101019000,8371,2816,5555
42101019100,8857,3819,5038
42101019200,9019,2865,6154
42101019501,4437,578,3859
42101019502,3649,832,2817
42101019700,6843,2911,3932
42101019800,6970,2353,4617
42101019900,4080,1588,2492
42101020000,1327,1248,79
42101020101,4025,3903,122
42101020102,3083,2957,126
42101020200,4358,4192,166
42101020300,2906,2712,194
42101020400,2631,2499,132
42101020500,2759,2723,36
42101020600,1664,1577,87
42101020700,5675,5337,338
42101020800,2196,2118,78
42101020900,2932,2749,183
42101021000,4990,4898,92
42101021100,2496,2323,173
42101021200,2440,2344,96
42101021300,3814,3589,225
42101021400,4475,4176,299
42101021500,3865,3773,92
42101021600,2174,2100,74
42101021700,5850,5812,38
42101021800,4358,4071,287
42101021900,1508,1462,46
42101022000,1772,1623,149
42101023100,1374,1310,64
42101023500,1308,1308,0
42101023600,2450,2431,19
42101023700,5300,5091,209
42101023800,4153,4014,139
42101023900,1252,1163,89
42101024000,3399,3270,129
42101024100,1460,1432,28
42101024200,3275,3150,125
42101024300,3275,3247,28
42101024400,2799,2593,206
42101024500,3615,3530,85
42101024600,2785,2764,21
42101024700,4274,4188,86
42101024800,2205,2187,18
42101024900,3171,3096,75
42101025200,7366,7209,157
42101025300,4180,4090,90
42101025400,4163,4100,63
42101025500,2755,2518,237
42101025600,2760,2719,41
42101025700,3770,3293,477
42101025800,1718,1712,6
42101025900,4854,4808,46
42101026000,3047,2908,139
42101026100,3588,3556,32
42101026200,4304,4257,47
42101026301,4007,4007,0
42101026302,5701,5659,42
42101026400,5835,5639,196
42101026500,5106,5009,97
42101026600,6218,6098,120
42101026700,6147,6137,10
42101026800,4554,4410,144
42101026900,2224,2010,214
42101027000,2975,2964,11
42101027100,3106,2765,341
42101027200,5049,4823,226
42101027300,6815,6004,811
42101027401,3329,2951,378
42101027402,7241,5300,1941
42101027500,5309,4598,711
42101027600,3589,3577,12
42101027700,5118,5074,44
42101027800,4507,4211,296
42101027901,3661,3524,137
42101027902,4304,4100,204
42101028000,3986,3875,111
42101028100,4452,4251,201
42101028200,5530,5093,437
42101028300,6582,6285,297
42101028400,4714,3828,886
42101028500,2886,1748,1138
42101028600,7526,5282,2244
42101028700,2543,775,1768
42101028800,4345,1954,2391
42101028901,4434,1555,2879
42101028902,6994,2155,4839
42101029000,7118,4207,2911
42101029100,4827,3488,1339
42101029200,4632,2838,1794
42101029300,3050,1706,1344
42101029400,2886,1722,1164
42101029800,5194,3619,1575
42101029900,4157,2988,1169
42101030000,7417,5592,1825
42101030100,5703,4738,965
42101030200,7697,5104,2593
42101030501,5939,4556,1383
42101030502,6708,4759,1949
42101030600,8015,5994,2021
42101030700,3897,3544,353
42101030800,4855,3695,1160
42101030900,4427,3222,1205
42101031000,8010,6398,1612
42101031101,5506,3828,1678
42101031102,4364,3245,1119
42101031200,5229,3931,1298
42101031300,6604,4510,2094
42101031401,7421,5457,1964
42101031402,5558,4286,1272
42101031501,6349,5603,746
42101031502,3852,3648,204
42101031600,6624,5583,1041
42101031700,5884,4438,1446
42101031800,3920,2708,1212
42101031900,4938,3320,1618
42101032000,6237,4894,1343
42101032100,4265,2981,1284
42101032300,3074,2638,436
42101032500,5818,5150,668
42101032600,6532,4943,1589
42101032900,3188,2892,296
42101033000,7231,6319,912
42101033101,4768,4495,273
42101033102,3628,3401,227
42101033200,2691,2437,254
42101033300,4234,3715,519
42101033400,5565,4936,629
42101033500,4090,3185,905
42101033600,7509,6598,911
42101033701,5552,5151,401
42101033702,5230,5007,223
42101033800,6274,5559,715
42101033900,3413,3101,312
42101034000,2957,2700,257
42101034100,5891,5568,323
42101034200,3463,3353,110
42101034400,7967,7531,436
42101034501,3482,3166,316
42101034502,4989,4212,777
42101034600,2664,2270,394
42101034701,6382,5917,465
42101034702,3963,3864,99
42101034801,4465,4255,210
42101034802,5527,5038,489
42101034803,4267,3775,492
42101034900,5437,4596,841
42101035100,3985,3933,52
42101035200,3986,3852,134
42101035301,5306,4822,484
42101035302,4396,4214,182
42101035500,6966,6582,384
42101035601,5318,5026,292
42101035602,3268,3102,166
42101035701,4562,4442,120
42101035702,4239,3996,243
42101035800,6749,6470,279
42101035900,5070,4995,75
42101036000,3128,3025,103
42101036100,3756,3531,225
42101036201,4778,4578,200
42101036202,5966,5540,426
42101036203,5472,5140,332
42101036301,3454,3358,96
42101036302,3450,3070,380
42101036303,6059,6017,42
42101036400,815,746,69
42101036501,5137,5056,81
42101036502,4134,3913,221
42101036600,1945,1852,93
42101036700,3003,2729,274
42101036900,5355,5152,203
42101037200,4608,4447,161
42101037300,5835,5521,314
42101037500,4178,3838,340
42101037600,3058,2679,379
42101037700,5476,4856,620
42101037800,2624,2417,207
42101037900,5437,5285,152
42101038000,2441,1744,697
42101038100,796,664,132
42101038200,2580,1865,715
42101038300,3744,1191,2553
42101038400,2449,2385,64
42101038500,1866,1804,62
42101038600,1410,1347,63
42101038700,2572,2468,104
42101038800,3895,3786,109
42101038900,3181,3126,55
42101039000,9285,6938,2347
42101980000,1026,902,124
42101980100,107,107,0
42101980200,715,687,28
42101980300,0,0,0
42101980400,0,0,0
42101980500,0,0,0
42101980600,0,0,0
42101980700,0,0,0
42101980800,0,0,0
42101980900,4,4,0
42101989100,2926,2408,518
42103950102,2383,2129,254
42103950103,2336,2207,129
42103950104,2311,2184,127
42103950201,3470,3117,353
42103950202,1562,1506,56
42103950301,2494,2467,27
42103950302,771,771,0
42103950501,1578,1357,221
42103950502,3132,2649,483
42103950601,1560,1501,59
42103950603,1093,1041,52
42103950605,6056,5861,195
42103950606,5647,5210,437
42103950701,4107,3770,337
42103950702,3119,3031,88
42103950801,4403,3632,771
42103950802,6004,4117,1887
42103950900,4184,4003,181
42105950100,4855,4800,55
42105950200,3116,3072,44
42105950300,4270,4230,40
42105950400,2933,2870,63
42105950500,2065,2060,5
42107000100,4982,4810,172
42107000200,2398,2215,183
42107000300,5126,5013,113
42107000400,5831,5228,603
42107000500,4058,3578,480
42107000601,3590,3010,580
42107000602,1341,1048,293
42107000700,3666,3511,155
42107000800,3730,3601,129
42107000900,7141,6817,324
42107001000,2744,2709,35
42107001100,2242,2240,2
42107001200,4177,4164,13
42107001300,3223,3197,26
42107001400,2245,2208,37
42107001500,4274,4053,221
42107001600,3884,3845,39
42107001700,3182,3159,23
42107001800,2074,2074,0
42107001900,5215,4901,314
42107002000,3484,3337,147
42107002100,1448,1401,47
42107002200,2764,2725,39
42107002300,2927,2927,0
42107002400,2462,2414,48
42107002500,2372,2345,27
42107002600,3841,3819,22
42107002700,3060,2729,331
42107002800,2271,2168,103
42107002900,5212,5193,19
42107003000,5478,5300,178
42107003100,3027,3017,10
42107003200,5619,5529,90
42107003300,5289,5243,46
42107003400,3397,3268,129
42107003500,5093,5079,14
42107003600,2959,2932,27
42107003700,3558,3483,75
42107003800,2024,1899,125
42107003900,4095,4095,0
42109070100,5740,5593,147
42109070200,8333,8056,277
42109070300,5807,5797,10
42109070400,5549,5501,48
42109070500,3706,3688,18
42109070600,5301,5221,80
42109070701,3978,3810,168
42109980705,1832,1716,116
42111020101,1917,1905,12
42111020102,5345,5317,28
42111020200,4462,4386,76
42111020300,4014,3957,57
42111020400,3706,3669,37
42111020500,2857,2857,0
42111020600,5826,5789,37
42111020700,2842,2819,23
42111020800,6435,6141,294
42111020900,5840,5626,214
42111021000,4183,4157,26
42111021100,1919,1904,15
42111021200,2832,2832,0
42111021300,3477,3462,15
42111021400,4401,4317,84
42111021500,2815,2806,9
42111021600,1872,1868,4
42111021700,3283,3222,61
42111021800,3521,3506,15
42111021901,2355,2347,8
42111021902,2299,2293,6
42113960100,3699,3606,93
42113960200,2603,2587,16
42115032000,2839,2785,54
42115032100,4042,4019,23
42115032200,3871,3844,27
42115032300,3639,3541,98
42115032400,3987,3943,44
42115032500,4220,4057,163
42115032600,4521,4455,66
42115032700,3469,3390,79
42115032800,5273,5213,60
42115032901,3879,3808,71
42115032902,2092,2064,28
42117950100,4144,4118,26
42117950200,3812,3771,41
42117950300,3813,3779,34
42117950400,4204,4167,37
42117950500,4739,4713,26
42117950600,5609,5421,188
42117950700,5429,5388,41
42117950800,3304,3224,80
42117950900,3928,3915,13
42117951000,3049,3012,37
42119090102,5972,5823,149
42119090200,6386,6197,189
42119090300,3673,3631,42
42119090400,4310,4152,158
42119090502,7254,7227,27
42119090600,4765,4606,159
42119090700,4171,3700,471
42119980101,3472,2615,857
42119980501,1769,1334,435
42119980800,3406,3321,85
42121200000,3453,3420,33
42121200100,3894,3887,7
42121200200,5789,5691,98
42121200300,1649,1601,48
42121200400,2194,2183,11
42121200500,2497,2451,46
42121200600,5155,5076,79
42121200700,2052,2022,30
42121200800,2449,2405,44
42121200900,2518,2487,31
42121201000,3188,3177,11
42121201100,4733,4711,22
42121201200,3032,3003,29
42121201300,3507,3495,12
42121201400,3888,3863,25
42121201500,3462,3421,41
42123970100,2330,2330,0
42123970200,3974,3907,67
42123970300,5645,5602,43
42123970400,2738,2730,8
42123970500,3589,3574,15
42123970600,3477,3441,36
42123970700,2705,2673,32
42123970800,3469,3424,45
42123970900,3233,3130,103
42123971000,2197,2189,8
42123971100,2819,2801,18
42123971200,2605,2603,2
42123971400,1868,1839,29
42125704100,1761,1688,73
42125711000,3886,3842,44
42125712700,1409,1373,36
42125713700,4443,4422,21
42125714000,2857,2840,17
42125715700,1624,1575,49
42125721000,4264,4227,37
42125722700,3517,3429,88
42125731000,5997,5962,35
42125732000,3304,3288,16
42125741100,4658,4610,48
42125741300,3226,3183,43
42125742100,6229,6229,0
42125742200,1711,1700,11
42125743700,1290,1261,29
42125744100,5491,5418,73
42125744200,3442,3188,254
42125745100,9001,8920,81
42125745200,5130,4947,183
42125746100,5926,5874,52
42125746200,4356,4247,109
42125746301,5300,5188,112
42125746302,6346,6193,153
42125751100,4904,4904,0
42125751200,3343,3277,66
42125752700,4585,4358,227
42125753700,2119,2043,76
42125754200,2895,2885,10
42125754300,2939,2887,52
42125754400,1828,1809,19
42125754500,2568,2547,21
42125754600,1702,1665,37
42125755100,4012,4012,0
42125755200,5509,5509,0
42125755700,3724,3668,56
42125761000,5195,5162,33
42125762000,2638,2602,36
42125763700,1718,1699,19
42125764000,3235,3207,28
42125771100,5782,5747,35
42125771200,3399,3363,36
42125772700,2106,2044,62
42125773100,3033,2908,125
42125773200,1175,1175,0
42125774700,5583,5414,169
42125775200,2336,2286,50
42125775300,2343,2296,47
42125781700,4270,4162,108
42125782700,1391,1364,27
42125783200,2550,2545,5
42125783300,1487,1481,6
42125784000,2628,2611,17
42125791000,1522,1511,11
42125792100,3561,3532,29
42125792200,3095,3058,37
42125795700,2308,2308,0
42125795800,4025,3956,69
42125795900,4180,4147,33
42125796000,3413,3390,23
42127960100,1233,1216,17
42127960200,2829,2769,60
42127960300,2478,2442,36
42127960400,2959,2870,89
42127960500,3575,3555,20
42127960600,4961,4789,172
42127960700,4258,4070,188
42127960800,4464,4387,77
42127960900,6777,6105,672
42127961000,5146,5085,61
42127961100,3734,3659,75
42127961200,4117,3656,461
42127961300,2936,2828,108
42127961400,1840,1796,44
42129800100,1055,1036,19
42129800200,1606,1606,0
42129800300,2358,2312,46
42129800400,1519,1415,104
42129800500,2381,2369,12
42129800600,2518,2497,21
42129800700,2049,2014,35
42129800800,1754,1754,0
42129800900,2572,2561,11
42129801001,3826,3816,10
42129801002,2644,2570,74
42129801100,5057,5045,12
42129801200,5647,5614,33
42129801300,4315,4229,86
42129801400,1900,1900,0
42129801500,2736,2707,29
42129801600,1293,1292,1
42129801701,2356,2344,12
42129801702,4590,4525,65
42129801703,2693,2581,112
42129801800,6292,6150,142
42129801900,6568,6553,15
42129802001,2634,2605,29
42129802002,7594,7534,60
42129802101,5015,5015,0
42129802102,5822,5651,171
42129802103,2608,2566,42
42129802200,3049,3049,0
42129802301,5877,5877,0
42129802303,3151,3151,0
42129802304,6770,6701,69
42129802400,4271,4144,127
42129802500,2251,2192,59
42129802600,3559,3558,1
42129802700,1981,1963,18
42129802800,2048,2048,0
42129802900,5523,5499,24
42129803000,4729,4699,30
42129803100,4028,3987,41
42129803200,2328,2328,0
42129803301,5694,5621,73
42129803302,4554,4509,45
42129803400,3459,3418,41
42129803501,4413,4405,8
42129803502,4023,4023,0
42129803600,1750,1748,2
42129803700,4297,4297,0
42129803800,5453,5418,35
42129803901,3130,3080,50
42129803902,3657,3564,93
42129804000,1167,1154,13
42129804100,2646,2601,45
42129804200,3972,3941,31
42129804300,1984,1970,14
42129804400,2228,2179,49
42129804501,4824,4790,34
42129804502,5363,5345,18
42129804600,2973,2912,61
42129804701,2888,2887,1
42129804702,6281,6256,25
42129804801,2254,2239,15
42129804802,6399,6356,43
42129804900,5618,5521,97
42129805000,3937,3925,12
42129805100,2544,2532,12
42129805200,2096,2073,23
42129805400,1580,1482,98
42129805500,3854,3807,47
42129805600,1914,1758,156
42129805800,2919,2919,0
42129805901,1448,1425,23
42129805902,6830,6730,100
42129806000,2556,2522,34
42129806100,3406,3382,24
42129806200,2674,2620,54
42129806300,1947,1947,0
42129806400,2330,2330,0
42129806500,4830,4667,163
42129806600,2979,2979,0
42129806700,2843,2778,65
42129806800,1552,1552,0
42129806900,3758,3758,0
42129807000,3290,3285,5
42129807100,3635,3580,55
42129807200,7700,7700,0
42129807300,4982,4912,70
42129807401,2272,2251,21
42129807402,7795,7683,112
42129807500,2237,2228,9
42129807600,2503,2503,0
42129807700,3395,3392,3
42129807800,3952,3908,44
42129807900,6548,6530,18
42129808100,4538,4411,127
42129808200,2614,2603,11
42129808300,5175,5128,47
42129808401,2017,2005,12
42129808402,4719,4636,83
42129808500,1443,1423,20
42129808600,4571,4497,74
42131400100,2969,2846,123
42131400200,4070,3957,113
42131400300,4782,4687,95
42131400400,4314,4272,42
42131400500,4426,4344,82
42131400600,3393,3361,32
42131400700,4021,4010,11
42133000100,1217,1008,209
42133000200,2625,1713,912
42133000300,2023,1182,841
42133000400,2332,1657,675
42133000500,2549,1824,725
42133000600,3235,1983,1252
42133000700,2995,1652,1343
42133000800,1939,1443,496
42133000900,3306,2561,745
42133001000,1796,1232,564
42133001100,3902,2565,1337
42133001200,3910,2262,1648
42133001300,2921,2553,368
42133001400,4197,3428,769
42133001500,3317,2044,1273
42133001600,1584,1206,378
42133010110,10025,8690,1335
42133010120,4595,4326,269
42133010130,3548,3460,88
42133010210,3031,2967,64
42133010220,5607,5010,597
42133010300,1566,1499,67
42133010400,3655,3439,216
42133010510,5355,4837,518
42133010520,2264,2242,22
42133020100,3227,2991,236
42133020220,4461,4319,142
42133020221,4763,4468,295
42133020222,4609,4535,74
42133020310,2647,2624,23
42133020320,7499,7454,45
42133020410,5396,5296,100
42133020420,8728,8640,88
42133020510,3870,3788,82
42133020521,6078,5920,158
42133020522,4020,3947,73
42133020600,7436,7255,181
42133020710,6488,6360,128
42133020720,9411,8767,644
42133020800,7884,7119,765
42133020910,6054,5910,144
42133020921,7484,7117,367
42133020922,4002,3953,49
42133021010,4999,4793,206
42133021020,6868,6539,329
42133021100,4718,4308,410
42133021210,8263,7777,486
42133021220,7307,7256,51
42133021300,4580,3913,667
42133021410,5151,4916,235
42133021420,7243,6926,317
42133021500,3655,3552,103
42133021600,2802,2499,303
42133021711,3075,3046,29
42133021712,6482,6173,309
42133021720,4473,4398,75
42133021801,4893,4717,176
42133021802,4164,4122,42
42133021900,6911,6836,75
42133022000,3735,3406,329
42133022100,3337,2814,523
42133022200,4724,4375,349
42133022300,3633,3304,329
42133022401,3429,3366,63
42133022402,8144,8084,60
42133022500,3863,3814,49
42133022600,8527,8480,47
42133022700,6141,5897,244
42133022800,8095,7814,281
42133022910,9659,9032,627
42133022920,4406,4390,16
42133023000,4810,4632,178
42133023100,6318,5960,358
42133023200,6277,6106,171
42133023301,6566,6331,235
42133023302,6311,6283,28
42133023400,5682,5562,120
42133023500,5333,5157,176
42133023601,3688,3616,72
42133023602,4999,4950,49
42133023710,3961,3916,45
42133023721,6130,6130,0
42133023722,3067,3054,13
42133023810,4765,4676,89
42133023821,5339,5050,289
42133023822,7129,6924,205
42133023901,7335,7222,113
42133023902,2926,2876,50
42133024001,5600,5544,56
42133024002,3540,3523,17
44001030100,4642,4533,109
44001030200,3023,2951,72
44001030300,4516,4461,55
44001030400,4123,3994,129
44001030500,3136,2994,142
44001030601,3483,3403,80
44001030602,3929,3888,41
44001030700,3961,3847,114
44001030800,5921,5758,163
44001030901,5990,5691,299
44001030902,6504,6456,48
44003020101,6236,6004,232
44003020102,4954,4550,404
44003020200,4569,4454,115
44003020300,5993,5545,448
44003020400,2756,2691,65
44003020500,4328,4093,235
44003020601,6379,6147,232
44003020602,3379,3268,111
44003020603,6577,6459,118
44003020604,5663,5553,110
44003020701,1865,1857,8
44003020702,4552,4539,13
44003020703,6538,6514,24
44003020800,6112,5975,137
44003020901,3476,3288,188
44003020903,6116,5972,144
44003020904,3512,3427,85
44003021001,2677,2334,343
44003021002,4952,4519,433
44003021100,4845,4535,310
44003021200,3585,3452,133
44003021300,4947,4548,399
44003021401,3762,3596,166
44003021402,3857,3640,217
44003021501,3072,2985,87
44003021502,4214,4012,202
44003021600,1427,1391,36
44003021700,4145,3983,162
44003021800,4283,4178,105
44003021901,3307,3113,194
44003021902,2639,2490,149
44003021903,3887,3707,180
44003022000,3382,3252,130
44003022100,5732,5625,107
44003022201,6632,6325,307
44003022202,4136,3994,142
44003022300,4060,3913,147
44003022400,2340,2216,124
44003980000,0,0,0
44005040101,5041,4862,179
44005040102,5662,5527,135
44005040103,6648,6375,273
44005040200,1314,1183,131
44005040302,2405,2315,90
44005040303,3080,2784,296
44005040304,2931,2819,112
44005040400,6312,6067,245
44005040500,4311,3223,1088
44005040600,4363,3773,590
44005040700,3467,3175,292
44005040800,2490,2310,180
44005040900,4845,4673,172
44005041000,1642,1581,61
44005041100,1422,1370,52
44005041200,2030,1831,199
44005041300,5462,5429,33
44005041400,3494,3432,62
44005041601,3124,3068,56
44005041602,4362,4259,103
44005041701,3353,3312,41
44005041702,4956,4938,18
44005990000,0,0,0
44007000101,5260,3049,2211
44007000102,5297,2142,3155
44007000200,6697,2214,4483
44007000300,6307,2698,3609
44007000400,4002,1392,2610
44007000500,3055,1138,1917
44007000600,1964,919,1045
44007000700,2575,1413,1162
44007000800,4392,3596,796
44007000900,2577,1792,785
44007001000,2172,1349,823
44007001100,2317,1942,375
44007001200,3412,1231,2181
44007001300,4905,2314,2591
44007001400,7083,2635,4448
44007001500,2959,1682,1277
44007001600,8561,2193,6368
44007001700,3129,1196,1933
44007001800,6247,2438,3809
44007001900,5650,2172,3478
44007002000,6650,3233,3417
44007002101,2632,1406,1226
44007002102,5692,2704,2988
44007002200,5198,2073,3125
44007002300,4645,4231,414
44007002400,6909,5822,1087
44007002500,2602,1951,651
44007002600,3188,1975,1213
44007002700,5906,2954,2952
44007002800,6374,2908,3466
44007002900,6875,4471,2404
44007003100,4307,3389,918
44007003200,3413,3089,324
44007003300,4490,4305,185
44007003400,4673,4598,75
44007003500,5050,4913,137
44007003601,2573,2394,179
44007003602,5515,5118,397
44007003700,3598,3200,398
44007010101,4022,3833,189
44007010102,3748,3456,292
44007010200,7110,6641,469
44007010300,3626,3416,210
44007010400,6426,5940,486
44007010501,4540,4010,530
44007010502,5221,5131,90
44007010600,6081,6044,37
44007010701,2328,2284,44
44007010702,4158,4011,147
44007010800,4650,2068,2582
44007010900,4694,2017,2677
44007011000,5469,1554,3915
44007011100,4553,1362,3191
44007011200,5733,5113,620
44007011301,4563,4070,493
44007011302,4429,4232,197
44007011401,8133,7847,286
44007011402,4280,4233,47
44007011403,7147,6960,187
44007011500,6742,6396,346
44007011600,5485,5483,2
44007011701,4953,4588,365
44007011702,4306,4019,287
44007011800,6150,5525,625
44007011901,3384,2966,418
44007011902,4907,4600,307
44007012000,5955,5219,736
44007012102,4614,3784,830
44007012103,2994,2953,41
44007012104,4329,4087,242
44007012200,7348,7127,221
44007012300,6895,6563,332
44007012401,6872,6249,623
44007012402,2500,2275,225
44007012500,5511,4803,708
44007012601,4289,4112,177
44007012602,7432,7269,163
44007012701,5095,5069,26
44007012702,4745,4667,78
44007012801,5515,5148,367
44007012802,2240,2169,71
44007012803,4472,4443,29
44007012900,5312,5272,40
44007013001,3427,3313,114
44007013002,7475,7396,79
44007013101,4874,4746,128
44007013102,5060,4922,138
44007013201,4722,4668,54
44007013202,5759,5759,0
44007013300,4677,4677,0
44007013400,3940,3648,292
44007013500,5012,3517,1495
44007013600,2626,2334,292
44007013701,4057,3267,790
44007013702,2981,2750,231
44007013800,4839,4546,293
44007013900,2755,2483,272
44007014000,6103,5176,927
44007014100,5087,3331,1756
44007014200,5807,4957,850
44007014300,4937,4830,107
44007014400,3780,3622,158
44007014501,5173,5016,157
44007014502,4413,4194,219
44007014600,6879,6688,191
44007014700,6836,4274,2562
44007014800,5657,5506,151
44007015000,4345,3260,1085
44007015100,4808,3417,1391
44007015200,2679,1424,1255
44007015300,2160,1470,690
44007015400,2477,1630,847
44007015500,3923,3205,718
44007015600,2268,1740,528
44007015700,3283,3104,179
44007015800,3348,3082,266
44007015900,3454,3021,433
44007016000,3518,2392,1126
44007016100,4772,3258,1514
44007016300,2875,2291,584
44007016400,4708,3467,1241
44007016500,3854,3349,505
44007016600,1762,1276,486
44007016700,3521,2885,636
44007016800,2997,2581,416
44007016900,1836,1705,131
44007017000,4267,3714,553
44007017100,4534,2935,1599
44007017300,3170,2811,359
44007017400,4282,3018,1264
44007017500,3227,3026,201
44007017600,2786,2132,654
44007017700,3533,3382,151
44007017800,2464,2121,343
44007017900,2948,2490,458
44007018000,2516,2217,299
44007018100,3002,2178,824
44007018200,2605,2108,497
44007018300,1940,1706,234
44007018400,5882,5009,873
44007018500,2917,2752,165
44009041500,885,862,23
44009050102,2181,2138,43
44009050103,5734,5471,263
44009050104,3929,3825,104
44009050301,4471,4426,45
44009050302,2723,2710,13
44009050401,4744,4679,65
44009050402,2450,2328,122
44009050500,6717,6616,101
44009050600,7618,7510,108
44009050700,8113,7935,178
44009050801,5783,5593,190
44009050802,4038,3910,128
44009050901,6155,5998,157
44009050902,5115,5099,16
44009051000,1564,1564,0
44009051101,5013,4899,114
44009051102,2763,2730,33
44009051201,4900,4436,464
44009051202,4528,4503,25
44009051302,3929,3866,63
44009051304,2063,1977,86
44009051305,3904,3898,6
44009051306,5699,5286,413
44009051400,5628,5140,488
44009051502,7693,7522,171
44009051503,4140,4001,139
44009051504,3839,3745,94
44009990100,0,0,0
44009990200,0,0,0
45001950100,3135,3024,111
45001950200,4044,3966,78
45001950300,3137,3062,75
45001950400,6195,6140,55
45001950500,5368,5363,5
45001950600,3072,3070,2
45003020100,4950,4597,353
45003020200,5438,5314,124
45003020301,2336,2183,153
45003020302,6281,6048,233
45003020400,8459,7650,809
45003020500,8366,8051,315
45003020601,3759,3712,47
45003020602,6304,5644,660
45003020701,5800,5580,220
45003020702,5378,4122,1256
45003020801,2787,2748,39
45003020802,5270,5094,176
45003020901,2612,2525,87
45003020902,5720,5623,97
45003021001,4637,4266,371
45003021002,5591,4610,981
45003021101,2877,2877,0
45003021102,3415,3415,0
45003021201,5633,5573,60
45003021202,3442,3433,9
45003021203,8393,8056,337
45003021300,4793,4688,105
45003021400,6044,5835,209
45003021500,4979,4787,192
45003021601,6550,6013,537
45003021602,8356,8109,247
45003021700,4576,4456,120
45003021800,2406,2392,14
45003021900,5366,5063,303
45003022001,4347,3797,550
45003022002,7065,6805,260
45003022100,3216,3155,61
45003980100,0,0,0
45005970200,4811,4636,175
45005970300,936,884,52
45005970400,3842,3780,62
45007000200,4662,4332,330
45007000300,4220,4086,134
45007000500,3331,3309,22
45007000600,2873,2796,77
45007000700,4213,4057,156
45007000800,2771,2603,168
45007000900,3277,3033,244
45007001000,2757,2288,469
45007001100,4912,4912,0
45007010102,7195,7002,193
45007010103,8182,7596,586
45007010104,7871,7787,84
45007010200,5231,5066,165
45007010300,3964,3886,78
45007010401,6167,5794,373
45007010402,7058,6969,89
45007010500,6531,5905,626
45007010600,7550,7490,60
45007010700,5589,5338,251
45007010800,4825,4825,0
45007010900,4318,4312,6
45007011001,5347,5243,104
45007011002,4292,4267,25
45007011100,2864,2839,25
45007011201,4208,3964,244
45007011202,8879,8586,293
45007011300,7433,7152,281
45007011401,4166,3995,171
45007011402,3405,3278,127
45007011500,6339,6229,110
45007011600,2001,1992,9
45007011700,5143,5074,69
45007011800,3699,3612,87
45007011901,5509,5162,347
45007011902,2885,2878,7
45007012001,4771,4392,379
45007012002,4831,4780,51
45007012200,6100,6100,0
45007012300,3340,3230,110
45009960100,5629,5533,96
45009960200,6935,6884,51
45009960300,1203,1183,20
45009960400,1290,1290,0
45011970100,5539,5528,11
45011970200,3467,3377,90
45011970300,4090,4027,63
45011970400,4901,4595,306
45011970500,3920,3900,20
45011980100,0,0,0
45013000100,4262,4099,163
45013000200,5249,5164,85
45013000300,5041,4427,614
45013000400,670,500,170
45013000501,6495,5671,824
45013000502,6518,6049,469
45013000503,5273,4927,346
45013000600,2574,2453,121
45013000700,5919,5154,765
45013000800,5829,5569,260
45013000901,2985,2699,286
45013000902,8429,7961,468
45013000903,2173,2076,97
45013001000,4638,3858,780
45013001101,3748,3729,19
45013001102,5648,5334,314
45013001200,1030,1008,22
45013002101,512,512,0
45013002102,2207,1896,311
45013002103,4509,3922,587
45013002104,12708,12362,346
45013002105,3432,3250,182
45013002106,8633,7657,976
45013002107,11079,6602,4477
45013002108,4686,3566,1120
45013002201,7405,7120,285
45013002202,3097,3028,69
45013010100,1875,1869,6
45013010200,3874,3055,819
45013010300,4476,4252,224
45013010400,4928,4770,158
45013010500,4075,3065,1010
45013010600,4278,4236,42
45013010700,5082,5059,23
45013010800,4015,1611,2404
45013010900,1759,1481,278
45013011000,2035,1704,331
45013011100,2239,2032,207
45013011200,728,718,10
45013011300,1203,1096,107
45013990100,0,0,0
45015020101,2840,2762,78
45015020102,3866,3801,65
45015020201,4104,4090,14
45015020202,3287,3287,0
45015020301,3171,3146,25
45015020302,7127,7125,2
45015020401,4393,4315,78
45015020403,7231,7175,56
45015020404,4677,4235,442
45015020405,3441,3441,0
45015020503,4935,4823,112
45015020504,4439,4415,24
45015020505,4062,3821,241
45015020506,5272,5272,0
45015020600,7581,7285,296
45015020707,6192,5997,195
45015020710,6233,5901,332
45015020711,4564,4357,207
45015020712,3810,3775,35
45015020713,2513,2276,237
45015020714,5212,4793,419
45015020715,4348,4125,223
45015020716,8882,8066,816
45015020717,5243,4977,266
45015020718,5300,4528,772
45015020719,8452,7522,930
45015020720,2966,2910,56
45015020721,3478,3149,329
45015020722,2984,2905,79
45015020723,2822,2706,116
45015020724,3399,3074,325
45015020725,1439,1204,235
45015020804,2605,2278,327
45015020806,3410,3109,301
45015020807,7678,7263,415
45015020808,4017,3673,344
45015020809,3769,3426,343
45015020810,4339,3373,966
45015020811,5138,4505,633
45015020812,5697,5470,227
45015020901,1685,1446,239
45015020903,3466,3272,194
45015020904,3936,3797,139
45015021000,5078,4085,993
45015980100,0,0,0
45017950100,5591,5245,346
45017950200,6083,5992,91
45017950400,3212,3128,84
45019000100,2576,2498,78
45019000200,1408,1408,0
45019000400,3305,3253,52
45019000500,2077,2031,46
45019000600,1166,1120,46
45019000700,3165,3078,87
45019000900,1338,1267,71
45019001000,2267,2237,30
45019001100,2448,2423,25
45019001500,1409,1349,60
45019001600,1688,1631,57
45019001901,4491,4375,116
45019001902,4499,4337,162
45019002002,6095,6018,77
45019002003,9312,8903,409
45019002004,2016,1993,23
45019002005,6611,6517,94
45019002006,5034,4963,71
45019002007,3762,3632,130
45019002101,12495,11343,1152
45019002103,3506,3348,158
45019002104,1543,1537,6
45019002105,1785,1757,28
45019002200,3106,3075,31
45019002300,1482,1455,27
45019002400,5013,4875,138
45019002502,7517,7461,56
45019002604,3900,3891,9
45019002605,3802,3784,18
45019002606,2237,2164,73
45019002611,3148,3026,122
45019002612,6643,6359,284
45019002613,5521,5485,36
45019002614,3951,3613,338
45019002701,2401,2321,80
45019002702,4332,4211,121
45019002801,4474,4360,114
45019002802,2634,2571,63
45019002900,2907,2900,7
45019003000,3624,3600,24
45019003104,5453,3401,2052
45019003105,3865,2438,1427
45019003106,6849,6317,532
45019003107,4286,3971,315
45019003108,3290,3116,174
45019003109,4105,3706,399
45019003110,7604,6687,917
45019003111,4926,4332,594
45019003113,3175,2762,413
45019003114,8607,8418,189
45019003115,8412,7640,772
45019003200,1146,1050,96
45019003300,3886,3200,686
45019003400,4414,3463,951
45019003500,2826,2750,76
45019003600,2369,2254,115
45019003700,3499,3414,85
45019003800,3301,3284,17
45019003900,5662,5288,374
45019004000,2696,2634,62
45019004300,2623,2550,73
45019004400,2580,2500,80
45019004606,9208,9081,127
45019004607,5531,5480,51
45019004608,24359,23770,589
45019004609,7287,7054,233
45019004610,3081,2982,99
45019004611,8716,8550,166
45019004612,7273,6627,646
45019004613,1671,1657,14
45019004614,7327,7162,165
45019004701,6220,5915,305
45019004702,2626,2538,88
45019004800,2049,2012,37
45019004901,1915,1897,18
45019004902,2405,2267,138
45019005000,4957,4880,77
45019005100,1946,1826,120
45019005200,4753,4557,196
45019005300,3953,3919,34
45019005400,2125,2125,0
45019005500,1175,1171,4
45019005600,11587,11174,413
45019005700,8219,7934,285
45019005800,6028,5679,349
45019990100,0,0,0
45021970100,8338,7548,790
45021970201,3300,3245,55
45021970202,6624,6315,309
45021970301,3583,3575,8
45021970302,4493,4069,424
45021970401,3602,3571,31
45021970402,5355,5297,58
45021970501,2084,1976,108
45021970502,5280,5092,188
45021970503,1308,1287,21
45021970601,5374,5257,117
45021970602,2737,2737,0
45021970700,4196,4036,160
45023020100,1930,1894,36
45023020200,2434,2434,0
45023020300,3991,3892,99
45023020400,2185,2068,117
45023020500,2950,2950,0
45023020601,2506,2506,0
45023020602,4008,3895,113
45023020700,2269,2269,0
45023020800,5522,5376,146
45023020900,2457,2402,55
45023021000,2183,2161,22
45025950101,5935,5017,918
45025950102,4129,3796,333
45025950200,4451,4385,66
45025950300,2838,2798,40
45025950400,6820,6742,78
45025950501,2159,2159,0
45025950502,6084,6046,38
45025950600,5587,5497,90
45025950700,5420,5192,228
45025950800,2660,2566,94
45027960100,3696,3438,258
45027960201,1911,1830,81
45027960202,1371,1325,46
45027960300,1965,1830,135
45027960400,2056,2024,32
45027960500,5354,5158,196
45027960600,2508,2451,57
45027960701,3614,3527,87
45027960702,1276,1234,42
45027960703,3482,3454,28
45027960801,3588,3575,13
45027960802,3235,3209,26
45029970100,1791,1754,37
45029970200,1614,1614,0
45029970300,5989,5811,178
45029970401,4322,4322,0
45029970402,3857,3846,11
45029970500,5439,5425,14
45029970600,7000,6316,684
45029970700,5795,5596,199
45029970800,2077,2077,0
45029990100,0,0,0
45031010100,3579,3531,48
45031010200,6220,6050,170
45031010300,5221,4919,302
45031010400,6183,6154,29
45031010500,2432,2401,31
45031010600,4968,4947,21
45031010700,2289,2289,0
45031010800,2529,2507,22
45031010900,7039,6898,141
45031011000,3083,3083,0
45031011100,1656,1626,30
45031011200,4679,4422,257
45031011300,5267,5194,73
45031011400,4141,4111,30
45031011500,4578,4516,62
45031011600,3825,3794,31
45033970100,3779,3616,163
45033970200,5630,5224,406
45033970300,5020,4797,223
45033970400,5314,5300,14
45033970500,3928,3928,0
45033970600,7602,7577,25
45035010100,2177,2177,0
45035010200,4935,4793,142
45035010300,6012,5884,128
45035010400,5952,5604,348
45035010501,5611,5394,217
45035010503,3165,3073,92
45035010504,6834,6725,109
45035010505,6910,6366,544
45035010603,7387,6547,840
45035010604,4180,4017,163
45035010605,8808,8677,131
45035010606,1871,1823,48
45035010700,5540,5461,79
45035010801,5910,5703,207
45035010807,5048,4869,179
45035010808,7695,7378,317
45035010809,4094,3981,113
45035010813,8877,8568,309
45035010814,6502,6336,166
45035010815,3782,3529,253
45035010816,11831,10713,1118
45035010817,4574,4131,443
45035010818,8891,8042,849
45035010819,4950,4801,149
45035010820,6981,6673,308
45037970201,1892,1887,5
45037970202,7458,6871,587
45037970300,4459,4154,305
45037970400,3058,2856,202
45037970501,4370,4138,232
45037970502,5151,4984,167
45039960100,2032,2029,3
45039960200,3742,3742,0
45039960300,5675,5657,18
45039960400,5374,4948,426
45039960500,6202,6202,0
45041000101,3020,2869,151
45041000102,5919,5852,67
45041000201,2662,2662,0
45041000202,7862,7586,276
45041000300,4210,4207,3
45041000400,5250,5130,120
45041000500,6020,5899,121
45041000600,5068,4937,131
45041000700,2690,2662,28
45041000800,3587,3542,45
45041000900,3236,3236,0
45041001000,2163,2072,91
45041001100,4879,4828,51
45041001200,3605,3468,137
45041001300,3722,3472,250
45041001400,7933,7736,197
45041001503,3728,3657,71
45041001504,5975,5757,218
45041001505,4428,4392,36
45041001506,1988,1988,0
45041001601,6190,5882,308
45041001602,5671,5580,91
45041001700,2596,2596,0
45041001800,3451,3255,196
45041001900,6541,6467,74
45041002000,3875,3857,18
45041002201,5297,5117,180
45041002202,3888,3696,192
45041002300,3342,3296,46
45041002400,3618,3431,187
45041002500,2760,2720,40
45041002600,3397,3380,17
45041980100,4,4,0
45043920100,3406,3360,46
45043920201,5126,4828,298
45043920202,2155,2010,145
45043920301,4916,4414,502
45043920302,2697,2669,28
45043920400,2487,2487,0
45043920501,5318,5318,0
45043920502,4011,4001,10
45043920503,5600,5467,133
45043920504,5799,5715,84
45043920505,4115,4036,79
45043920600,6474,6461,13
45043920700,5535,5024,511
45043920800,3165,3165,0
45043990100,0,0,0
45045000100,2199,2064,135
45045000200,1113,1052,61
45045000400,1208,1190,18
45045000500,1546,1532,14
45045000700,1959,1803,156
45045000800,1260,1177,83
45045000900,1202,1171,31
45045001000,2085,2048,37
45045001101,3966,3740,226
45045001102,1992,1908,84
45045001203,2909,2763,146
45045001204,2699,2479,220
45045001205,1324,1117,207
45045001302,1570,1564,6
45045001400,3802,3784,18
45045001501,4015,3942,73
45045001502,2418,2413,5
45045001600,4996,4482,514
45045001700,4271,3324,947
45045001803,4604,4076,528
45045001804,4103,3842,261
45045001805,3971,3901,70
45045001807,5321,4765,556
45045001808,3534,3370,164
45045001809,3348,2966,382
45045001810,3851,3216,635
45045001900,5573,5492,81
45045002001,3369,3039,330
45045002003,4481,3508,973
45045002005,4015,3857,158
45045002103,3454,3113,341
45045002104,1562,1203,359
45045002105,2472,2068,404
45045002106,3257,2671,586
45045002107,2731,2366,365
45045002108,1480,1442,38
45045002201,6816,4583,2233
45045002202,2323,1735,588
45045002301,3898,2802,1096
45045002302,3762,3011,751
45045002303,1945,1407,538
45045002304,2636,2088,548
45045002402,6795,6642,153
45045002403,4842,4719,123
45045002404,3437,3400,37
45045002503,10316,8851,1465
45045002504,1957,1583,374
45045002505,3626,3095,531
45045002506,3683,3521,162
45045002507,4982,4485,497
45045002602,4306,3574,732
45045002604,5856,5206,650
45045002606,5337,5154,183
45045002608,8831,8581,250
45045002609,6379,6003,376
45045002610,3139,2922,217
45045002611,5199,4686,513
45045002701,4069,3992,77
45045002702,8066,7858,208
45045002803,8250,7495,755
45045002804,2288,2109,179
45045002805,5125,4801,324
45045002808,7467,7074,393
45045002811,8428,7973,455
45045002812,7429,6840,589
45045002813,4410,4286,124
45045002814,6280,6106,174
45045002815,6019,5894,125
45045002816,10757,10001,756
45045002901,6083,5879,204
45045002903,7241,6387,854
45045002904,5235,4759,476
45045002905,4813,4389,424
45045003005,2266,2106,160
45045003008,6746,6481,265
45045003009,6502,6283,219
45045003010,6704,6008,696
45045003011,5795,5076,719
45045003012,5555,5099,456
45045003013,6522,5975,547
45045003014,4841,4614,227
45045003015,8420,7934,486
45045003101,7441,7154,287
45045003103,3059,2910,149
45045003104,2055,1941,114
45045003201,5708,5446,262
45045003202,3306,3228,78
45045003301,6469,6422,47
45045003303,5218,4964,254
45045003304,6731,5713,1018
45045003401,1139,1061,78
45045003500,2641,2385,256
45045003601,5695,4602,1093
45045003602,2686,2150,536
45045003701,5700,4918,782
45045003704,3671,2304,1367
45045003705,1830,1489,341
45045003706,3539,2650,889
45045003707,3693,2887,806
45045003801,6937,6144,793
45045003802,5107,5017,90
45045003902,3723,3666,57
45045003903,4396,4203,193
45045003904,6777,6430,347
45045004001,3134,3113,21
45045004002,5368,5134,234
45045004101,3776,3413,363
45045004102,975,946,29
45045004200,2555,2535,20
45045004300,3942,3888,54
45045004400,1884,1653,231
45047970101,3799,3740,59
45047970102,4501,4343,158
45047970201,3889,3860,29
45047970202,8012,7886,126
45047970301,4818,4548,270
45047970302,5912,5590,322
45047970400,6005,5901,104
45047970500,4869,3997,872
45047970600,6990,6198,792
45047970701,2328,2202,126
45047970702,5257,5213,44
45047970800,9553,8427,1126
45047970900,1921,1908,13
45047971000,2027,2027,0
45049920100,2406,2380,26
45049920200,6942,6914,28
45049920300,2509,2484,25
45049920400,6500,6140,360
45049920500,1939,1939,0
45051010100,3131,2928,203
45051020100,3299,3242,57
45051020200,5277,5087,190
45051020300,7215,7152,63
45051030101,650,625,25
45051030102,3032,2813,219
45051030103,3353,3303,50
45051040101,5041,4897,144
45051040102,5193,4684,509
45051040103,5502,5330,172
45051040104,2589,2514,75
45051040105,2324,2258,66
45051040200,4044,3958,86
45051040300,4215,3956,259
45051040400,3975,3906,69
45051040500,3738,3590,148
45051050102,3978,3920,58
45051050200,1740,1714,26
45051050303,2547,2512,35
45051050401,2715,2427,288
45051050402,1986,1910,76
45051050500,5021,4077,944
45051050600,4711,4177,534
45051050700,1477,1231,246
45051050900,6888,5398,1490
45051051000,3972,3555,417
45051051201,1774,1624,150
45051051202,2406,2158,248
45051051301,1164,1161,3
45051051302,2827,2810,17
45051051403,4517,4427,90
45051051404,4478,4285,193
45051051405,3404,3265,139
45051051406,3160,3082,78
45051051501,4107,3679,428
45051051502,9230,7741,1489
45051051503,4306,2822,1484
45051051601,9726,8617,1109
45051051603,4511,4457,54
45051051604,9083,8953,130
45051051605,6237,6216,21
45051051700,2078,2023,55
45051060101,3428,3376,52
45051060102,2850,2496,354
45051060203,7096,6306,790
45051060204,8335,7674,661
45051060206,7246,6889,357
45051060207,5814,5706,108
45051060208,3168,3155,13
45051060209,6504,6209,295
45051060301,3990,3939,51
45051060303,2122,2100,22
45051060308,5910,5848,62
45051060403,2449,2142,307
45051060404,2095,2049,46
45051060405,7102,6571,531
45051060406,6035,5961,74
45051070101,4993,4340,653
45051070102,2962,2955,7
45051070200,3427,3366,61
45051070300,4188,4070,118
45051070400,5600,5516,84
45051070500,3853,3717,136
45051070601,4637,4470,167
45051070602,4370,4261,109
45051070701,5759,5545,214
45051070702,5337,4876,461
45051080101,3463,3427,36
45051080102,2491,2491,0
45051080200,4462,4440,22
45051980100,111,111,0
45051990100,0,0,0
45053950100,4210,4153,57
45053950201,5391,5287,104
45053950202,9098,8430,668
45053950300,8487,5664,2823
45053990100,0,0,0
45055970100,2361,2283,78
45055970200,2850,2838,12
45055970300,1682,1648,34
45055970401,4855,4807,48
45055970402,2921,2802,119
45055970403,2668,2479,189
45055970500,5594,5305,289
45055970601,5811,5568,243
45055970602,4880,4795,85
45055970700,2913,2808,105
45055970800,6589,6222,367
45055970902,2648,2607,41
45055970903,6089,5934,155
45055970904,8572,7779,793
45055970905,2657,2623,34
45057010100,4049,4001,48
45057010200,8379,8264,115
45057010300,6037,6037,0
45057010400,2192,2131,61
45057010500,5104,4660,444
45057010600,5822,5136,686
45057010700,3778,3606,172
45057010800,3030,2772,258
45057010900,3715,3608,107
45057011001,5390,5383,7
45057011002,4450,4139,311
45057011100,5443,5389,54
45057011201,12989,11619,1370
45057011202,13326,12827,499
45059920101,7322,7159,163
45059920102,1571,1454,117
45059920103,4172,3777,395
45059920104,3540,3475,65
45059920201,2932,2886,46
45059920202,3350,3350,0
45059920301,3830,3702,128
45059920302,4472,4225,247
45059920400,4794,4549,245
45059920501,1597,1580,17
45059920502,6074,5167,907
45059920600,4622,4574,48
45059920700,4529,4485,44
45059920800,5635,5241,394
45059920900,2174,2162,12
45059921001,2991,2981,10
45059921002,2837,2804,33
45061920100,1585,1585,0
45061920200,4509,4335,174
45061920301,0,0,0
45061920302,5226,5017,209
45061920400,3655,3623,32
45061920500,1731,1731,0
45061920600,1483,1483,0
45063020100,2899,2887,12
45063020201,2785,2531,254
45063020202,2143,2078,65
45063020300,4235,3531,704
45063020505,3743,2769,974
45063020506,4974,4122,852
45063020507,6273,5705,568
45063020508,2150,2135,15
45063020509,3212,2958,254
45063020510,4826,4559,267
45063020511,3562,3525,37
45063020601,4116,3867,249
45063020602,4043,3728,315
45063020604,3403,3377,26
45063020605,2095,1977,118
45063020703,3948,3855,93
45063020705,4166,3856,310
45063020706,3608,3139,469
45063020707,3211,3139,72
45063020708,2437,2413,24
45063020801,1478,1478,0
45063020802,2674,2632,42
45063020803,3086,2845,241
45063020804,2679,2422,257
45063020805,5248,4918,330
45063020903,5190,4602,588
45063020904,2996,2893,103
45063020905,3739,3542,197
45063020906,4182,4172,10
45063020907,6120,5883,237
45063020908,3470,3271,199
45063021009,9893,9435,458
45063021014,6743,6406,337
45063021017,8094,7505,589
45063021018,4796,4773,23
45063021019,1589,1479,110
45063021020,4251,4162,89
45063021021,1691,1638,53
45063021022,5145,4865,280
45063021023,2835,2649,186
45063021024,4922,4671,251
45063021025,3628,3606,22
45063021026,4729,4580,149
45063021027,4386,4299,87
45063021028,3567,3205,362
45063021029,4107,3960,147
45063021030,5023,4816,207
45063021031,3975,3678,297
45063021032,3787,3762,25
45063021033,4463,4341,122
45063021034,4684,4423,261
45063021106,2899,2821,78
45063021109,3327,3306,21
45063021110,2916,2760,156
45063021111,2627,2463,164
45063021112,3141,3077,64
45063021113,3289,3254,35
45063021114,3551,3141,410
45063021115,2447,2415,32
45063021116,3172,2993,179
45063021203,5683,5540,143
45063021204,3858,3665,193
45063021205,2966,2851,115
45063021206,2822,2807,15
45063021303,3546,3420,126
45063021304,4195,3853,342
45063021305,2842,2636,206
45063021306,4203,3711,492
45063021307,2162,2040,122
45063021308,4311,4014,297
45063021402,3711,3368,343
45063021403,2286,2143,143
45063021404,2749,2698,51
45063980100,0,0,0
45065920100,2317,2310,7
45065920200,5415,5347,68
45065920300,2074,2032,42
45067950100,4279,4279,0
45067950200,5744,5744,0
45067950300,2910,2866,44
45067950400,3737,3719,18
45067950500,5289,5104,185
45067950600,6064,6048,16
45067950700,1446,1389,57
45067950800,2506,1981,525
45069960100,3278,3240,38
45069960200,5250,5192,58
45069960301,4893,4893,0
45069960302,5182,4544,638
45069960400,4593,4504,89
45069960500,2236,2219,17
45069960600,2270,2190,80
45071950100,3569,3512,57
45071950201,2658,1797,861
45071950202,6969,6229,740
45071950300,3140,3136,4
45071950502,5833,5382,451
45071950601,4538,4493,45
45071950602,6652,6516,136
45071950700,4391,3945,446
45073030100,4473,4433,40
45073030200,5529,5465,64
45073030300,6825,6683,142
45073030401,6985,5706,1279
45073030402,1873,1552,321
45073030500,4412,4249,163
45073030601,4899,4672,227
45073030602,4640,4430,210
45073030701,3900,3685,215
45073030702,6520,6371,149
45073030800,6744,6204,540
45073030901,2540,2466,74
45073030902,7372,7257,115
45073031000,4821,4769,52
45073031100,3842,3733,109
45075010100,4737,4656,81
45075010200,5234,5067,167
45075010300,6204,6135,69
45075010400,3362,3339,23
45075010500,3220,3123,97
45075010600,5178,5118,60
45075010700,3027,2996,31
45075010800,4256,4211,45
45075010900,8866,8539,327
45075011000,5968,5716,252
45075011100,3451,3420,31
45075011200,2449,2423,26
45075011300,2785,2690,95
45075011400,3499,3482,17
45075011500,3777,3777,0
45075011600,6808,6506,302
45075011700,5149,5044,105
45075011800,4368,4365,3
45075011900,3855,3807,48
45075012000,3538,3507,31
45077010100,3062,3033,29
45077010200,4668,4599,69
45077010300,5630,5444,186
45077010401,1994,1882,112
45077010402,5458,5453,5
45077010403,2049,1955,94
45077010501,2856,2839,17
45077010502,3121,3035,86
45077010601,3485,3347,138
45077010602,6350,6201,149
45077010700,4172,4126,46
45077010801,4900,4839,61
45077010802,3261,3149,112
45077010803,4742,4458,284
45077010804,3586,3363,223
45077010901,5105,4838,267
45077010902,6593,6407,186
45077010903,5392,5241,151
45077011001,3286,3035,251
45077011002,7049,6791,258
45077011003,2525,2502,23
45077011101,2574,2350,224
45077011102,7723,7056,667
45077011103,1209,1204,5
45077011202,5586,5511,75
45077011203,6212,6170,42
45077011204,4166,3947,219
45077011205,3968,3823,145
45079000100,2295,2230,65
45079000200,1567,1567,0
45079000300,3371,3097,274
45079000400,1894,1850,44
45079000500,2065,2020,45
45079000600,2404,2374,30
45079000700,1673,1657,16
45079000900,2667,2667,0
45079001000,3170,3111,59
45079001100,4528,4508,20
45079001200,1745,1593,152
45079001300,2602,2574,28
45079001600,1321,1238,83
45079002100,2937,2857,80
45079002200,1319,1267,52
45079002300,2140,2134,6
45079002400,4188,3629,559
45079002500,3783,3455,328
45079002602,2989,2871,118
45079002603,4298,3978,320
45079002604,1564,1394,170
45079002700,3284,3208,76
45079002800,6865,6429,436
45079002900,3497,3382,115
45079003000,2694,2547,147
45079003100,956,954,2
45079010102,7494,7152,342
45079010103,20386,19582,804
45079010104,4282,4162,120
45079010200,5289,4965,324
45079010304,7245,6726,519
45079010305,6747,6490,257
45079010306,10121,9830,291
45079010307,9691,9376,315
45079010308,5823,5733,90
45079010309,9746,9334,412
45079010403,4169,4093,76
45079010407,4228,4134,94
45079010408,5198,4981,217
45079010409,1985,1891,94
45079010410,4022,3739,283
45079010411,3705,3479,226
45079010412,3406,3297,109
45079010413,2181,1911,270
45079010501,2041,1974,67
45079010502,644,644,0
45079010600,4321,4023,298
45079010701,2805,2704,101
45079010702,4126,4082,44
45079010703,3425,3259,166
45079010803,2454,2328,126
45079010804,2192,2192,0
45079010805,2392,2208,184
45079010806,889,881,8
45079010900,2966,2934,32
45079011000,1713,1713,0
45079011101,3478,3421,57
45079011102,3956,3735,221
45079011201,2042,1993,49
45079011202,3465,3380,85
45079011301,5495,5430,65
45079011303,4766,4416,350
45079011304,5336,4859,477
45079011305,5199,4517,682
45079011404,9433,8800,633
45079011407,3389,3098,291
45079011411,3661,3580,81
45079011412,4264,3822,442
45079011413,7925,7720,205
45079011414,5745,5047,698
45079011415,11434,11248,186
45079011416,11864,11335,529
45079011417,8585,8299,286
45079011418,4387,4238,149
45079011419,4741,4688,53
45079011501,11317,9201,2116
45079011502,3331,2862,469
45079011603,5173,4998,175
45079011604,5465,5346,119
45079011606,5309,5185,124
45079011607,4091,3599,492
45079011608,6991,6629,362
45079011701,5129,5019,110
45079011702,3468,3375,93
45079011800,6465,6216,249
45079011901,8789,7956,833
45079011902,4811,4707,104
45079012000,4483,4415,68
45079980100,254,232,22
45081960100,2609,2221,388
45081960201,5565,4306,1259
45081960202,3920,2860,1060
45081960300,4833,4822,11
45081960400,3186,2910,276
45083020301,2505,2451,54
45083020400,1415,1294,121
45083020500,1445,1419,26
45083020601,3243,3073,170
45083020602,1939,1781,158
45083020603,2172,2061,111
45083020701,3464,3216,248
45083020702,2026,2026,0
45083020800,1288,1245,43
45083020900,1384,1316,68
45083021001,2460,2446,14
45083021100,3447,3321,126
45083021200,3158,3087,71
45083021301,2404,2355,49
45083021302,2457,2401,56
45083021303,5065,4989,76
45083021401,1557,1542,15
45083021402,3342,3201,141
45083021403,3698,2963,735
45083021500,3233,3140,93
45083021600,3113,2999,114
45083021700,4317,3826,491
45083021802,5997,4718,1279
45083021803,6865,6777,88
45083021804,2229,1497,732
45083021901,6740,3755,2985
45083021902,8248,7686,562
45083022003,4047,3879,168
45083022004,2562,2544,18
45083022005,5195,4645,550
45083022006,4386,4202,184
45083022007,3233,3146,87
45083022101,3424,3424,0
45083022102,2079,1998,81
45083022201,4690,4579,111
45083022202,3620,3452,168
45083022302,5396,5161,235
45083022303,1722,1629,93
45083022304,4205,3895,310
45083022401,5823,5742,81
45083022403,8312,8110,202
45083022404,5675,5634,41
45083022405,4024,3943,81
45083022406,6636,6407,229
45083022500,3944,3864,80
45083022600,3293,3104,189
45083022700,6511,6335,176
45083022801,6888,6488,400
45083022802,7091,6858,233
45083022900,6689,6556,133
45083023001,8369,7976,393
45083023002,3289,3057,232
45083023101,5117,4415,702
45083023102,6746,5678,1068
45083023201,3772,3602,170
45083023202,3553,3420,133
45083023301,1861,1762,99
45083023302,4651,3068,1583
45083023401,2341,2160,181
45083023402,4436,4345,91
45083023403,6667,6442,225
45083023404,7006,6762,244
45083023405,5302,5191,111
45083023500,5165,4951,214
45083023600,6395,6237,158
45083023700,4518,4393,125
45083023801,6020,5794,226
45083023802,5722,5613,109
45083023900,4643,4567,76
45085000100,3131,3084,47
45085000201,4463,4283,180
45085000202,6952,6791,161
45085000300,3226,3061,165
45085000400,8387,7921,466
45085000500,2263,2182,81
45085000600,4004,3923,81
45085000700,4353,4054,299
45085000800,4173,4004,169
45085000901,4181,3698,483
45085000902,4638,4550,88
45085001100,3867,3434,433
45085001300,1811,1811,0
45085001500,1909,1901,8
45085001600,4038,3958,80
45085001701,6892,6772,120
45085001703,5276,4987,289
45085001704,5547,5443,104
45085001801,4408,4373,35
45085001802,8524,8091,433
45085001901,6122,5963,159
45085001902,5578,5555,23
45085002000,3939,3864,75
45087030100,2186,2150,36
45087030200,2641,2641,0
45087030300,3616,3598,18
45087030400,5950,5916,34
45087030500,2267,2151,116
45087030600,1718,1698,20
45087030700,3378,3294,84
45087030800,3673,3632,41
45087030900,2499,2499,0
45089970100,2004,1983,21
45089970200,1487,1487,0
45089970300,5046,5046,0
45089970400,2369,2369,0
45089970501,3184,3136,48
45089970502,3972,3972,0
45089970600,5608,5405,203
45089970700,2463,2416,47
45089970801,2673,2621,52
45089970802,1585,1215,370
45089970900,2425,2425,0
45091060102,2628,2532,96
45091060200,4112,3784,328
45091060300,4010,3977,33
45091060401,2552,2552,0
45091060402,1839,1760,79
45091060501,3491,3378,113
45091060502,2186,2186,0
45091060600,1849,1790,59
45091060700,5471,5346,125
45091060802,1899,1819,80
45091060803,5010,4487,523
45091060804,4529,4164,365
45091060901,4869,4344,525
45091060904,6580,6374,206
45091060905,8967,8610,357
45091060906,8924,8054,870
45091060907,9905,9387,518
45091061003,11455,11179,276
45091061004,8013,7517,496
45091061005,10064,9195,869
45091061006,3536,3344,192
45091061007,6903,6092,811
45091061008,5330,4993,337
45091061101,3937,3821,116
45091061103,5130,5038,92
45091061104,5271,4972,299
45091061201,7924,7508,416
45091061202,4436,4290,146
45091061203,5709,5522,187
45091061301,4805,4700,105
45091061302,5244,5012,232
45091061401,4221,4181,40
45091061403,5197,5166,31
45091061404,3513,3407,106
45091061501,7834,7348,486
45091061502,8542,8122,420
45091061601,3147,3147,0
45091061602,5306,4817,489
45091061701,4536,4367,169
45091061705,5353,5311,42
45091061706,4398,4362,36
45091061707,9238,8614,624
45091061708,5192,4711,481
45091061801,3010,2809,201
45091061802,4937,4740,197
45091061900,4604,4537,67
46003973600,2732,2559,173
46005956600,1801,1786,15
46005956700,2076,2017,59
46005956800,1829,1612,217
46005956900,3106,2700,406
46005957000,6096,5359,737
46005957100,3247,3050,197
46007941000,1436,1354,82
46007941200,2009,1884,125
46009967600,3257,3173,84
46009967700,3744,3609,135
46011958600,3994,3748,246
46011958700,5153,5057,96
46011958802,5570,5462,108
46011958803,5393,5314,79
46011958900,7789,7587,202
46011959000,5536,5440,96
46013951300,5816,5733,83
46013951400,6536,6425,111
46013951500,2960,2752,208
46013951600,4631,4568,63
46013951700,4802,4539,263
46013951800,5631,5631,0
46013951900,3632,3460,172
46013952000,4422,4393,29
46015973100,2407,2385,22
46015973200,2905,2803,102
46017940200,2052,2019,33
46019967600,3541,3471,70
46019967700,6727,6444,283
46021964100,1553,1550,3
46023940200,3203,3167,36
46023940300,3497,3271,226
46023970100,2577,2573,4
46025955800,3639,3577,62
46027965700,5187,5042,145
46027965800,2935,2921,14
46027965900,5907,5699,208
46029954100,3550,3478,72
46029954301,4362,4330,32
46029954302,4829,4794,35
46029954400,5037,4825,212
46029954501,2444,2402,42
46029954502,4999,4823,176
46029954600,2665,2658,7
46031941000,1732,1730,2
46031941100,2438,2412,26
46033965100,5634,5425,209
46033965200,2813,2769,44
46035962600,3312,3267,45
46035962700,5611,5465,146
46035962800,5680,5649,31
46035962900,5221,4970,251
46037952700,1634,1609,25
46037952800,1972,1928,44
46037952900,1982,1932,50
46039953600,2847,2817,30
46039953700,1462,1462,0
46041941500,2680,2660,20
46041941700,2972,2935,37
46043969600,2961,2937,24
46045962100,2281,2268,13
46045962200,1719,1689,30
46047964100,2694,2658,36
46047964200,4180,3962,218
46049961100,2354,2303,51
46051953100,5117,5109,8
46051953300,2078,1867,211
46053971100,2109,2079,30
46053971200,2108,2079,29
46055960100,2073,2050,23
46057955100,2661,2534,127
46057955200,3334,3250,84
46059975600,1423,1423,0
46059975700,1888,1875,13
46061964100,3390,3370,20
46063968700,1277,1260,17
46065977700,5466,5323,143
46065977800,5754,5626,128
46065977900,3116,2932,184
46065978000,3182,3120,62
46067968600,3060,2954,106
46067968700,2456,2433,23
46067968800,1748,1746,2
46069976700,1440,1425,15
46071941200,1990,1936,54
46071961100,1278,1278,0
46073974100,2029,1978,51
46075091600,767,763,4
46077958100,2982,2881,101
46077958200,2088,2076,12
46079960100,2326,2307,19
46079960200,7576,7371,205
46079960300,2429,2366,63
46081966100,6423,6274,149
46081966200,3779,3596,183
46081966301,4832,4558,274
46081966302,4841,4818,23
46081966600,4984,4837,147
46083010101,5110,4955,155
46083010102,8275,7950,325
46083010103,5595,5524,71
46083010104,11130,11012,118
46083010105,736,736,0
46083010106,1299,1255,44
46083010107,5769,5739,30
46083010108,1971,1961,10
46083010200,3788,3692,96
46083010300,4937,4926,11
46083010400,2786,2736,50
46085940100,1512,1451,61
46085972600,2343,2328,15
46087964600,3219,3146,73
46087964700,2397,2304,93
46089963100,2252,2152,100
46091950800,4743,4535,208
46093020200,1242,1098,144
46093020301,8482,8138,344
46093020302,5683,5582,101
46093020400,6923,6720,203
46093020500,4510,4208,302
46095940300,2083,1972,111
46097961600,2299,2248,51
46099000100,4523,4182,341
46099000201,4252,3951,301
46099000202,2341,2306,35
46099000300,3503,2754,749
46099000401,2737,2334,403
46099000405,5325,5117,208
46099000406,3331,3264,67
46099000407,3316,3266,50
46099000408,4504,3826,678
46099000500,3486,2924,562
46099000600,2522,2510,12
46099000700,5212,4854,358
46099000900,3499,2974,525
46099001001,3483,3073,410
46099001002,5636,4774,862
46099001101,4565,4306,259
46099001105,6856,6754,102
46099001106,11304,10776,528
46099001107,3547,3514,33
46099001108,5211,5022,189
46099001200,4213,4173,40
46099001500,5837,5589,248
46099001600,3218,3153,65
46099001700,2194,2126,68
46099001801,6561,6392,169
46099001803,8403,8165,238
46099001804,4358,4205,153
46099001901,2023,1967,56
46099001902,5073,5073,0
46099010101,4663,4525,138
46099010102,4163,4002,161
46099010200,2918,2856,62
46099010300,6148,6081,67
46099010401,2086,2078,8
46099010402,2519,2501,18
46099010403,2032,1991,41
46099010404,4778,4749,29
46099010405,4471,4293,178
46099010406,2726,2670,56
46099010501,5249,5222,27
46099010502,3891,3891,0
46099010600,5337,5319,18
46101959600,3379,3358,21
46101959700,3066,2882,184
46102940500,4919,4752,167
46102940800,4532,4517,15
46102940900,4812,4500,312
46103010200,5666,5321,345
46103010300,3312,3122,190
46103010400,4061,3945,116
46103010500,3233,2910,323
46103010600,3631,3555,76
46103010700,4558,4288,270
46103010800,3966,3735,231
46103010903,8574,8275,299
46103010904,5142,4759,383
46103010905,5518,5458,60
46103010906,5688,5477,211
46103010907,2453,2266,187
46103011001,2927,2784,143
46103011002,6359,5798,561
46103011004,6857,6644,213
46103011005,2321,2268,53
46103011100,3236,3218,18
46103011200,2867,2814,53
46103011300,6330,6258,72
46103011400,7800,7234,566
46103011500,825,633,192
46103011600,7249,7106,143
46103011700,4725,4294,431
46105968300,3019,2971,48
46107000100,2306,2299,7
46109940400,3072,2994,78
46109940700,2346,2266,80
46109940800,3009,2940,69
46109950400,1867,1836,31
46111962100,2349,2290,59
46115000100,1911,1911,0
46115000200,2927,2887,40
46115000300,1701,1617,84
46117960100,2964,2891,73
46119979100,1456,1453,3
46121940100,4032,3858,174
46121940200,5987,5754,233
46123971600,2285,2285,0
46123971700,3190,3162,28
46125965100,4197,4157,40
46125965200,4092,3967,125
46127020100,4324,4269,55
46127020200,2778,2763,15
46127020300,7740,7379,361
46129965100,1868,1826,42
46129965200,3670,3617,53
46135966100,3232,3074,158
46135966200,5714,5682,32
46135966301,3294,3172,122
46135966302,6329,5895,434
46135966400,4080,4035,45
46137941600,2818,2795,23
47001020100,3053,3040,13
47001020201,4137,4031,106
47001020202,3999,3593,406
47001020300,3894,3536,358
47001020400,4419,4109,310
47001020500,3745,3538,207
47001020600,2741,2593,148
47001020700,1578,1578,0
47001020800,4501,4494,7
47001020901,6025,6003,22
47001020902,5965,5927,38
47001021000,6338,6321,17
47001021100,3849,3799,50
47001021201,5112,5096,16
47001021202,5164,5047,117
47001021301,3370,3352,18
47001021302,7655,7580,75
47001980100,0,0,0
47003950100,3555,3525,30
47003950200,7222,7098,124
47003950300,3801,3691,110
47003950401,5763,4480,1283
47003950402,6831,5700,1131
47003950500,6317,5193,1124
47003950600,7324,5996,1328
47003950700,2721,2536,185
47003950800,2797,2797,0
47005963000,3205,3167,38
47005963100,2943,2906,37
47005963200,2377,2301,76
47005963300,3826,3684,142
47005963400,3822,3760,62
47007953000,3587,3587,0
47007953100,5971,5757,214
47007953200,4515,4434,81
47009010100,3164,2663,501
47009010200,6289,5727,562
47009010301,5435,5422,13
47009010302,3017,2986,31
47009010400,3039,2954,85
47009010500,2526,2372,154
47009010600,4076,4018,58
47009010700,4907,4552,355
47009010800,2629,2539,90
47009010900,6315,5832,483
47009011001,6095,5942,153
47009011002,4407,4359,48
47009011101,4729,4670,59
47009011102,9152,9067,85
47009011200,8740,8583,157
47009011301,6353,6185,168
47009011302,5278,5249,29
47009011401,1636,1612,24
47009011402,4637,4637,0
47009011501,1640,1632,8
47009011502,4375,4299,76
47009011503,6809,6626,183
47009011602,9038,8909,129
47009011603,4812,4667,145
47009011604,3905,3829,76
47009011605,3174,3032,142
47009980100,5,5,0
47009980200,10,4,6
47011010100,4993,4508,485
47011010200,5851,4754,1097
47011010300,2785,2698,87
47011010400,2926,2627,299
47011010500,3793,3503,290
47011010600,2877,2499,378
47011010700,5209,4764,445
47011010800,3132,3058,74
47011010900,3026,2993,33
47011011000,5979,5880,99
47011011100,9934,9688,246
47011011201,6487,6368,119
47011011202,8686,8061,625
47011011300,7394,7384,10
47011011401,8593,8562,31
47011011402,2973,2308,665
47011011500,8300,7792,508
47011011601,4760,4585,175
47011011602,5162,5099,63
47013950100,3235,3220,15
47013950200,2374,2336,38
47013950300,1735,1735,0
47013950400,5015,4993,22
47013950500,5245,5065,180
47013950600,4351,4256,95
47013950700,4674,4672,2
47013950800,2243,2243,0
47013950900,2851,2793,58
47013951000,2677,2667,10
47013951100,5608,5544,64
47015960100,3871,3833,38
47015960200,6188,6082,106
47015960300,3796,3678,118
47017962000,4273,4134,139
47017962100,6841,6736,105
47017962201,3102,3102,0
47017962202,5129,5032,97
47017962300,4469,4269,200
47017962400,2528,2489,39
47017962500,2075,1984,91
47017980100,0,0,0
47019070100,2038,2030,8
47019070200,4203,3990,213
47019070300,5537,5520,17
47019070400,2145,2134,11
47019070500,3928,3912,16
47019070600,2840,2833,7
47019070700,3350,3301,49
47019070800,2594,2541,53
47019070900,3633,3373,260
47019071000,2900,2879,21
47019071100,1583,1582,1
47019071200,3805,3756,49
47019071300,7769,7672,97
47019071400,3055,3014,41
47019071500,2019,2013,6
47019071600,1508,1504,4
47019071700,3800,3719,81
47021070102,4327,4133,194
47021070103,3674,3440,234
47021070104,5366,5205,161
47021070201,4258,4139,119
47021070202,4996,4956,40
47021070203,3375,3375,0
47021070300,3615,3384,231
47021070401,2454,2454,0
47021070402,7510,7444,66
47023970100,6072,5759,313
47023970200,5869,5778,91
47023970300,5414,5414,0
47025970100,2937,2937,0
47025970200,2983,2961,22
47025970300,4282,4265,17
47025970400,646,646,0
47025970500,2790,2771,19
47025970600,4372,4292,80
47025970700,5335,5191,144
47025970800,3900,3896,4
47025970900,4456,4389,67
47027955000,5283,5141,142
47027955100,2486,2459,27
47029920100,3706,3611,95
47029920200,5829,5649,180
47029920300,4190,4113,77
47029920400,1734,1734,0
47029920501,5986,5804,182
47029920502,5013,4972,41
47029920600,4360,4251,109
47029920700,4438,4387,51
47029980100,0,0,0
47031970100,4075,4044,31
47031970200,6592,6430,162
47031970300,1749,1738,11
47031970400,6404,5716,688
47031970500,5524,5341,183
47031970600,4139,4037,102
47031970700,4260,4174,86
47031970801,4278,4074,204
47031970802,6435,6426,9
47031970900,4023,3750,273
47031971000,6329,5920,409
47031980100,0,0,0
47033961000,2100,2000,100
47033961100,4089,3717,372
47033961200,1841,1691,150
47033961300,2481,2277,204
47033961400,4047,3426,621
47035970101,4000,3991,9
47035970102,6070,5997,73
47035970200,6378,6340,38
47035970301,3010,2951,59
47035970302,4273,4206,67
47035970400,6478,6010,468
47035970501,2723,2614,109
47035970502,4015,3622,393
47035970601,4826,4633,193
47035970602,3680,3680,0
47035970603,2095,2010,85
47035970701,2223,2201,22
47035970702,4044,4002,42
47035970800,4080,4058,22
47037010103,2627,2588,39
47037010104,2821,2762,59
47037010105,4257,4217,40
47037010106,3257,3041,216
47037010201,4638,4168,470
47037010202,3507,3343,164
47037010301,3739,3568,171
47037010302,2135,2123,12
47037010303,4978,4897,81
47037010401,4895,3822,1073
47037010402,6327,4779,1548
47037010501,5806,5234,572
47037010502,5186,4855,331
47037010601,5071,4348,723
47037010602,3976,3369,607
47037010701,4252,3151,1101
47037010702,3363,2563,800
47037010801,5240,4724,516
47037010802,3826,3621,205
47037010901,3048,3000,48
47037010903,5731,5132,599
47037010904,2761,2761,0
47037011001,5351,4542,809
47037011002,2607,2535,72
47037011100,4344,3882,462
47037011200,3877,3771,106
47037011300,5620,4406,1214
47037011400,4676,4539,137
47037011500,3749,3701,48
47037011600,4071,4071,0
47037011700,6190,5938,252
47037011800,2883,2772,111
47037011900,2645,2542,103
47037012100,2369,2246,123
47037012200,1981,1878,103
47037012600,2335,2137,198
47037012701,5945,5945,0
47037012702,2631,2631,0
47037012801,5438,5264,174
47037012802,4075,4006,69
47037013000,1117,1055,62
47037013100,2490,2490,0
47037013201,2997,2830,167
47037013202,3564,2983,581
47037013300,4070,3311,759
47037013400,4353,4285,68
47037013500,2087,1957,130
47037013601,3457,3400,57
47037013602,1868,1849,19
47037013700,5830,5791,39
47037013800,1962,1939,23
47037013900,1727,1702,25
47037014200,2491,2463,28
47037014300,1886,1765,121
47037014400,1346,1308,38
47037014800,2823,2741,82
47037015100,4402,4175,227
47037015200,2792,2324,468
47037015300,5946,5611,335
47037015401,5662,4488,1174
47037015402,4466,4123,343
47037015404,2754,2436,318
47037015405,5048,4617,431
47037015501,3131,2948,183
47037015502,3816,3775,41
47037015609,4070,3885,185
47037015610,8830,8573,257
47037015612,6690,6261,429
47037015613,5661,4196,1465
47037015614,4572,3431,1141
47037015615,5118,3275,1843
47037015617,2379,2320,59
47037015618,5696,5002,694
47037015619,5218,4722,496
47037015620,7713,6450,1263
47037015622,4179,3834,345
47037015623,5662,5222,440
47037015624,5058,4716,342
47037015625,5276,5064,212
47037015626,6708,6084,624
47037015627,2991,2509,482
47037015628,3728,2913,815
47037015629,5941,5803,138
47037015630,4150,3702,448
47037015631,10684,9363,1321
47037015700,1624,1022,602
47037015802,6115,4678,1437
47037015803,2622,1654,968
47037015804,4487,3681,806
47037015900,2961,2481,480
47037016000,910,900,10
47037016100,2018,1972,46
47037016200,3260,3111,149
47037016300,2628,2579,49
47037016400,4155,3961,194
47037016500,4459,4250,209
47037016600,2747,2667,80
47037016700,5106,5014,92
47037016800,4689,4555,134
47037016900,4909,4772,137
47037017000,3633,3558,75
47037017100,2254,2166,88
47037017200,1459,1090,369
47037017300,3337,2307,1030
47037017401,2420,1649,771
47037017402,6020,4012,2008
47037017500,2913,2419,494
47037017701,2316,2259,57
47037017702,4794,4651,143
47037017800,5326,5249,77
47037017901,4403,4199,204
47037017902,4792,4632,160
47037018000,5050,5038,12
47037018101,5650,4910,740
47037018102,3719,3622,97
47037018201,3069,3018,51
47037018202,7472,7159,313
47037018203,1496,1447,49
47037018301,8388,7890,498
47037018302,2631,2516,115
47037018401,6436,6068,368
47037018404,4615,4453,162
47037018405,4710,4612,98
47037018407,4520,4409,111
47037018408,3707,3673,34
47037018409,4674,4432,242
47037018410,3024,2852,172
47037018500,5101,5058,43
47037018601,2484,2484,0
47037018602,4176,4149,27
47037018700,3282,3238,44
47037018801,5856,5818,38
47037018803,3030,2864,166
47037018804,5309,4862,447
47037018901,2764,2622,142
47037018902,2728,2265,463
47037018904,3992,3122,870
47037018905,3254,2670,584
47037019003,4740,2710,2030
47037019004,4865,3532,1333
47037019005,3419,2539,880
47037019006,5502,3857,1645
47037019105,6082,5104,978
47037019106,4054,3696,358
47037019108,3282,1706,1576
47037019109,5337,4231,1106
47037019110,4415,3033,1382
47037019111,4344,3532,812
47037019112,4603,3688,915
47037019114,12590,11959,631
47037019115,4073,3929,144
47037019116,6655,5955,700
47037019117,4453,4244,209
47037019118,6086,4991,1095
47037019200,3782,3433,349
47037019300,3163,3150,13
47037019400,4060,4028,32
47037019500,6033,5663,370
47037019600,4216,3142,1074
47037980100,0,0,0
47037980200,0,0,0
47039955001,1939,1925,14
47039955002,4661,4356,305
47039955101,1850,1805,45
47039955102,3253,3253,0
47041920101,2317,2246,71
47041920102,5057,4312,745
47041920200,6712,6462,250
47041920300,5073,4769,304
47043060100,4154,4015,139
47043060200,6543,6510,33
47043060300,6803,6712,91
47043060401,3477,3436,41
47043060402,6057,5776,281
47043060501,5899,5613,286
47043060502,3140,3048,92
47043060601,3889,3702,187
47043060602,6371,5948,423
47043060700,4593,4565,28
47045964000,6665,6602,63
47045964200,6004,5793,211
47045964300,5324,5216,108
47045964400,6198,5858,340
47045964500,2450,2431,19
47045964600,2951,2724,227
47045964800,2880,2763,117
47045964900,5498,5400,98
47047060300,3004,2966,38
47047060401,3110,2677,433
47047060402,3704,3629,75
47047060403,4273,4241,32
47047060404,5620,5482,138
47047060501,4164,4139,25
47047060502,3701,3673,28
47047060600,4238,4180,58
47047060701,2176,2145,31
47047060702,2781,2690,91
47047060800,2300,2300,0
47049965000,3161,3161,0
47049965100,4619,4433,186
47049965200,5435,5408,27
47049965300,4721,4693,28
47051960100,3636,3367,269
47051960201,6451,6350,101
47051960202,5489,5467,22
47051960300,2661,2661,0
47051960400,7637,7348,289
47051960500,3894,3799,95
47051960600,4505,4339,166
47051960700,4147,3991,156
47051960800,2928,2809,119
47053966100,2396,2385,11
47053966200,3846,3768,78
47053966300,2648,2631,17
47053966400,4920,4740,180
47053966500,5368,5148,220
47053966600,1857,1808,49
47053966700,5877,5731,146
47053966800,1225,1225,0
47053966900,2827,2801,26
47053967000,6915,6628,287
47053967100,6413,6269,144
47053967300,1303,1291,12
47053967400,3895,3846,49
47053980100,21,21,0
47055920100,3325,3312,13
47055920200,4758,4560,198
47055920300,6215,5978,237
47055920400,2689,2667,22
47055920500,4450,4415,35
47055920600,3017,3004,13
47055920700,1701,1701,0
47055920800,2879,2791,88
47057500100,3998,3737,261
47057500200,4656,4622,34
47057500300,6694,6397,297
47057500401,2705,2703,2
47057500402,4760,4700,60
47059090100,6106,5559,547
47059090200,3016,2995,21
47059090300,5145,4855,290
47059090400,5289,5235,54
47059090500,7114,6980,134
47059090600,3845,3773,72
47059090700,2842,2817,25
47059090800,4307,4252,55
47059090900,5336,5168,168
47059091000,7274,7064,210
47059091100,3959,3908,51
47059091200,3355,3335,20
47059091300,4809,4716,93
47059091400,2806,2784,22
47059091500,3299,3236,63
47061955000,3061,3061,0
47061955100,1469,1469,0
47061955200,4006,4006,0
47061955300,4958,4932,26
47063100100,6925,5187,1738
47063100200,4919,4168,751
47063100300,3090,2079,1011
47063100400,6204,4926,1278
47063100500,2912,2801,111
47063100600,6858,6858,0
47063100700,5946,5631,315
47063100800,3428,3045,383
47063100900,5519,4361,1158
47063101000,5326,5289,37
47063101100,4917,4674,243
47063101200,7159,7121,38
47065000400,3881,3869,12
47065000600,3172,3131,41
47065000700,3946,3750,196
47065000800,1694,1675,19
47065001100,1727,1680,47
47065001200,3556,3556,0
47065001300,1807,1547,260
47065001400,1873,1598,275
47065001600,2449,2437,12
47065001800,2329,2204,125
47065001900,3874,3830,44
47065002000,1211,1153,58
47065002300,1320,944,376
47065002400,5823,4503,1320
47065002500,4442,4121,321
47065002600,2150,1670,480
47065002800,3503,3420,83
47065002900,2625,2337,288
47065003000,2789,2221,568
47065003100,1786,1763,23
47065003200,3553,3425,128
47065003300,6337,6233,104
47065003400,4295,3814,481
47065010101,5571,5365,206
47065010103,3894,3866,28
47065010104,4415,4371,44
47065010201,3607,3603,4
47065010202,4159,4111,48
47065010303,3194,3180,14
47065010304,5231,5187,44
47065010305,3236,3224,12
47065010306,4020,3708,312
47065010307,5302,5284,18
47065010411,7036,6710,326
47065010412,5515,5486,29
47065010413,3969,3933,36
47065010431,7312,7152,160
47065010432,7015,6833,182
47065010433,4538,4449,89
47065010434,2173,2170,3
47065010435,5946,5945,1
47065010501,6442,6442,0
47065010502,3461,3337,124
47065010600,2942,2777,165
47065010700,2762,2589,173
47065010800,4219,3865,354
47065010901,2059,2039,20
47065010902,908,908,0
47065010903,6254,6174,80
47065011001,1778,1778,0
47065011002,8296,8099,197
47065011100,6403,6397,6
47065011201,10297,9722,575
47065011203,6553,6069,484
47065011204,5491,4917,574
47065011311,8745,7987,758
47065011314,5538,5295,243
47065011321,7376,6440,936
47065011323,5449,5233,216
47065011324,4379,4276,103
47065011325,6062,5810,252
47065011326,4781,4460,321
47065011402,6051,5527,524
47065011411,4069,3950,119
47065011413,7734,7393,341
47065011442,2792,2672,120
47065011443,5546,5404,142
47065011444,3341,3261,80
47065011445,3554,3362,192
47065011446,3684,3573,111
47065011447,8125,7690,435
47065011600,5016,4789,227
47065011700,4964,3949,1015
47065011800,6618,5581,1037
47065011900,1759,1659,100
47065012000,1930,1906,24
47065012100,5950,5314,636
47065012200,2528,2528,0
47065012300,5049,5049,0
47065012400,6125,5813,312
47065980100,0,0,0
47065980200,0,0,0
47067960500,2698,2654,44
47067960600,3911,3907,4
47069950100,3470,3307,163
47069950200,6315,6102,213
47069950300,3412,3405,7
47069950400,5684,5684,0
47069950500,4148,4103,45
47069950600,2946,2946,0
47071920100,4166,4134,32
47071920200,4432,4362,70
47071920300,4238,4180,58
47071920400,4818,4538,280
47071920500,5118,5118,0
47071920600,3067,2976,91
47073050100,3960,3946,14
47073050200,4585,4558,27
47073050301,4232,4115,117
47073050302,4196,4105,91
47073050400,6048,6013,35
47073050501,3991,3986,5
47073050502,3172,3141,31
47073050503,4439,4384,55
47073050601,5745,5584,161
47073050602,4615,4500,115
47073050700,3501,3501,0
47073050800,4957,4864,93
47073050900,3126,3111,15
47075930100,2609,2453,156
47075930200,1696,1647,49
47075930301,4484,4321,163
47075930302,2996,2921,75
47075930400,3764,3475,289
47075930500,2580,2546,34
47077975000,2983,2962,21
47077975100,3468,3426,42
47077975200,5427,5427,0
47077975300,7854,7798,56
47077975400,4080,3638,442
47077975500,4140,4098,42
47079969000,4559,4443,116
47079969100,2915,2842,73
47079969200,1767,1711,56
47079969300,3843,3748,95
47079969400,1947,1947,0
47079969500,5215,5125,90
47079969600,7936,7778,158
47079969700,2060,2051,9
47079969800,2049,1935,114
47081950100,5759,5544,215
47081950200,6598,6490,108
47081950301,3047,3039,8
47081950302,4605,4475,130
47081950400,2057,2010,47
47081950500,2185,2159,26
47083120100,3365,3315,50
47083120200,2015,1969,46
47083120300,2854,2778,76
47085130100,5710,5623,87
47085130200,2010,1990,20
47085130300,5042,4797,245
47085130400,2649,2624,25
47085130500,2805,2795,10
47087960100,1681,1681,0
47087960200,2419,2407,12
47087960300,5250,5092,158
47087960400,2176,2133,43
47089070100,7139,6668,471
47089070200,5036,4926,110
47089070300,7101,6872,229
47089070400,3749,3564,185
47089070500,5632,5498,134
47089070600,5179,4849,330
47089070700,7944,7778,166
47089070800,7045,6930,115
47089070900,4026,3989,37
47091956000,914,907,7
47091956100,4278,4210,68
47091956200,2078,2078,0
47091956300,5665,5452,213
47091956400,4988,4953,35
47093000100,2208,2082,126
47093000800,3500,3435,65
47093000901,1789,1729,60
47093000902,4063,3933,130
47093001400,2829,2319,510
47093001500,3332,3186,146
47093001600,3092,2937,155
47093001700,2217,2014,203
47093001800,2418,2363,55
47093001900,1674,1566,108
47093002000,3262,3199,63
47093002100,3098,2725,373
47093002200,3456,3409,47
47093002300,3470,3344,126
47093002400,4216,4030,186
47093002600,2497,2180,317
47093002700,2676,2625,51
47093002800,4766,4518,248
47093002900,3735,3707,28
47093003000,4500,4381,119
47093003100,2741,2708,33
47093003200,2972,2942,30
47093003300,2085,2047,38
47093003400,3848,3789,59
47093003500,4739,4641,98
47093003700,2269,2227,42
47093003801,4379,3809,570
47093003802,3333,3095,238
47093003901,4679,4157,522
47093003902,2944,2944,0
47093004000,4224,4078,146
47093004100,4238,4079,159
47093004200,3232,3156,76
47093004300,2990,2972,18
47093004401,4989,4912,77
47093004403,5254,4881,373
47093004404,3306,3214,92
47093004500,6457,5839,618
47093004606,6976,6726,250
47093004607,6007,5844,163
47093004608,2725,2638,87
47093004609,5531,5183,348
47093004610,4931,4471,460
47093004611,4210,4039,171
47093004612,2567,2481,86
47093004613,5635,5284,351
47093004614,2911,2794,117
47093004615,4099,3981,118
47093004700,4087,3935,152
47093004800,6127,5833,294
47093004900,5620,5539,81
47093005000,3845,3771,74
47093005100,6279,6249,30
47093005201,6395,6230,165
47093005202,3552,3244,308
47093005301,4087,4087,0
47093005302,3382,3381,1
47093005401,3696,3469,227
47093005402,3042,3028,14
47093005501,2526,2481,45
47093005502,3480,3455,25
47093005602,4199,4159,40
47093005603,3659,3645,14
47093005604,2637,2509,128
47093005701,4813,4535,278
47093005704,5880,5601,279
47093005706,4541,4438,103
47093005707,3257,3221,36
47093005708,2674,2615,59
47093005709,1940,1908,32
47093005710,2146,2094,52
47093005711,5423,5303,120
47093005712,8436,7972,464
47093005803,2726,2645,81
47093005807,2760,2402,358
47093005808,5679,5125,554
47093005809,5229,5020,209
47093005810,3696,3556,140
47093005811,3094,3094,0
47093005812,5348,5279,69
47093005813,6034,5847,187
47093005903,3870,3775,95
47093005904,5720,5598,122
47093005905,2330,2274,56
47093005906,1780,1751,29
47093005907,3420,3385,35
47093005908,5014,4668,346
47093006001,3238,3122,116
47093006002,6098,5894,204
47093006003,4152,4041,111
47093006102,5236,5201,35
47093006103,5387,4974,413
47093006104,5862,5557,305
47093006202,5219,5195,24
47093006203,5384,5303,81
47093006205,4454,4384,70
47093006206,5046,5046,0
47093006207,3401,3347,54
47093006208,5539,5157,382
47093006301,3580,3573,7
47093006302,2549,2512,37
47093006401,4098,4037,61
47093006402,4614,4585,29
47093006403,2990,2979,11
47093006501,2940,2881,59
47093006502,3163,3163,0
47093006600,3305,3217,88
47093006700,3513,3153,360
47093006800,5616,5279,337
47093006900,7107,6860,247
47093007000,2662,2480,182
47093007100,3519,3289,230
47095960100,5133,5014,119
47095960200,2510,2467,43
47097050100,3991,3865,126
47097050200,3679,3513,166
47097050300,2805,2706,99
47097050400,3261,3137,124
47097050503,2354,2320,34
47097050504,3036,2985,51
47097050505,3630,3630,0
47097050506,2515,2479,36
47097050600,1990,1977,13
47099960100,4628,4493,135
47099960200,2377,2354,23
47099960300,6849,6732,117
47099960401,4884,4862,22
47099960402,3828,3822,6
47099960501,4316,3897,419
47099960502,3999,3962,37
47099960600,2304,2304,0
47099960700,3856,3810,46
47099960800,3442,3440,2
47099960900,1923,1923,0
47101970100,4381,4189,192
47101970200,7526,7455,71
47103975000,1586,1578,8
47103975100,2214,2208,6
47103975200,1920,1848,72
47103975300,6183,5976,207
47103975400,4026,3907,119
47103975500,4858,4841,17
47103975601,5641,5277,364
47103975602,3952,3715,237
47103975700,3202,3184,18
47105060100,5080,4915,165
47105060201,4223,3785,438
47105060202,8047,6600,1447
47105060301,3609,3203,406
47105060302,6239,5968,271
47105060400,4695,4681,14
47105060501,8896,8838,58
47105060502,2308,2281,27
47105060600,4405,3345,1060
47105060700,3135,3011,124
47107970101,6040,5826,214
47107970102,5283,5197,86
47107970200,6405,5989,416
47107970300,3238,3122,116
47107970401,3969,3695,274
47107970402,5303,5120,183
47107970500,3955,3836,119
47107970600,7203,6959,244
47107970700,4036,3998,38
47107970800,7174,6992,182
47109930100,4371,4352,19
47109930200,2287,2204,83
47109930300,2844,2812,32
47109930400,2246,2213,33
47109930500,7488,7211,277
47109930600,4064,4027,37
47109930700,2757,2748,9
47111970100,4638,4132,506
47111970200,5843,5511,332
47111970300,8694,8593,101
47111970400,3749,3583,166
47113000100,3520,3408,112
47113000200,5942,5394,548
47113000300,5035,4881,154
47113000400,3810,3778,32
47113000500,4128,4078,50
47113000600,2051,2016,35
47113000700,2241,2223,18
47113000800,1611,1583,28
47113000900,2373,2373,0
47113001000,2111,2030,81
47113001100,872,872,0
47113001300,5473,5368,105
47113001401,1882,1825,57
47113001402,2230,2218,12
47113001501,4981,4820,161
47113001502,6213,5932,281
47113001603,2563,2413,150
47113001604,3144,3108,36
47113001605,2834,2776,58
47113001606,10536,10195,341
47113001607,5825,4859,966
47113001608,2207,2199,8
47113001609,1697,1697,0
47113001610,6061,5855,206
47113001700,1438,1438,0
47113001800,3421,3335,86
47113001900,3929,3929,0
47115050101,3627,3597,30
47115050102,5922,5753,169
47115050201,4756,4702,54
47115050202,5315,5315,0
47115050301,5744,5529,215
47115050302,2999,2996,3
47117955000,7100,7018,82
47117955100,5248,4964,284
47117955200,5945,5744,201
47117955300,4358,3835,523
47117955400,4321,4017,304
47117955500,4363,4244,119
47119010100,3440,3422,18
47119010201,6268,5881,387
47119010202,9278,9050,228
47119010301,6810,6591,219
47119010302,2902,2828,74
47119010400,6466,5959,507
47119010500,4525,4383,142
47119010600,5212,4463,749
47119010700,4563,4308,255
47119010801,3901,3771,130
47119010802,7327,6190,1137
47119010900,3086,2956,130
47119011001,2550,2524,26
47119011002,7016,6698,318
47119011101,4637,4547,90
47119011102,2672,2659,13
47119011200,5114,4981,133
47121960100,2908,2866,42
47121960200,4706,4602,104
47121960300,4190,4163,27
47123925000,7872,7447,425
47123925100,8307,7970,337
47123925200,4498,4477,21
47123925300,7688,6924,764
47123925400,8477,8310,167
47123925501,3103,3103,0
47123925502,5537,5476,61
47125100100,1232,1113,119
47125100200,1606,1549,57
47125100300,5890,5133,757
47125100400,3390,2874,516
47125100500,4956,4239,717
47125100601,2301,2210,91
47125100602,2755,2611,144
47125100700,1272,1194,78
47125100800,2680,2617,63
47125100900,1992,1790,202
47125101001,4290,3899,391
47125101002,3137,2970,167
47125101101,2674,2255,419
47125101102,8015,7492,523
47125101103,2813,2504,309
47125101201,2136,1823,313
47125101202,3968,3609,359
47125101303,10737,9474,1263
47125101304,5606,4650,956
47125101305,4627,3902,725
47125101306,5703,5055,648
47125101307,2641,2329,312
47125101400,6396,5214,1182
47125101500,7084,6756,328
47125101600,5925,5644,281
47125101700,7922,7801,121
47125101802,10224,9940,284
47125101803,6988,6844,144
47125101804,6920,6375,545
47125101902,2719,2523,196
47125101903,9053,8252,801
47125101904,3528,3299,229
47125102001,5580,5300,280
47125102002,8593,7338,1255
47125102003,6294,5221,1073
47125102004,5490,4837,653
47125102005,4738,4368,370
47125102006,7551,6480,1071
47125980100,283,224,59
47127930100,3644,3644,0
47127930200,2670,2650,20
47129110100,2680,2672,8
47129110200,3205,3203,2
47129110300,6264,6059,205
47129110400,4596,4585,11
47129110500,4943,4921,22
47131965000,4275,4211,64
47131965100,2327,2201,126
47131965200,2328,2278,50
47131965300,3877,3686,191
47131965400,4316,4210,106
47131965500,2350,2241,109
47131965600,3993,3588,405
47131965700,4592,4570,22
47131965800,1661,1587,74
47131965900,1181,1157,24
47133950100,1915,1915,0
47133950200,1824,1768,56
47133950301,4464,4440,24
47133950302,2833,2833,0
47133950400,2089,2068,21
47133950500,6274,6208,66
47133950600,2691,2577,114
47135930100,3111,3056,55
47135930200,4780,4665,115
47137925100,5096,5064,32
47139950100,1514,1514,0
47139950201,2137,2069,68
47139950202,5818,5739,79
47139950300,3603,3454,149
47139950400,3625,3621,4
47141000100,5222,4373,849
47141000200,9547,9403,144
47141000301,2890,2851,39
47141000302,6681,5672,1009
47141000303,2306,2014,292
47141000400,4207,4106,101
47141000500,2247,1910,337
47141000600,3965,3933,32
47141000700,3500,3413,87
47141000800,6225,5475,750
47141000900,6115,6019,96
47141001000,3695,3618,77
47141001100,6502,6272,230
47141001200,9342,9077,265
47141001300,2208,2188,20
47143975000,4921,4905,16
47143975100,4902,4810,92
47143975200,6072,5865,207
47143975300,5881,5593,288
47143975401,7442,6714,728
47143975402,3243,3137,106
47145030100,3322,3069,253
47145030201,5945,5687,258
47145030202,7236,7150,86
47145030300,6224,6224,0
47145030400,6432,6331,101
47145030500,4123,4102,21
47145030600,3674,3625,49
47145030700,4341,4325,16
47145030800,5846,5792,54
47145030900,5840,5815,25
47145980100,0,0,0
47147080101,4030,3981,49
47147080103,6327,5812,515
47147080104,7265,7092,173
47147080200,6100,5509,591
47147080301,2607,2182,425
47147080302,2625,2416,209
47147080401,4888,4004,884
47147080402,4855,4146,709
47147080500,4434,4254,180
47147080603,4434,4235,199
47147080604,4011,3877,134
47147080605,3272,3250,22
47147080606,5786,5711,75
47147080700,7271,7271,0
47149040101,3660,2317,1343
47149040102,3870,2968,902
47149040103,8260,6239,2021
47149040104,5054,4555,499
47149040105,4643,3940,703
47149040200,3699,3470,229
47149040302,8551,8149,402
47149040303,2170,2039,131
47149040304,2263,1911,352
47149040305,2550,2275,275
47149040306,4820,4180,640
47149040307,2988,2953,35
47149040308,6830,6422,408
47149040403,7568,6132,1436
47149040501,8223,8048,175
47149040502,6975,6975,0
47149040600,4921,4921,0
47149040701,10365,10225,140
47149040702,5301,5198,103
47149040805,9161,8815,346
47149040806,7880,7362,518
47149040807,5880,5420,460
47149040808,7736,7042,694
47149040809,4026,3851,175
47149040810,2424,2414,10
47149040901,3094,2932,162
47149040902,11079,10674,405
47149040903,12519,11761,758
47149040904,4610,4413,197
47149040905,9508,9262,246
47149041000,7478,7307,171
47149041101,7521,7301,220
47149041102,3025,2855,170
47149041201,5412,5316,96
47149041202,4472,4389,83
47149041301,5229,5179,50
47149041302,6193,6144,49
47149041401,4784,4606,178
47149041402,6635,5877,758
47149041403,8710,8308,402
47149041500,2713,2597,116
47149041600,6283,5980,303
47149041700,4825,4404,421
47149041800,4178,3817,361
47149041900,4166,3391,775
47149042000,4981,4741,240
47149042100,9582,8329,1253
47149042200,5640,5003,637
47149042300,7834,7107,727
47151975000,3687,3633,54
47151975100,6993,6993,0
47151975200,6516,6474,42
47151975300,2131,2106,25
47151975400,2702,2662,40
47153060101,8263,7931,332
47153060102,2345,2253,92
47153060200,4102,4027,75
47155080101,3612,3470,142
47155080102,6761,6678,83
47155080201,8208,7979,229
47155080202,5790,5526,264
47155080300,5248,5248,0
47155080400,7316,7118,198
47155080500,5127,4377,750
47155080601,4594,4015,579
47155080602,9607,9201,406
47155080700,7822,7508,314
47155080801,2914,2171,743
47155080802,6917,6439,478
47155080901,3585,3579,6
47155080902,5059,4737,322
47155081000,6237,5828,409
47155081101,1958,1769,189
47155081102,3782,3764,18
47155980100,0,0,0
47157000100,6502,6245,257
47157000200,893,893,0
47157000300,934,919,15
47157000400,1782,1782,0
47157000600,1958,1958,0
47157000700,4530,4530,0
47157000800,2400,2400,0
47157000900,2600,2600,0
47157001100,3099,2334,765
47157001200,3908,2742,1166
47157001300,3416,2971,445
47157001400,1511,1401,110
47157001500,1519,1321,198
47157001600,3236,3123,113
47157001700,3778,3735,43
47157001900,1322,1322,0
47157002000,1840,1831,9
47157002100,1355,1343,12
47157002400,2445,2184,261
47157002500,2785,2542,243
47157002600,2733,2668,65
47157002700,2045,1864,181
47157002800,3213,3190,23
47157002900,4830,4775,55
47157003000,3493,3459,34
47157003100,3511,3398,113
47157003200,3696,3513,183
47157003300,2585,2436,149
47157003400,2397,2266,131
47157003500,3305,3203,102
47157003600,1767,1485,282
47157003700,1208,1178,30
47157003800,1128,1122,6
47157003900,1315,1279,36
47157004200,2682,2599,83
47157004300,1576,1541,35
47157004500,647,647,0
47157004600,1375,1375,0
47157005000,1038,1038,0
47157005300,2895,2895,0
47157005500,2078,2027,51
47157005600,3590,3590,0
47157005700,2367,2367,0
47157005800,944,944,0
47157005900,2473,2450,23
47157006000,2130,2121,9
47157006200,1939,1939,0
47157006300,2563,2502,61
47157006400,1888,1866,22
47157006500,2588,2588,0
47157006600,2260,2164,96
47157006700,3289,3276,13
47157006800,2194,2194,0
47157006900,3202,3202,0
47157007000,3489,3246,243
47157007100,2280,2258,22
47157007200,2453,2420,33
47157007300,4920,4780,140
47157007400,2948,2902,46
47157007500,1563,1562,1
47157007810,2274,2274,0
47157007821,5828,5828,0
47157007822,1775,1516,259
47157007900,5852,5852,0
47157008000,5109,5061,48
47157008110,2866,2414,452
47157008120,3918,3776,142
47157008200,5298,4253,1045
47157008500,4496,4496,0
47157008600,5929,5684,245
47157008700,4514,3337,1177
47157008800,7304,3294,4010
47157008900,4514,2430,2084
47157009100,2907,1347,1560
47157009200,7595,7561,34
47157009300,4174,3830,344
47157009400,3542,3456,86
47157009500,6234,6097,137
47157009600,5155,4904,251
47157009700,2787,2612,175
47157009800,3634,2838,796
47157009901,2982,2551,431
47157009902,2643,2471,172
47157010000,6940,6845,95
47157010110,7848,7848,0
47157010120,5291,5104,187
47157010210,5670,5670,0
47157010220,7238,6982,256
47157010300,1743,1743,0
47157010500,1686,1507,179
47157010610,6335,5404,931
47157010620,3568,3165,403
47157010630,4315,2799,1516
47157010710,4905,4177,728
47157010720,3891,3472,419
47157010810,6624,5807,817
47157010820,4240,4103,137
47157011010,4394,3831,563
47157011020,1257,1165,92
47157011100,1602,1564,38
47157011200,1647,1641,6
47157011300,1387,1357,30
47157011400,5646,5519,127
47157011500,2823,2823,0
47157011600,2449,2410,39
47157011700,1507,1507,0
47157011800,5944,4130,1814
47157020101,4131,3916,215
47157020102,2861,2830,31
47157020210,5677,5391,286
47157020221,2738,2527,211
47157020222,3215,2812,403
47157020300,5331,4909,422
47157020400,1329,1162,167
47157020511,2110,2066,44
47157020512,5069,5012,57
47157020521,3844,3800,44
47157020523,3297,3278,19
47157020524,4587,4351,236
47157020531,5785,4705,1080
47157020532,5534,5188,346
47157020541,6001,5918,83
47157020542,5769,5565,204
47157020610,3759,3643,116
47157020621,7373,7257,116
47157020622,3919,3835,84
47157020632,5295,5039,256
47157020633,3208,3184,24
47157020634,3062,3008,54
47157020635,2697,2628,69
47157020642,9886,9764,122
47157020643,8424,7920,504
47157020644,8639,8027,612
47157020651,7415,6927,488
47157020652,4985,4955,30
47157020700,2262,2173,89
47157020810,3052,3052,0
47157020820,8812,8205,607
47157020831,3697,3593,104
47157020832,10010,9636,374
47157020900,9819,9600,219
47157021010,17591,16584,1007
47157021020,6577,6432,145
47157021111,4131,3649,482
47157021112,6377,4724,1653
47157021113,3800,3387,413
47157021121,5212,5151,61
47157021122,5733,4915,818
47157021124,8875,7785,1090
47157021125,4335,4177,158
47157021126,4238,4065,173
47157021135,7593,7585,8
47157021136,5301,5190,111
47157021137,7546,7105,441
47157021138,3449,3289,160
47157021139,4254,4042,212
47157021140,5064,4828,236
47157021141,7450,7155,295
47157021142,3479,3410,69
47157021200,3958,3789,169
47157021311,4506,4415,91
47157021312,2155,2083,72
47157021320,6083,6013,70
47157021331,3099,2941,158
47157021333,4276,4191,85
47157021334,3988,3904,84
47157021341,5576,5496,80
47157021342,9531,9093,438
47157021351,4527,4353,174
47157021352,6582,6574,8
47157021353,9500,8938,562
47157021410,2757,2719,38
47157021420,3173,3078,95
47157021430,4179,4133,46
47157021510,8415,8148,267
47157021520,12217,11918,299
47157021530,5064,5039,25
47157021540,12294,11901,393
47157021611,6609,6530,79
47157021612,4868,4791,77
47157021613,4734,4664,70
47157021620,3452,3401,51
47157021710,2874,2750,124
47157021721,5191,4832,359
47157021724,2411,2041,370
47157021725,4448,4034,414
47157021726,4649,4496,153
47157021731,2940,2123,817
47157021732,6229,5807,422
47157021741,8795,7968,827
47157021744,6439,5737,702
47157021745,7774,7297,477
47157021746,4730,4479,251
47157021747,3757,3610,147
47157021751,7081,6984,97
47157021752,4943,4478,465
47157021753,3157,2806,351
47157021754,4423,4118,305
47157021900,5409,5377,32
47157022022,3123,2978,145
47157022023,1821,1821,0
47157022024,3222,3222,0
47157022111,5066,4985,81
47157022112,6386,6386,0
47157022121,4961,4919,42
47157022122,4135,4134,1
47157022130,5916,5916,0
47157022210,4578,4578,0
47157022220,3340,3331,9
47157022310,5891,5875,16
47157022321,3740,3713,27
47157022322,3867,3867,0
47157022330,5041,4717,324
47157022410,6916,6613,303
47157022500,5293,4229,1064
47157022600,4296,3300,996
47157022700,6759,6759,0
47157980100,65,65,0
47157980200,0,0,0
47157980300,0,0,0
47157980400,494,461,33
47159975000,4022,3894,128
47159975100,2756,2740,16
47159975200,5976,5693,283
47159975300,1707,1707,0
47159975400,4715,4669,46
47161110200,5509,5479,30
47161110600,2847,2718,129
47161110700,4901,4733,168
47161980100,0,0,0
47161980200,0,0,0
47163040200,2781,2715,66
47163040300,2629,2626,3
47163040500,4557,4412,145
47163040600,3410,3147,263
47163040700,2598,2566,32
47163040800,3408,3039,369
47163040900,3290,3278,12
47163041000,4297,4229,68
47163041100,2476,2447,29
47163041200,6213,6080,133
47163041300,4387,4359,28
47163041400,5277,5255,22
47163041500,2584,2545,39
47163041600,2659,2624,35
47163041700,3474,3354,120
47163041800,4698,4628,70
47163041900,3049,3049,0
47163042000,3385,3385,0
47163042100,5802,5733,69
47163042200,3212,3072,140
47163042300,6263,6163,100
47163042400,2939,2939,0
47163042500,3311,3281,30
47163042600,4325,4049,276
47163042701,4363,4336,27
47163042702,2350,2243,107
47163042801,2953,2883,70
47163042802,4501,4414,87
47163042900,4110,4023,87
47163043000,4730,4729,1
47163043100,3108,3082,26
47163043201,4274,4274,0
47163043202,5130,5086,44
47163043301,5040,5010,30
47163043302,6308,6299,9
47163043401,5144,5144,0
47163043402,4880,4861,19
47163043500,3920,3871,49
47163043600,4809,4745,64
47165020101,3882,3882,0
47165020102,4804,4760,44
47165020203,2544,2444,100
47165020204,3373,3366,7
47165020205,3366,3084,282
47165020206,1067,986,81
47165020207,1572,1544,28
47165020208,2650,2555,95
47165020209,1930,1930,0
47165020300,5237,4947,290
47165020403,1943,1943,0
47165020404,1957,1908,49
47165020405,2082,2053,29
47165020406,3792,3663,129
47165020407,4395,4171,224
47165020501,5378,5273,105
47165020502,4162,4102,60
47165020503,1868,1768,100
47165020601,3278,3200,78
47165020602,4228,4185,43
47165020603,3054,2978,76
47165020700,4724,4157,567
47165020800,7669,6490,1179
47165020901,1575,1468,107
47165020902,7011,6192,819
47165020903,3878,3629,249
47165021002,7391,6973,418
47165021004,4099,3902,197
47165021005,6595,6538,57
47165021006,3246,3176,70
47165021007,2855,2745,110
47165021008,4332,4121,211
47165021009,5438,5156,282
47165021103,5736,5649,87
47165021104,2317,2034,283
47165021105,6421,6115,306
47165021106,4142,4072,70
47165021107,4703,4596,107
47165021201,6904,6798,106
47165021203,6586,6266,320
47165021204,7885,7772,113
47165021205,2717,2695,22
47167040100,5197,5117,80
47167040200,1859,1751,108
47167040302,9892,9695,197
47167040303,6399,6183,216
47167040304,6230,6071,159
47167040400,3054,2998,56
47167040500,7177,6925,252
47167040601,5090,5015,75
47167040602,3554,3282,272
47167040700,4634,4596,38
47167040800,3956,3923,33
47167040900,1773,1770,3
47167041000,2743,2658,85
47169090100,5156,5129,27
47169090200,2814,2808,6
47171080100,2484,2456,28
47171080200,6704,6430,274
47171080300,5181,4976,205
47171080400,3576,3316,260
47173040100,6635,6515,120
47173040201,4163,4090,73
47173040202,5777,5717,60
47173040300,2506,2475,31
47175925000,2533,2493,40
47175925200,3108,3097,11
47177930100,3622,3386,236
47177930200,6056,5640,416
47177930300,2365,2363,2
47177930400,6218,5288,930
47177930500,5135,4811,324
47177930600,4065,3651,414
47177930700,5091,4569,522
47177930800,6085,5720,365
47177930900,1462,1269,193
47179060100,3418,3184,234
47179060400,6540,6270,270
47179060501,4837,4749,88
47179060502,5496,5101,395
47179060600,7324,7052,272
47179060700,1945,1814,131
47179060800,3168,3136,32
47179060900,6380,6358,22
47179061000,2353,2105,248
47179061100,4694,4361,333
47179061200,3392,3359,33
47179061300,8366,8098,268
47179061401,5445,5124,321
47179061402,6877,6842,35
47179061500,7742,7531,211
47179061601,3850,3790,60
47179061602,9019,8909,110
47179061701,6601,6326,275
47179061702,7245,7119,126
47179061800,6515,6494,21
47179061901,6533,6405,128
47179061902,4716,4465,251
47179062000,3588,3440,148
47181950100,4469,4397,72
47181950200,5705,5635,70
47181950300,3740,3622,118
47181950400,2928,2876,52
47183968000,1123,1120,3
47183968101,3405,3363,42
47183968102,1873,1848,25
47183968201,4750,4601,149
47183968202,2616,2531,85
47183968203,2846,2697,149
47183968300,2296,2288,8
47183968400,5936,5837,99
47183968500,4316,4220,96
47183968600,3501,3438,63
47183968700,1362,1340,22
47185935000,4181,4162,19
47185935100,5765,5565,200
47185935200,3666,3636,30
47185935300,5280,4965,315
47185935400,4006,4003,3
47185935500,3475,3447,28
47187050101,9644,9207,437
47187050102,4140,4133,7
47187050103,4995,4932,63
47187050203,5960,5815,145
47187050204,5418,5260,158
47187050205,3689,3560,129
47187050206,2914,2818,96
47187050207,3934,3707,227
47187050208,7271,6929,342
47187050303,2843,2781,62
47187050304,2005,2005,0
47187050305,2724,2547,177
47187050306,2101,2020,81
47187050307,3290,3225,65
47187050403,1827,1827,0
47187050404,6743,6743,0
47187050405,2606,2585,21
47187050406,5963,5880,83
47187050502,3760,3715,45
47187050503,5301,5100,201
47187050504,4034,3885,149
47187050601,5899,5322,577
47187050602,9848,9636,212
47187050701,4392,4289,103
47187050702,4485,4320,165
47187050800,6349,5346,1003
47187050904,5655,4297,1358
47187050905,5833,5700,133
47187050906,5683,5668,15
47187050907,5316,5217,99
47187050908,3616,3525,91
47187050909,3798,3679,119
47187051001,7017,6754,263
47187051002,6847,6449,398
47187051100,7008,6991,17
47187051201,6732,6586,146
47187051202,26005,23679,2326
47189030101,7978,7824,154
47189030102,6533,6533,0
47189030202,7056,7030,26
47189030203,5143,5021,122
47189030204,7783,7463,320
47189030303,4484,4338,146
47189030304,6668,6265,403
47189030305,5762,5668,94
47189030307,8128,7616,512
47189030308,5071,4860,211
47189030309,5535,5425,110
47189030401,2442,2239,203
47189030402,4405,3551,854
47189030500,6491,6270,221
47189030600,3922,3722,200
47189030700,3168,3008,160
47189030800,6219,6091,128
47189030901,11113,10666,447
47189030903,8520,8402,118
47189030904,3527,3520,7
47189031000,5668,5484,184
48001950100,4692,4305,387
48001950401,5040,3706,1334
48001950402,7193,5598,1595
48001950500,4680,3065,1615
48001950600,6524,5259,1265
48001950700,2505,1518,987
48001950800,5014,4489,525
48001950901,5816,4943,873
48001950902,4758,4551,207
48001951000,7222,6543,679
48001951100,4328,3996,332
48003950100,2162,1467,695
48003950200,7121,3293,3828
48003950300,4803,1503,3300
48003950400,3129,1592,1537
48005000101,6074,5325,749
48005000102,4827,3989,838
48005000200,6950,5315,1635
48005000301,5158,4481,677
48005000302,4709,3871,838
48005000400,4783,3758,1025
48005000500,3607,3218,389
48005000600,6893,3879,3014
48005000700,4073,1623,2450
48005000800,6333,5077,1256
48005000901,6920,6146,774
48005000902,3399,2975,424
48005001001,5410,3030,2380
48005001002,4133,2894,1239
48005001100,6412,6077,335
48005001200,2897,2746,151
48005001300,5079,4748,331
48007950100,5299,4637,662
48007950200,1216,1109,107
48007950300,7329,5151,2178
48007950400,4481,2723,1758
48007950500,6404,4613,1791
48007990000,0,0,0
48009020100,2896,2843,53
48009020200,2472,2277,195
48009020300,3382,2908,474
48011950100,1913,1670,243
48013960100,7578,3848,3730
48013960201,7663,2752,4911
48013960202,9547,2779,6768
48013960300,3829,384,3445
48013960401,2266,403,1863
48013960402,8227,3684,4543
48013960500,2628,751,1877
48013960600,5972,3015,2957
48015760100,2454,1760,694
48015760200,5763,3424,2339
48015760300,7328,4991,2337
48015760400,3265,2977,288
48015760501,4959,4212,747
48015760502,5338,4320,1018
48017950100,7131,2730,4401
48019000101,4168,3490,678
48019000102,5171,4270,901
48019000200,2780,2416,364
48019000300,6419,4939,1480
48019000400,2477,2182,295
48021950100,8478,5891,2587
48021950200,8365,4455,3910
48021950300,14644,11003,3641
48021950400,8707,7005,1702
48021950501,8352,4611,3741
48021950502,5842,5070,772
48021950600,5151,4576,575
48021950700,4285,3633,652
48021950801,7287,1838,5449
48021950802,7175,2676,4499
48023950300,3639,3335,304
48025950100,1804,1111,693
48025950201,8328,4635,3693
48025950202,5600,2667,2933
48025950300,5266,2110,3156
48025950400,2315,707,1608
48025950500,7025,1684,5341
48025950600,2368,852,1516
48027020100,6270,5329,941
48027020201,7352,6599,753
48027020202,6261,5313,948
48027020300,9573,7276,2297
48027020401,3182,2571,611
48027020402,2794,1776,1018
48027020500,4005,2508,1497
48027020600,2792,2028,764
48027020701,1414,1008,406
48027020702,2055,937,1118
48027020800,4146,2762,1384
48027020900,2428,1617,811
48027021000,4413,2504,1909
48027021100,5208,3631,1577
48027021201,2736,2157,579
48027021202,4520,3509,1011
48027021203,4343,3756,587
48027021301,5211,4315,896
48027021302,2943,2767,176
48027021303,7849,6349,1500
48027021400,4063,3159,904
48027021500,6542,3947,2595
48027021601,5980,3004,2976
48027021602,2844,1926,918
48027021700,8289,7167,1122
48027021800,7350,5542,1808
48027021901,4021,3307,714
48027021903,8674,7062,1612
48027021904,10560,8784,1776
48027022000,8083,6740,1343
48027022101,4115,3290,825
48027022103,5068,3821,1247
48027022104,3942,2945,997
48027022105,2023,1648,375
48027022200,3383,2534,849
48027022300,3786,2934,852
48027022401,6339,4674,1665
48027022402,7062,5409,1653
48027022403,4191,3196,995
48027022404,8420,6121,2299
48027022405,1821,1215,606
48027022501,3285,2607,678
48027022502,9796,8048,1748
48027022600,4212,2898,1314
48027022801,2386,1633,753
48027022900,4085,2529,1556
48027023000,9692,7237,2455
48027023103,4225,3415,810
48027023104,3783,2893,890
48027023105,12622,10094,2528
48027023106,9415,7950,1465
48027023107,7433,5724,1709
48027023108,14830,9820,5010
48027023201,1863,1442,421
48027023202,5751,4150,1601
48027023203,2121,1670,451
48027023204,4779,3816,963
48027023300,8467,7213,1254
48027023402,4778,3857,921
48027023403,5961,5130,831
48027023404,3307,2567,740
48027023500,1950,1096,854
48027980001,67,54,13
48027980002,0,0,0
48027980003,0,0,0
48029110100,3466,1273,2193
48029110300,2996,871,2125
48029110500,2113,107,2006
48029110600,5130,943,4187
48029110700,1219,141,1078
48029110800,2095,551,1544
48029110900,1187,528,659
48029111000,2375,752,1623
48029120100,5857,4581,1276
48029120300,7814,6411,1403
48029120400,5987,5089,898
48029120501,8910,3688,5222
48029120502,5546,2211,3335
48029120600,5727,3869,1858
48029120701,5501,2167,3334
48029120702,4730,3529,1201
48029120800,6521,5342,1179
48029120901,2396,1411,985
48029120902,7374,4441,2933
48029121000,7822,4426,3396
48029121108,7533,4833,2700
48029121110,5254,3063,2191
48029121111,7148,3892,3256
48029121112,3773,2329,1444
48029121115,5312,3705,1607
48029121116,5439,3440,1999
48029121117,4409,2711,1698
48029121118,5741,3966,1775
48029121119,5264,3152,2112
48029121120,5426,2820,2606
48029121121,3190,2176,1014
48029121122,5484,3576,1908
48029121203,3944,1559,2385
48029121204,7291,4785,2506
48029121205,4838,2126,2712
48029121206,8321,4295,4026
48029121300,6438,3892,2546
48029121402,6598,2327,4271
48029121403,5676,3198,2478
48029121404,4686,2221,2465
48029121501,9375,6334,3041
48029121504,7394,4033,3361
48029121505,5255,3358,1897
48029121506,4718,2173,2545
48029121507,4589,2953,1636
48029121508,4623,2697,1926
48029121601,4932,2563,2369
48029121604,8674,5519,3155
48029121605,2242,1508,734
48029121606,4856,3465,1391
48029121701,4045,2707,1338
48029121702,7500,4809,2691
48029121802,8795,4184,4611
48029121803,4576,2284,2292
48029121804,7662,4464,3198
48029121808,3491,1809,1682
48029121809,5236,3032,2204
48029121810,4790,2545,2245
48029121811,5119,2862,2257
48029121812,6578,3809,2769
48029121813,1547,730,817
48029121903,5806,4253,1553
48029121904,3556,2642,914
48029121905,6276,4685,1591
48029121906,6078,4307,1771
48029121907,11221,6660,4561
48029121908,3175,2146,1029
48029121909,6715,4125,2590
48029121910,5351,3310,2041
48029130200,2348,640,1708
48029130300,3484,493,2991
48029130401,4211,651,3560
48029130402,4326,1579,2747
48029130500,4777,1906,2871
48029130600,4299,1772,2527
48029130700,2520,932,1588
48029130800,5815,3321,2494
48029130900,4773,2523,2250
48029131000,5399,2877,2522
48029131100,2449,903,1546
48029131200,3137,1686,1451
48029131300,5837,2802,3035
48029131401,8939,3397,5542
48029131402,2742,1038,1704
48029131503,3321,1886,1435
48029131504,4079,2055,2024
48029131505,4487,2063,2424
48029131506,3802,1682,2120
48029131507,6419,2323,4096
48029131601,3605,2398,1207
48029131606,5605,3491,2114
48029131608,5664,3252,2412
48029131609,8581,5097,3484
48029131610,5364,3040,2324
48029131611,1209,867,342
48029131612,1705,798,907
48029131613,4447,2724,1723
48029131614,4081,2690,1391
48029131615,6947,3777,3170
48029131700,1123,997,126
48029131801,2391,1844,547
48029131802,5003,3020,1983
48029140100,1482,265,1217
48029140200,2837,553,2284
48029140300,3060,348,2712
48029140400,3902,476,3426
48029140500,4050,717,3333
48029140600,2959,268,2691
48029140700,5035,962,4073
48029140800,5596,499,5097
48029140900,2083,233,1850
48029141000,3612,408,3204
48029141101,4939,1159,3780
48029141102,3634,1163,2471
48029141200,7042,1298,5744
48029141300,6532,2189,4343
48029141402,3671,669,3002
48029141403,4096,1123,2973
48029141404,5397,1327,4070
48029141600,4823,579,4244
48029141700,5414,1777,3637
48029141800,3992,1640,2352
48029141900,5256,3454,1802
48029150100,5399,532,4867
48029150300,5229,284,4945
48029150400,3710,305,3405
48029150501,4906,54,4852
48029150502,4052,96,3956
48029150600,5159,337,4822
48029150700,6481,424,6057
48029150800,3341,731,2610
48029150900,6724,553,6171
48029151000,3283,164,3119
48029151100,7102,493,6609
48029151200,10793,693,10100
48029151301,5972,220,5752
48029151302,3396,289,3107
48029151400,5193,388,4805
48029151500,2662,326,2336
48029151600,7670,975,6695
48029151700,7146,1273,5873
48029151900,6059,550,5509
48029152000,2573,554,2019
48029152100,4429,899,3530
48029152201,6898,1811,5087
48029152202,5382,1179,4203
48029160100,6680,69,6611
48029160200,2655,175,2480
48029160300,5555,291,5264
48029160400,4716,206,4510
48029160501,3930,352,3578
48029160502,3918,123,3795
48029160600,5063,47,5016
48029160701,3251,34,3217
48029160702,5102,272,4830
48029160901,3064,142,2922
48029160902,5124,66,5058
48029161000,3848,242,3606
48029161100,10486,423,10063
48029161200,3023,529,2494
48029161302,6014,609,5405
48029161303,4507,339,4168
48029161304,4182,162,4020
48029161400,6711,5331,1380
48029161501,8274,1266,7008
48029161503,4259,853,3406
48029161504,4535,635,3900
48029161600,4489,788,3701
48029161801,4332,1120,3212
48029161802,7724,1832,5892
48029161901,1145,341,804
48029161902,10779,3563,7216
48029162001,2137,557,1580
48029162003,5418,1125,4293
48029162004,3369,779,2590
48029170101,4171,136,4035
48029170102,4089,91,3998
48029170200,5537,70,5467
48029170300,6464,269,6195
48029170401,4418,476,3942
48029170402,4707,124,4583
48029170500,5042,532,4510
48029170600,4558,395,4163
48029170700,5202,204,4998
48029170800,1397,65,1332
48029170900,3468,178,3290
48029171000,6335,210,6125
48029171100,3608,58,3550
48029171200,4503,136,4367
48029171301,2799,188,2611
48029171302,4916,922,3994
48029171401,5222,273,4949
48029171402,6094,132,5962
48029171501,2465,315,2150
48029171502,5063,759,4304
48029171601,4440,311,4129
48029171602,3080,400,2680
48029171700,7912,1899,6013
48029171801,5907,950,4957
48029171802,6539,1356,5183
48029171902,13147,4076,9071
48029171903,7319,1702,5617
48029171912,6732,2615,4117
48029171913,6025,1537,4488
48029171914,5811,1848,3963
48029171915,2502,865,1637
48029171916,8409,3151,5258
48029171917,9553,3533,6020
48029171918,5926,2669,3257
48029171919,3913,1389,2524
48029171920,8708,2183,6525
48029171921,5194,1624,3570
48029171922,3663,1145,2518
48029171923,10445,4081,6364
48029171924,6486,3481,3005
48029171925,10076,4266,5810
48029172002,12011,5309,6702
48029172003,6530,3052,3478
48029172004,4121,2653,1468
48029172005,7992,4206,3786
48029172006,8119,4388,3731
48029172007,10457,4555,5902
48029180101,5343,734,4609
48029180102,1949,554,1395
48029180201,4741,748,3993
48029180202,4762,1191,3571
48029180300,4970,499,4471
48029180400,4721,616,4105
48029180501,4733,1002,3731
48029180503,4690,638,4052
48029180504,4663,503,4160
48029180602,3619,1014,2605
48029180603,2018,566,1452
48029180604,6453,1638,4815
48029180701,3937,2053,1884
48029180702,7166,3159,4007
48029180800,2351,502,1849
48029180901,5568,1439,4129
48029180902,6798,1126,5672
48029181001,4409,1313,3096
48029181003,6806,3774,3032
48029181004,5112,2297,2815
48029181005,3886,1638,2248
48029181100,5869,2970,2899
48029181200,4720,2807,1913
48029181301,4973,1953,3020
48029181302,6497,3029,3468
48029181303,3833,2291,1542
48029181402,2590,1791,799
48029181403,7234,4603,2631
48029181404,5407,4161,1246
48029181503,7285,3858,3427
48029181504,6391,3368,3023
48029181505,4697,1904,2793
48029181506,4185,1567,2618
48029181601,3231,747,2484
48029181602,5866,1026,4840
48029181703,7274,4008,3266
48029181704,5981,1827,4154
48029181705,5594,2531,3063
48029181711,9833,4295,5538
48029181712,4072,1999,2073
48029181713,7827,3067,4760
48029181715,6449,2241,4208
48029181716,8176,1986,6190
48029181718,6123,3111,3012
48029181720,5236,2575,2661
48029181721,3851,1732,2119
48029181722,5242,2266,2976
48029181723,4965,2072,2893
48029181724,5620,2822,2798
48029181725,4974,1813,3161
48029181726,10301,3774,6527
48029181727,3795,1162,2633
48029181728,11209,4595,6614
48029181729,6049,2852,3197
48029181730,3902,1318,2584
48029181731,7466,3006,4460
48029181808,1584,858,726
48029181809,5986,2576,3410
48029181811,4133,2108,2025
48029181813,7024,3203,3821
48029181814,4867,2434,2433
48029181815,4079,2429,1650
48029181816,4283,2218,2065
48029181817,3442,1438,2004
48029181818,6299,3106,3193
48029181819,6198,2723,3475
48029181820,6634,3816,2818
48029181821,3638,1868,1770
48029181822,4985,2421,2564
48029181823,3408,1986,1422
48029181824,5206,2861,2345
48029181825,3539,2163,1376
48029181826,7115,3544,3571
48029181901,4900,2789,2111
48029181902,7060,5169,1891
48029182001,5733,3606,2127
48029182002,9459,6453,3006
48029182003,4586,3129,1457
48029182101,8342,6386,1956
48029182102,8076,5448,2628
48029182103,2598,1751,847
48029182105,2671,1655,1016
48029182106,7126,4405,2721
48029190100,3712,764,2948
48029190200,4102,2085,2017
48029190400,4125,2567,1558
48029190501,3000,264,2736
48029190503,3901,996,2905
48029190504,3310,720,2590
48029190601,4373,303,4070
48029190603,2940,374,2566
48029190604,4299,396,3903
48029190700,3072,931,2141
48029190800,1964,1677,287
48029190901,6189,1971,4218
48029190902,3885,1433,2452
48029191003,9114,2188,6926
48029191004,4273,833,3440
48029191005,2277,236,2041
48029191006,7191,642,6549
48029191101,1689,1148,541
48029191102,2678,1415,1263
48029191201,3009,1473,1536
48029191202,5193,2312,2881
48029191303,1675,855,820
48029191304,2393,1004,1389
48029191405,7981,5186,2795
48029191406,6991,5447,1544
48029191408,3092,1364,1728
48029191409,6842,2663,4179
48029191410,5572,2623,2949
48029191411,4344,3048,1296
48029191412,2382,1936,446
48029191413,6038,3805,2233
48029191503,5075,3273,1802
48029191504,2460,1863,597
48029191505,2309,1667,642
48029191506,5803,3325,2478
48029191701,1490,1261,229
48029191702,8052,6101,1951
48029191804,7062,5158,1904
48029191806,8549,6050,2499
48029191807,5157,3099,2058
48029191808,4207,3216,991
48029191809,7212,4466,2746
48029191810,5414,3482,1932
48029191811,5077,3501,1576
48029191812,4456,3275,1181
48029191813,6769,4859,1910
48029191814,4965,2915,2050
48029191815,5774,3694,2080
48029191816,3013,2167,846
48029191817,12666,8109,4557
48029191900,5289,1552,3737
48029192000,5645,2679,2966
48029192100,2337,1214,1123
48029192200,1557,520,1037
48029192300,4546,3053,1493
48029980001,0,0,0
48029980002,22,0,22
48029980003,1217,987,230
48029980004,0,0,0
48029980005,24,19,5
48029980100,632,449,183
48031950100,4950,4196,754
48031950200,5968,4661,1307
48033950100,698,665,33
48035950100,4375,3430,945
48035950200,1590,1147,443
48035950300,1373,1331,42
48035950400,3328,3022,306
48035950500,2969,2329,640
48035950600,1797,1553,244
48035950700,2521,2092,429
48037010100,5342,5121,221
48037010400,4441,4323,118
48037010500,2313,2128,185
48037010600,1627,1541,86
48037010700,4935,4395,540
48037010800,5082,4110,972
48037010901,7130,7052,78
48037010902,8049,7146,903
48037011000,7701,7265,436
48037011100,6983,6228,755
48037011200,6031,5706,325
48037011300,5521,5041,480
48037011401,8117,7994,123
48037011402,2310,2282,28
48037011501,7568,6526,1042
48037011502,3032,2922,110
48037011600,4895,4656,239
48037011700,2406,2291,115
48039660100,4641,4028,613
48039660200,6225,4891,1334
48039660300,10947,8016,2931
48039660400,10474,7681,2793
48039660500,9281,5722,3559
48039660601,11995,10249,1746
48039660602,37455,28999,8456
48039660701,15806,13469,2337
48039660702,14567,11903,2664
48039660801,9337,5905,3432
48039660802,8139,5649,2490
48039660900,7495,3589,3906
48039661000,6664,3713,2951
48039661100,3306,1862,1444
48039661200,4054,2807,1247
48039661300,2693,1534,1159
48039661400,7142,4486,2656
48039661501,5208,3218,1990
48039661502,4459,3302,1157
48039661601,6478,4285,2193
48039661602,2793,1438,1355
48039661700,2506,1917,589
48039661800,6247,4563,1684
48039661900,14195,8675,5520
48039662000,5475,4221,1254
48039662100,5550,3736,1814
48039662200,6577,4635,1942
48039662300,5223,4378,845
48039662400,5447,4407,1040
48039662500,2805,1992,813
48039662600,3564,2888,676
48039662700,2535,1995,540
48039662800,5896,5274,622
48039662900,5013,3809,1204
48039663000,4031,3232,799
48039663100,7286,5402,1884
48039663200,4763,3525,1238
48039663300,2161,1582,579
48039663400,7668,5297,2371
48039663500,5791,4176,1615
48039663600,5407,4302,1105
48039663700,3603,2434,1169
48039663800,6321,3753,2568
48039663900,2218,1064,1154
48039664000,3717,1775,1942
48039664100,5717,3233,2484
48039664200,2090,1705,385
48039664300,5681,2145,3536
48039664400,6473,2603,3870
48039664501,5300,4028,1272
48039990000,0,0,0
48041000101,7542,6035,1507
48041000102,5930,5604,326
48041000103,1752,1608,144
48041000201,7077,5160,1917
48041000202,7775,4445,3330
48041000300,7136,3392,3744
48041000400,5268,3694,1574
48041000500,6274,3265,3009
48041000603,5082,1470,3612
48041000604,6139,1540,4599
48041000700,2873,1305,1568
48041000800,4794,3359,1435
48041000900,2584,706,1878
48041001000,8231,5505,2726
48041001100,4941,3547,1394
48041001301,2979,2525,454
48041001302,4292,3383,909
48041001303,5264,4568,696
48041001400,3025,2444,581
48041001601,4579,4073,506
48041001604,5445,4943,502
48041001605,3942,3251,691
48041001606,3387,2591,796
48041001701,5402,4202,1200
48041001702,3296,2797,499
48041001801,4734,3993,741
48041001803,6570,5581,989
48041001804,1226,879,347
48041001900,5741,4857,884
48041002001,5173,4561,612
48041002002,7664,6903,761
48041002006,1731,1653,78
48041002007,7499,6548,951
48041002008,7804,6891,913
48041002009,4655,4511,144
48041002010,2901,2680,221
48041002011,3902,3467,435
48041002012,6884,5831,1053
48041002013,6835,5302,1533
48041002014,2241,2020,221
48041002015,9327,7143,2184
48041980000,0,0,0
48043950300,4521,2935,1586
48043950400,1965,422,1543
48043950500,2702,1791,911
48045950200,1672,1150,522
48047950100,1993,97,1896
48047950200,5224,301,4923
48049950100,1997,1890,107
48049950200,4224,3875,349
48049950300,2952,2534,418
48049950500,2900,2426,474
48049950600,2526,1433,1093
48049950700,1500,927,573
48049950800,2906,1866,1040
48049950900,4270,3432,838
48049951000,2759,2167,592
48049951100,4166,3159,1007
48049951200,4274,3553,721
48049951300,3461,2706,755
48051970100,1239,1153,86
48051970200,4154,3491,663
48051970300,4334,3340,994
48051970400,3155,2369,786
48051970500,4535,3601,934
48053960100,6305,4989,1316
48053960200,3284,2779,505
48053960300,6654,5187,1467
48053960400,5108,4240,868
48053960500,6634,4349,2285
48053960600,4016,3736,280
48053960700,6854,4657,2197
48053960800,5729,5058,671
48055960101,6313,2336,3977
48055960102,3764,2704,1060
48055960200,5264,2442,2822
48055960300,4402,2251,2151
48055960400,3884,1358,2526
48055960500,8309,3850,4459
48055960600,1979,1841,138
48055960700,5933,3213,2720
48057000100,6005,3197,2808
48057000200,3984,1441,2543
48057000300,1503,1013,490
48057000400,6539,3077,3462
48057000500,3774,2645,1129
48057990000,0,0,0
48059030101,4679,4306,373
48059030102,4214,3815,399
48059030200,4703,4262,441
48061010100,9198,1830,7368
48061010201,2388,326,2062
48061010203,7711,1444,6267
48061010301,5485,260,5225
48061010302,8702,1617,7085
48061010401,6431,587,5844
48061010402,6599,1628,4971
48061010500,2270,80,2190
48061010601,8204,1182,7022
48061010602,1615,566,1049
48061010700,3168,522,2646
48061010800,7393,1549,5844
48061010900,1758,101,1657
48061011000,2978,30,2948
48061011100,2412,117,2295
48061011200,1717,205,1512
48061011301,1713,520,1193
48061011302,4374,1911,2463
48061011400,7007,978,6029
48061011500,5970,262,5708
48061011600,6384,123,6261
48061011700,6210,139,6071
48061011801,6001,788,5213
48061011802,4367,491,3876
48061011901,5468,743,4725
48061011902,5348,1006,4342
48061011903,2600,57,2543
48061012001,6074,1857,4217
48061012002,5589,1243,4346
48061012101,4584,1066,3518
48061012102,6076,118,5958
48061012200,11576,1421,10155
48061012301,4613,2498,2115
48061012304,4561,1316,3245
48061012305,3202,2411,791
48061012401,7465,405,7060
48061012402,5729,888,4841
48061012504,16995,1175,15820
48061012505,9732,183,9549
48061012506,3721,1091,2630
48061012507,6763,126,6637
48061012508,3954,484,3470
48061012607,3078,29,3049
48061012608,4204,518,3686
48061012609,7551,365,7186
48061012612,6111,409,5702
48061012613,4856,547,4309
48061012700,5557,373,5184
48061012800,5562,98,5464
48061012900,5003,837,4166
48061013002,4211,441,3770
48061013003,1970,48,1922
48061013004,3002,294,2708
48061013102,4879,391,4488
48061013104,4084,339,3745
48061013106,4538,170,4368
48061013203,1921,91,1830
48061013204,2667,81,2586
48061013205,4029,52,3977
48061013206,3524,85,3439
48061013207,5064,257,4807
48061013303,3959,352,3607
48061013305,4872,156,4716
48061013306,2598,19,2579
48061013307,1857,12,1845
48061013308,3380,57,3323
48061013309,2897,43,2854
48061013401,2376,119,2257
48061013402,1855,0,1855
48061013500,1982,302,1680
48061013600,2836,166,2670
48061013700,3970,0,3970
48061013801,2507,61,2446
48061013802,4071,143,3928
48061013901,2720,32,2688
48061013902,4033,23,4010
48061013903,4078,14,4064
48061014001,2049,127,1922
48061014002,2719,97,2622
48061014100,12783,511,12272
48061014200,5368,302,5066
48061014300,4589,264,4325
48061014400,17255,1598,15657
48061014500,8115,933,7182
48061980001,0,0,0
48061980100,0,0,0
48061990000,0,0,0
48063950101,3451,2768,683
48063950102,4374,3731,643
48063950200,4806,3143,1663
48065950100,2282,1951,331
48065950200,3745,3500,245
48067950100,7119,6885,234
48067950200,2147,2138,9
48067950300,2142,2111,31
48067950400,5313,4997,316
48067950500,2688,2609,79
48067950600,5813,5417,396
48067950700,5124,4904,220
48069950100,1283,863,420
48069950200,4355,1211,3144
48069950300,2237,850,1387
48071710100,8142,7217,925
48071710200,17440,13091,4349
48071710300,2663,2448,215
48071710401,5904,4816,1088
48071710500,3923,2453,1470
48071710600,0,0,0
48071990000,0,0,0
48073950100,4905,3044,1861
48073950200,6477,5903,574
48073950300,7150,5809,1341
48073950400,1849,1415,434
48073950500,3950,2145,1805
48073950600,5465,3946,1519
48073950700,4163,2522,1641
48073950801,3941,3587,354
48073950802,3977,3333,644
48073950900,4103,3378,725
48073951000,3326,3025,301
48073951100,1951,1822,129
48075950100,1908,1226,682
48075950200,5151,4401,750
48077030200,3069,2988,81
48077030301,4803,4462,341
48077030302,2495,2346,149
48079950100,2955,1276,1679
48081950100,1576,1239,337
48081950200,1652,1311,341
48083950300,4521,3462,1059
48083950600,1369,1317,52
48083950700,2586,2232,354
48085030100,6469,6009,460
48085030201,3171,2486,685
48085030202,2291,1984,307
48085030203,17677,15275,2402
48085030301,5667,4717,950
48085030302,3037,2875,162
48085030303,7308,6617,691
48085030304,3733,3296,437
48085030305,10539,9028,1511
48085030403,6053,4598,1455
48085030404,6002,5238,764
48085030405,4982,4166,816
48085030406,3650,2037,1613
48085030407,4183,3962,221
48085030408,7095,4637,2458
48085030504,3097,2812,285
48085030505,3627,3301,326
48085030506,2812,2697,115
48085030507,1887,1668,219
48085030508,6588,5740,848
48085030509,2610,2413,197
48085030510,3241,2715,526
48085030511,5844,5247,597
48085030512,4985,4575,410
48085030513,7770,6669,1101
48085030514,7361,6582,779
48085030515,6674,5985,689
48085030516,6442,5427,1015
48085030517,6680,6033,647
48085030518,4093,3886,207
48085030519,3161,2908,253
48085030520,6199,5507,692
48085030521,3641,3170,471
48085030522,8769,7650,1119
48085030523,10392,8971,1421
48085030524,2689,2189,500
48085030525,6416,6006,410
48085030526,10378,8893,1485
48085030527,5010,4446,564
48085030528,7960,7212,748
48085030529,3518,2964,554
48085030530,6320,5945,375
48085030531,6167,5607,560
48085030601,9293,8544,749
48085030603,7946,6283,1663
48085030604,2841,2262,579
48085030605,7821,6273,1548
48085030701,3408,2305,1103
48085030702,5095,2939,2156
48085030801,4011,3158,853
48085030802,5331,3166,2165
48085030900,10540,3949,6591
48085031001,7140,4764,2376
48085031003,4768,3673,1095
48085031004,5877,4290,1587
48085031100,9246,7609,1637
48085031201,5461,4501,960
48085031202,4367,3843,524
48085031308,6503,5290,1213
48085031309,9514,7722,1792
48085031310,10134,8494,1640
48085031311,11323,9348,1975
48085031312,6657,6073,584
48085031313,13605,11971,1634
48085031314,2799,2544,255
48085031315,19093,16044,3049
48085031316,6772,6173,599
48085031317,9025,8064,961
48085031405,22381,20930,1451
48085031406,17591,15795,1796
48085031407,7552,7408,144
48085031408,3433,3180,253
48085031409,11154,10023,1131
48085031410,8914,7944,970
48085031411,5671,5174,497
48085031504,6996,6043,953
48085031505,8661,8310,351
48085031506,9043,7163,1880
48085031507,5354,4949,405
48085031508,6744,5850,894
48085031611,4019,2926,1093
48085031612,6100,5498,602
48085031613,5329,4886,443
48085031621,5992,5452,540
48085031622,5801,5182,619
48085031623,2668,1891,777
48085031624,4193,2360,1833
48085031625,4838,4445,393
48085031626,2451,2330,121
48085031627,5325,4495,830
48085031628,3569,3047,522
48085031629,3919,2885,1034
48085031630,4399,4036,363
48085031631,4814,4244,570
48085031632,5781,5322,459
48085031633,4126,3454,672
48085031634,3359,2495,864
48085031635,4609,3748,861
48085031636,7037,6493,544
48085031637,6618,6337,281
48085031638,7041,6552,489
48085031639,6489,5821,668
48085031640,8578,7924,654
48085031641,6794,6603,191
48085031642,4467,4099,368
48085031643,5012,4727,285
48085031645,2000,1963,37
48085031646,5862,5597,265
48085031647,2922,2712,210
48085031648,7336,7031,305
48085031649,4591,4462,129
48085031652,7400,6985,415
48085031653,7555,6713,842
48085031654,4044,3776,268
48085031655,4624,4165,459
48085031656,2726,2501,225
48085031657,2359,2166,193
48085031658,4408,3964,444
48085031659,1686,1485,201
48085031660,4674,4331,343
48085031661,3116,2914,202
48085031662,5028,4778,250
48085031663,3752,3398,354
48085031664,4002,3825,177
48085031704,3910,3023,887
48085031706,2121,1995,126
48085031708,3984,3504,480
48085031709,4389,3917,472
48085031711,3090,2884,206
48085031712,5430,4407,1023
48085031713,4339,3621,718
48085031714,6177,4875,1302
48085031715,2699,2431,268
48085031716,2266,2135,131
48085031717,2350,2038,312
48085031718,2641,2493,148
48085031719,1778,1654,124
48085031720,4806,2885,1921
48085031802,6777,5765,1012
48085031804,4468,3836,632
48085031805,5517,5060,457
48085031806,2040,1722,318
48085031807,4800,4176,624
48085031900,5031,2061,2970
48085032003,5501,2554,2947
48085032004,8197,3902,4295
48085032008,4320,3021,1299
48085032009,6950,6403,547
48085032010,5570,4129,1441
48085032011,7699,7311,388
48085032012,4083,1668,2415
48085032013,6035,4106,1929
48087950300,3032,2038,994
48089750100,4716,2628,2088
48089750200,2002,1564,438
48089750300,5431,4588,843
48089750400,5316,3691,1625
48089750500,3327,2467,860
48091310100,3637,2103,1534
48091310200,2724,1377,1347
48091310300,7705,6304,1401
48091310401,5681,1383,4298
48091310403,6087,3924,2163
48091310404,4562,2633,1929
48091310501,4491,2704,1787
48091310502,5342,3353,1989
48091310503,4179,3180,999
48091310603,3508,2971,537
48091310604,2969,2483,486
48091310605,5857,4684,1173
48091310606,5042,4340,702
48091310607,4714,4073,641
48091310608,3447,2476,971
48091310701,6391,5614,777
48091310702,5239,4405,834
48091310703,5626,4606,1020
48091310704,6412,4264,2148
48091310801,5692,4841,851
48091310802,7421,5297,2124
48091310901,5210,4634,576
48091310902,7503,5681,1822
48091310903,4795,4158,637
48093950100,4204,3378,826
48093950200,3170,2992,178
48093950300,4091,2185,1906
48093950400,2041,1314,727
48095950300,4142,1845,2297
48097000100,5615,4851,764
48097000200,4832,4580,252
48097000400,2040,1481,559
48097000500,3436,2478,958
48097000600,4636,3436,1200
48097000700,6923,6599,324
48097000900,4940,4409,531
48097001100,6456,4464,1992
48099010101,3334,2938,396
48099010102,3074,2919,155
48099010201,7827,5809,2018
48099010202,5093,4174,919
48099010300,2488,1994,494
48099010400,4026,3583,443
48099010501,3961,3052,909
48099010502,2853,2221,632
48099010503,5231,4149,1082
48099010504,2125,1689,436
48099010601,4504,3606,898
48099010603,5169,4499,670
48099010604,5687,4776,911
48099010701,3913,3224,689
48099010702,3229,2742,487
48099010802,5446,4665,781
48099010803,2752,2327,425
48099010804,4890,3994,896
48099980000,108,73,35
48101950100,1560,1114,446
48103950100,4823,1860,2963
48105950100,3836,1415,2421
48107950100,2097,1056,1041
48107950200,2347,1013,1334
48107950300,1543,667,876
48109950300,2259,495,1764
48111950100,1425,1165,260
48111950300,5627,2880,2747
48113000100,4081,3641,440
48113000201,2850,2472,378
48113000202,3789,3109,680
48113000300,4288,3995,293
48113000401,6131,3201,2930
48113000404,3682,2031,1651
48113000405,2206,1114,1092
48113000406,7640,2681,4959
48113000500,4969,3823,1146
48113000601,6167,3488,2679
48113000603,4269,3761,508
48113000605,2582,2109,473
48113000606,2948,2806,142
48113000701,4662,4424,238
48113000702,2693,2387,306
48113000800,6993,3735,3258
48113000900,4771,2365,2406
48113001001,1701,1394,307
48113001002,1904,1116,788
48113001101,3604,2890,714
48113001102,2709,2430,279
48113001202,3674,2336,1338
48113001203,1401,557,844
48113001204,3188,162,3026
48113001301,2657,2069,588
48113001302,2109,1409,700
48113001400,3786,2263,1523
48113001502,3241,1406,1835
48113001503,3721,1031,2690
48113001504,2400,1406,994
48113001600,4714,4175,539
48113001701,494,398,96
48113001703,3658,3343,315
48113001704,1497,1393,104
48113001800,4566,4012,554
48113001900,5575,5129,446
48113002000,5418,2072,3346
48113002100,1733,1535,198
48113002200,2318,2142,176
48113002400,3160,590,2570
48113002500,5202,1695,3507
48113002701,3091,2384,707
48113002702,1820,1568,252
48113003101,3431,2909,522
48113003400,1341,1093,248
48113003700,3173,2358,815
48113003800,2233,2039,194
48113003901,1884,1884,0
48113003902,1835,1266,569
48113004000,1105,972,133
48113004100,1371,385,986
48113004201,4057,1553,2504
48113004202,2523,876,1647
48113004300,1859,616,1243
48113004400,3536,2552,984
48113004500,6013,1125,4888
48113004600,1551,1030,521
48113004700,3518,582,2936
48113004800,2816,184,2632
48113004900,4439,2748,1691
48113005000,3922,585,3337
48113005100,2921,349,2572
48113005200,4748,635,4113
48113005300,7422,726,6696
48113005400,5778,1937,3841
48113005500,4199,2591,1608
48113005600,7666,1577,6089
48113005700,4882,2995,1887
48113005901,5223,3722,1501
48113005902,4076,2768,1308
48113006001,4240,699,3541
48113006002,5651,4384,1267
48113006100,4045,2059,1986
48113006200,6120,2305,3815
48113006301,5621,940,4681
48113006302,4526,841,3685
48113006401,2698,173,2525
48113006402,5946,424,5522
48113006501,6980,462,6518
48113006502,4289,356,3933
48113006700,7617,693,6924
48113006800,5979,1387,4592
48113006900,3920,737,3183
48113007101,2138,2029,109
48113007102,5208,3825,1383
48113007201,8488,2447,6041
48113007202,7781,2712,5069
48113007301,1890,1807,83
48113007302,4787,3605,1182
48113007601,2001,1701,300
48113007604,3186,3096,90
48113007605,1743,1644,99
48113007700,5226,4869,357
48113007801,2145,2021,124
48113007804,6043,4831,1212
48113007805,3180,2609,571
48113007809,2304,1914,390
48113007810,3973,3299,674
48113007811,6380,4914,1466
48113007812,2910,2753,157
48113007815,5261,3496,1765
48113007818,6186,2974,3212
48113007819,2368,1253,1115
48113007820,7031,4038,2993
48113007821,3794,1505,2289
48113007822,1447,1010,437
48113007823,1519,601,918
48113007824,1995,1797,198
48113007825,5373,3897,1476
48113007826,325,255,70
48113007827,2699,2190,509
48113007902,4970,4648,322
48113007903,2133,1984,149
48113007906,2447,2447,0
48113007909,2312,1977,335
48113007910,3033,2663,370
48113007911,2886,2560,326
48113007912,1884,1678,206
48113007913,2853,2317,536
48113007914,2651,2361,290
48113008000,6976,6445,531
48113008100,6241,5339,902
48113008200,4084,3293,791
48113008400,8840,1338,7502
48113008500,5344,1351,3993
48113008603,878,588,290
48113008604,2805,1921,884
48113008701,4374,4120,254
48113008703,3139,1783,1356
48113008704,3412,3040,372
48113008705,1382,823,559
48113008801,2777,2007,770
48113008802,5793,3426,2367
48113008900,3005,2140,865
48113009000,9139,3199,5940
48113009101,5851,1964,3887
48113009103,3583,992,2591
48113009104,3857,834,3023
48113009105,3978,712,3266
48113009201,6692,1956,4736
48113009202,5923,1417,4506
48113009301,5557,525,5032
48113009303,4037,546,3491
48113009304,6234,4478,1756
48113009401,3629,1759,1870
48113009402,2239,1889,350
48113009500,2288,2002,286
48113009603,5000,4226,774
48113009604,4339,3299,1040
48113009605,3670,1236,2434
48113009607,3648,2700,948
48113009608,3370,2521,849
48113009609,2842,2681,161
48113009610,4947,1595,3352
48113009611,3695,1903,1792
48113009701,5302,2465,2837
48113009702,3185,2707,478
48113009802,6327,1826,4501
48113009803,2155,1040,1115
48113009804,7969,2785,5184
48113009900,3043,2027,1016
48113010000,10703,8418,2285
48113010101,4797,2739,2058
48113010102,3104,570,2534
48113010500,2856,1231,1625
48113010601,6328,1459,4869
48113010602,2971,1089,1882
48113010701,5153,359,4794
48113010703,2833,468,2365
48113010704,5016,1595,3421
48113010801,9746,1969,7777
48113010803,7222,4132,3090
48113010804,5087,1812,3275
48113010805,6475,2016,4459
48113010902,7274,6404,870
48113010903,3893,2148,1745
48113010904,3445,2686,759
48113011001,7009,6014,995
48113011002,3426,2707,719
48113011101,4123,3708,415
48113011103,3151,1706,1445
48113011104,3831,2421,1410
48113011105,4406,2970,1436
48113011200,7025,5832,1193
48113011300,4985,4675,310
48113011401,4858,4161,697
48113011500,3663,1332,2331
48113011601,4484,2508,1976
48113011602,6963,1690,5273
48113011701,6439,2177,4262
48113011702,5927,1292,4635
48113011800,9773,3460,6313
48113011900,9898,3391,6507
48113012000,7766,3241,4525
48113012100,6105,3135,2970
48113012204,6506,4370,2136
48113012206,4772,2722,2050
48113012207,7782,4501,3281
48113012208,2954,1177,1777
48113012209,3459,1961,1498
48113012210,3998,2751,1247
48113012211,4241,2452,1789
48113012301,5029,1410,3619
48113012302,8055,3456,4599
48113012400,5635,3352,2283
48113012500,7448,3035,4413
48113012601,6961,2808,4153
48113012603,2208,939,1269
48113012604,6842,4028,2814
48113012701,6948,2033,4915
48113012702,3618,1154,2464
48113012800,7520,4936,2584
48113012900,4437,3647,790
48113013004,6697,6323,374
48113013005,3092,2916,176
48113013007,3704,2862,842
48113013008,3529,3111,418
48113013009,5147,3888,1259
48113013010,5087,2474,2613
48113013011,5458,1784,3674
48113013101,2880,2828,52
48113013102,1773,1754,19
48113013104,996,945,51
48113013105,6835,5310,1525
48113013200,6353,5837,516
48113013300,2055,1958,97
48113013400,1965,1860,105
48113013500,2406,2292,114
48113013605,5927,4999,928
48113013606,6069,4260,1809
48113013607,3695,2845,850
48113013608,2557,2457,100
48113013609,4112,2185,1927
48113013610,4737,2795,1942
48113013611,2551,2377,174
48113013615,5393,2541,2852
48113013616,6450,4702,1748
48113013617,2863,2391,472
48113013618,2247,1999,248
48113013619,5071,4594,477
48113013620,4657,3749,908
48113013621,4068,2567,1501
48113013622,2749,2189,560
48113013623,6601,3280,3321
48113013624,3955,3112,843
48113013625,3233,1325,1908
48113013626,2875,1566,1309
48113013711,3587,776,2811
48113013712,2634,967,1667
48113013713,1401,159,1242
48113013714,6963,1531,5432
48113013715,2599,722,1877
48113013716,5182,2926,2256
48113013717,2986,801,2185
48113013718,5160,1334,3826
48113013719,4240,3368,872
48113013720,5983,2742,3241
48113013721,6088,5265,823
48113013722,4062,3011,1051
48113013725,4405,2053,2352
48113013726,2939,2189,750
48113013727,3286,2713,573
48113013803,5960,4163,1797
48113013804,3428,1890,1538
48113013805,3513,2451,1062
48113013806,3338,2822,516
48113013901,3472,854,2618
48113013902,4628,2395,2233
48113014001,4033,2600,1433
48113014002,84,66,18
48113014103,3451,2045,1406
48113014113,4579,3607,972
48113014114,3317,2213,1104
48113014115,7885,4376,3509
48113014116,5130,4115,1015
48113014119,4174,3743,431
48113014120,5010,4666,344
48113014121,4929,4434,495
48113014123,5975,5513,462
48113014124,3876,3250,626
48113014126,7278,5813,1465
48113014127,8687,8257,430
48113014128,3756,3368,388
48113014129,5200,4941,259
48113014130,4627,4315,312
48113014131,4205,3417,788
48113014132,2229,2143,86
48113014133,4924,4079,845
48113014134,4212,3746,466
48113014135,4594,4106,488
48113014136,6211,5283,928
48113014137,5867,5328,539
48113014138,3957,3560,397
48113014203,3372,1842,1530
48113014204,2337,1923,414
48113014205,1617,1500,117
48113014206,5007,4090,917
48113014302,7045,3730,3315
48113014306,6001,2194,3807
48113014307,4113,2939,1174
48113014308,3809,1668,2141
48113014309,5115,2431,2684
48113014310,4600,2819,1781
48113014311,5188,4569,619
48113014312,5451,4612,839
48113014403,4560,2816,1744
48113014405,3515,1118,2397
48113014406,3911,1443,2468
48113014407,5521,2219,3302
48113014408,4391,2629,1762
48113014501,3354,1384,1970
48113014502,5008,1527,3481
48113014601,2310,892,1418
48113014602,4731,1252,3479
48113014603,1648,448,1200
48113014701,4439,910,3529
48113014702,3888,1067,2821
48113014703,1804,508,1296
48113014901,1506,236,1270
48113014902,2518,642,1876
48113015000,8232,2436,5796
48113015100,6876,2596,4280
48113015202,4029,896,3133
48113015204,7203,3759,3444
48113015205,4238,1038,3200
48113015206,4377,1912,2465
48113015303,1918,529,1389
48113015304,3989,1393,2596
48113015305,4777,2067,2710
48113015306,5313,3289,2024
48113015401,6829,4844,1985
48113015403,3188,1680,1508
48113015404,4720,1629,3091
48113015500,3427,1376,2051
48113015600,5355,796,4559
48113015700,2767,436,2331
48113015800,2382,443,1939
48113015900,3852,1748,2104
48113016001,5041,1634,3407
48113016002,3015,894,2121
48113016100,3174,1924,1250
48113016201,4497,1655,2842
48113016202,7023,2423,4600
48113016301,6852,1995,4857
48113016302,2157,861,1296
48113016401,11354,6100,5254
48113016406,5430,1946,3484
48113016407,7747,2689,5058
48113016408,7578,3299,4279
48113016409,3454,2248,1206
48113016410,5124,3739,1385
48113016411,8297,5158,3139
48113016412,4604,3726,878
48113016413,6609,4693,1916
48113016502,6940,3715,3225
48113016509,6053,4306,1747
48113016510,13689,8549,5140
48113016511,4192,3184,1008
48113016513,5181,4092,1089
48113016514,7359,5489,1870
48113016516,5505,2650,2855
48113016517,4622,2803,1819
48113016518,4905,2737,2168
48113016519,2640,1473,1167
48113016520,8114,4079,4035
48113016521,5958,4527,1431
48113016522,3350,2334,1016
48113016523,4356,3620,736
48113016605,7743,4969,2774
48113016606,7350,5755,1595
48113016607,3557,3264,293
48113016610,4490,3921,569
48113016611,5479,4397,1082
48113016612,13836,12272,1564
48113016615,4024,3265,759
48113016616,6286,4625,1661
48113016617,4434,3974,460
48113016618,4897,4396,501
48113016619,3635,2994,641
48113016620,5475,4585,890
48113016621,5970,4431,1539
48113016622,3984,3529,455
48113016623,6288,4751,1537
48113016624,3124,2705,419
48113016625,9860,7828,2032
48113016626,5408,4049,1359
48113016701,6366,5771,595
48113016703,11301,8362,2939
48113016704,4315,3189,1126
48113016705,7155,5764,1391
48113016802,3592,2740,852
48113016803,5871,5343,528
48113016804,8194,7111,1083
48113016902,6001,3775,2226
48113016903,5248,2753,2495
48113017001,9742,5765,3977
48113017003,10654,5185,5469
48113017004,8470,2754,5716
48113017101,4998,2452,2546
48113017102,5486,1811,3675
48113017201,5549,1979,3570
48113017202,8290,4245,4045
48113017301,6134,3003,3131
48113017303,7497,5270,2227
48113017304,10296,6709,3587
48113017305,10353,7790,2563
48113017306,8064,5086,2978
48113017400,5564,3787,1777
48113017500,3380,2503,877
48113017602,4107,2329,1778
48113017604,3490,1373,2117
48113017605,3941,1543,2398
48113017606,4915,2268,2647
48113017702,7722,5736,1986
48113017703,5177,3364,1813
48113017704,6358,2680,3678
48113017804,7056,3789,3267
48113017805,5525,3529,1996
48113017806,4879,2300,2579
48113017807,5865,2813,3052
48113017808,4531,3650,881
48113017811,4111,2781,1330
48113017812,2313,1532,781
48113017813,6483,4313,2170
48113017814,5658,4092,1566
48113017900,5438,2217,3221
48113018001,6193,3451,2742
48113018002,3330,1349,1981
48113018104,7230,5919,1311
48113018105,6317,2339,3978
48113018110,4901,4289,612
48113018111,6517,4115,2402
48113018118,7555,6112,1443
48113018120,5146,3297,1849
48113018121,5804,3843,1961
48113018122,14363,11267,3096
48113018123,8222,5981,2241
48113018124,18072,14774,3298
48113018126,7397,3924,3473
48113018127,3204,1496,1708
48113018128,6171,3486,2685
48113018129,4348,3309,1039
48113018130,4390,3129,1261
48113018132,5304,4135,1169
48113018133,3546,2836,710
48113018134,5597,4476,1121
48113018135,3967,2945,1022
48113018136,7716,6608,1108
48113018137,3850,3177,673
48113018138,4933,3682,1251
48113018139,8078,5825,2253
48113018140,5520,4121,1399
48113018141,4203,3170,1033
48113018142,3340,2351,989
48113018203,6635,3215,3420
48113018204,4872,1108,3764
48113018205,4626,1897,2729
48113018206,4866,1009,3857
48113018300,6480,2745,3735
48113018401,5347,2365,2982
48113018402,4625,2645,1980
48113018403,1094,479,615
48113018501,4193,1343,2850
48113018503,6251,5140,1111
48113018505,4287,2413,1874
48113018506,3327,2269,1058
48113018600,3809,1989,1820
48113018700,6953,1690,5263
48113018801,4979,1790,3189
48113018802,1071,637,434
48113018900,5911,3243,2668
48113019004,6769,3804,2965
48113019013,6019,1939,4080
48113019014,7676,3043,4633
48113019016,3541,2587,954
48113019018,5828,4381,1447
48113019019,7339,5610,1729
48113019020,5016,4405,611
48113019021,7265,4777,2488
48113019023,4945,4572,373
48113019024,4390,3539,851
48113019025,4848,4081,767
48113019026,5385,3940,1445
48113019027,5379,3958,1421
48113019028,3435,2275,1160
48113019029,5547,4186,1361
48113019031,5837,4785,1052
48113019032,4122,1032,3090
48113019033,4715,1522,3193
48113019034,4657,3976,681
48113019035,5949,3485,2464
48113019036,2978,2590,388
48113019037,3892,3034,858
48113019038,954,911,43
48113019039,6298,5270,1028
48113019040,6740,6119,621
48113019041,3058,2760,298
48113019042,5140,4304,836
48113019043,7729,7325,404
48113019100,6217,5090,1127
48113019202,5015,3218,1797
48113019203,3879,3505,374
48113019204,9240,4708,4532
48113019205,3690,3574,116
48113019206,6521,5223,1298
48113019208,6720,2186,4534
48113019210,3960,3893,67
48113019211,5526,4151,1375
48113019212,4097,267,3830
48113019213,3161,1448,1713
48113019301,3168,3074,94
48113019302,5399,4837,562
48113019400,4133,4022,111
48113019501,7130,6735,395
48113019502,4516,4286,230
48113019600,2128,2048,80
48113019700,1828,1733,95
48113019800,5030,4717,313
48113019900,4301,333,3968
48113020000,4676,4182,494
48113020100,2540,753,1787
48113020200,3882,3240,642
48113020300,2255,2120,135
48113020400,6565,5412,1153
48113020500,5452,4539,913
48113020600,2428,2221,207
48113020700,4332,3487,845
48113980000,0,0,0
48113980100,0,0,0
48115950401,4570,1877,2693
48115950402,3665,1575,2090
48115950500,3516,1427,2089
48115950600,1566,1037,529
48117950300,6080,2049,4031
48117950400,5285,1139,4146
48117950500,4018,546,3472
48117950600,3656,1847,1809
48119950100,2908,2746,162
48119950200,2318,2129,189
48121020103,11718,9626,2092
48121020104,3717,3075,642
48121020105,8347,7207,1140
48121020106,7357,6110,1247
48121020107,6318,5531,787
48121020108,16548,13985,2563
48121020109,4660,4213,447
48121020110,6013,5318,695
48121020111,4120,3536,584
48121020112,3266,2814,452
48121020113,11896,8540,3356
48121020114,10630,7266,3364
48121020115,5395,3898,1497
48121020202,9790,8088,1702
48121020203,5615,5001,614
48121020204,3855,3501,354
48121020205,1804,1474,330
48121020303,11517,10260,1257
48121020305,7480,7065,415
48121020306,6764,5682,1082
48121020307,10802,9563,1239
48121020308,11541,9457,2084
48121020309,9521,8192,1329
48121020310,3004,2904,100
48121020401,8347,6407,1940
48121020402,5164,4443,721
48121020403,3293,2824,469
48121020503,6644,4753,1891
48121020504,3194,2462,732
48121020505,6392,5700,692
48121020506,1931,1355,576
48121020601,5356,3538,1818
48121020602,9313,5513,3800
48121020700,2999,2632,367
48121020800,5223,3765,1458
48121020900,5110,3483,1627
48121021000,6240,4859,1381
48121021100,2952,2381,571
48121021201,6361,5074,1287
48121021202,4934,3105,1829
48121021301,4351,3879,472
48121021303,7918,6724,1194
48121021304,5543,4797,746
48121021305,3942,3316,626
48121021403,11762,9430,2332
48121021404,8729,7155,1574
48121021405,11177,6931,4246
48121021406,7723,5885,1838
48121021407,7165,5358,1807
48121021408,6228,5421,807
48121021409,7958,6850,1108
48121021502,4513,2665,1848
48121021505,5714,4477,1237
48121021512,4795,4525,270
48121021513,3826,3539,287
48121021514,4456,4138,318
48121021515,11141,8586,2555
48121021516,7220,5940,1280
48121021517,3036,2766,270
48121021518,3076,2853,223
48121021519,12923,10210,2713
48121021520,3963,2995,968
48121021521,4458,3456,1002
48121021522,2008,1830,178
48121021523,3784,2579,1205
48121021524,1883,1748,135
48121021525,10989,10065,924
48121021526,6791,6386,405
48121021527,6435,5944,491
48121021611,4417,3356,1061
48121021612,4012,3019,993
48121021613,5660,3636,2024
48121021614,3998,2116,1882
48121021615,4613,2448,2165
48121021616,4211,3048,1163
48121021618,4487,2452,2035
48121021619,3007,1239,1768
48121021620,2477,2008,469
48121021621,3782,3391,391
48121021622,5082,4558,524
48121021623,7327,6642,685
48121021624,7622,5692,1930
48121021625,7439,6794,645
48121021626,2475,2328,147
48121021627,7649,7165,484
48121021628,6669,5382,1287
48121021629,6547,6034,513
48121021630,5284,4126,1158
48121021631,5617,4807,810
48121021632,3621,3125,496
48121021633,4719,3837,882
48121021634,5240,4432,808
48121021635,4503,3863,640
48121021636,7337,6424,913
48121021637,4597,2978,1619
48121021638,3668,2666,1002
48121021715,4537,3948,589
48121021716,4814,3900,914
48121021717,5602,4470,1132
48121021718,10400,9542,858
48121021719,4381,4063,318
48121021720,3404,3090,314
48121021721,4024,3384,640
48121021722,4430,3684,746
48121021723,1561,1192,369
48121021724,4237,4075,162
48121021725,3683,3320,363
48121021726,3436,3107,329
48121021727,4834,4516,318
48121021728,3002,1473,1529
48121021729,3086,2547,539
48121021730,3690,3244,446
48121021731,3880,3031,849
48121021732,2272,1615,657
48121021733,3268,1970,1298
48121021734,3724,2539,1185
48121021735,3545,2863,682
48121021736,2394,2156,238
48121021737,4587,3877,710
48121021738,3052,2645,407
48121021739,3459,1980,1479
48121021740,4529,3479,1050
48121021741,2060,1445,615
48121021742,6132,4058,2074
48121021743,3913,1643,2270
48121021744,3297,1663,1634
48121021745,5552,2878,2674
48121021746,3504,3158,346
48121021747,4756,4457,299
48121021748,4604,4299,305
48121021749,3444,3345,99
48121021750,4433,4146,287
48121021751,5006,4631,375
48121021752,5272,4721,551
48121021753,5703,5138,565
48121021800,3823,3727,96
48121021900,4622,4398,224
48123970100,4157,2660,1497
48123970200,6311,3578,2733
48123970300,4291,3088,1203
48123970400,3403,2789,614
48123970500,2498,1528,970
48125950300,2237,1612,625
48127950200,8511,996,7515
48127950400,2331,506,1825
48129950200,1941,1781,160
48129950300,1565,1362,203
48131950100,4699,377,4322
48131950200,2985,642,2343
48131950500,3826,235,3591
48133950100,3691,2605,1086
48133950200,5339,4886,453
48133950300,4719,4249,470
48133950400,2166,1975,191
48133950500,2337,1685,652
48135000100,3285,1850,1435
48135000300,1725,1321,404
48135000400,4666,2393,2273
48135000500,5157,2485,2672
48135000600,6182,2410,3772
48135000700,4912,1799,3113
48135000800,3772,1263,2509
48135001000,5222,1895,3327
48135001100,6956,1506,5450
48135001300,5224,2029,3195
48135001500,5252,1232,4020
48135001600,5855,2836,3019
48135001700,7727,4693,3034
48135001800,3679,1248,2431
48135001900,5813,718,5095
48135002000,3747,591,3156
48135002200,3209,866,2343
48135002300,4063,2589,1474
48135002400,5466,3448,2018
48135002501,5509,3093,2416
48135002502,6342,3213,3129
48135002503,6398,3603,2795
48135002700,10333,3434,6899
48135002801,4963,1298,3665
48135002802,9525,3144,6381
48135002900,3579,2432,1147
48135003000,10654,6312,4342
48135003100,3962,1104,2858
48137950300,2028,928,1100
48139060101,7460,4468,2992
48139060102,7324,4404,2920
48139060204,9425,7698,1727
48139060206,6613,4561,2052
48139060207,7226,5587,1639
48139060208,4351,3678,673
48139060209,4394,3709,685
48139060210,1512,1346,166
48139060211,2975,2645,330
48139060212,4829,3976,853
48139060213,6645,5244,1401
48139060214,8269,7535,734
48139060300,4211,2836,1375
48139060400,4461,3579,882
48139060500,3252,2101,1151
48139060600,9401,7347,2054
48139060701,2224,1425,799
48139060702,4151,3368,783
48139060703,1946,1576,370
48139060801,6598,6193,405
48139060802,6975,6543,432
48139060803,1396,907,489
48139060900,6228,5037,1191
48139061000,4042,3294,748
48139061100,5365,3277,2088
48139061200,1927,1197,730
48139061300,2451,1724,727
48139061400,7730,5713,2017
48139061500,5695,2429,3266
48139061600,5947,2975,2972
48139061700,5202,3719,1483
48141000101,7519,2886,4633
48141000106,5655,2974,2681
48141000107,5645,1370,4275
48141000108,2579,951,1628
48141000109,3742,681,3061
48141000110,4213,1156,3057
48141000111,3011,1617,1394
48141000112,4297,1275,3022
48141000204,4953,1499,3454
48141000205,4147,1097,3050
48141000206,4831,996,3835
48141000207,5027,1398,3629
48141000208,4282,915,3367
48141000301,6359,1182,5177
48141000302,5647,675,4972
48141000401,6239,2624,3615
48141000403,3030,540,2490
48141000404,3859,408,3451
48141000600,4440,656,3784
48141000800,5717,263,5454
48141000900,9390,1971,7419
48141001001,3325,163,3162
48141001002,4237,179,4058
48141001104,8209,2449,5760
48141001107,7356,2266,5090
48141001109,4711,2184,2527
48141001110,5319,1749,3570
48141001111,4869,1729,3140
48141001112,4709,1402,3307
48141001113,7203,2146,5057
48141001114,5208,1222,3986
48141001115,3702,431,3271
48141001201,5157,343,4814
48141001202,5193,1199,3994
48141001203,860,81,779
48141001301,3709,1651,2058
48141001302,7303,2661,4642
48141001400,1757,279,1478
48141001501,5390,1388,4002
48141001502,2808,1363,1445
48141001600,4519,684,3835
48141001700,1210,166,1044
48141001800,1184,41,1143
48141001900,2404,7,2397
48141002000,2343,100,2243
48141002100,2390,235,2155
48141002201,3318,657,2661
48141002202,3951,340,3611
48141002300,4714,667,4047
48141002400,3209,398,2811
48141002500,5411,798,4613
48141002600,3227,161,3066
48141002800,4757,114,4643
48141002900,1463,2,1461
48141003000,3902,53,3849
48141003100,3493,25,3468
48141003200,2749,58,2691
48141003300,5021,426,4595
48141003402,6528,962,5566
48141003403,5482,1480,4002
48141003404,6400,1775,4625
48141003501,2841,213,2628
48141003502,4431,400,4031
48141003601,4362,257,4105
48141003602,2655,86,2569
48141003701,4511,207,4304
48141003702,4495,96,4399
48141003801,5462,54,5408
48141003803,2784,193,2591
48141003804,4420,111,4309
48141003901,3873,152,3721
48141003902,2707,239,2468
48141003903,6964,124,6840
48141004002,9094,303,8791
48141004003,7828,212,7616
48141004004,5610,260,5350
48141004103,6828,322,6506
48141004104,6455,364,6091
48141004105,3354,68,3286
48141004106,5203,171,5032
48141004107,1484,65,1419
48141004201,5682,346,5336
48141004202,5037,490,4547
48141004303,5886,1910,3976
48141004307,5187,1563,3624
48141004309,5832,1173,4659
48141004310,5426,734,4692
48141004311,4362,1093,3269
48141004312,5370,876,4494
48141004313,3363,684,2679
48141004314,4944,546,4398
48141004316,6624,625,5999
48141004317,3845,1301,2544
48141004318,4318,823,3495
48141004319,6072,1059,5013
48141004320,3343,316,3027
48141010101,4820,3539,1281
48141010102,5227,3840,1387
48141010103,2604,2072,532
48141010203,4881,787,4094
48141010207,7805,3502,4303
48141010210,6870,3373,3497
48141010211,2595,1458,1137
48141010212,7609,3234,4375
48141010213,7620,2942,4678
48141010214,5815,2479,3336
48141010215,7763,2187,5576
48141010216,8937,910,8027
48141010217,5337,1734,3603
48141010218,3653,938,2715
48141010219,8216,2101,6115
48141010220,4628,216,4412
48141010221,5900,455,5445
48141010222,2160,398,1762
48141010303,3660,991,2669
48141010307,6409,1005,5404
48141010311,7337,1390,5947
48141010312,4307,827,3480
48141010316,4187,521,3666
48141010317,4360,694,3666
48141010319,667,121,546
48141010322,5046,698,4348
48141010323,4463,472,3991
48141010324,8992,1360,7632
48141010325,8764,630,8134
48141010326,4960,1008,3952
48141010327,3640,401,3239
48141010328,3888,448,3440
48141010329,5092,371,4721
48141010330,11293,2115,9178
48141010331,11994,2439,9555
48141010332,8922,475,8447
48141010333,4837,91,4746
48141010334,3629,84,3545
48141010335,3913,42,3871
48141010336,6841,324,6517
48141010337,6683,738,5945
48141010338,7309,1198,6111
48141010339,9019,1632,7387
48141010340,2414,59,2355
48141010341,33153,5772,27381
48141010342,15175,2344,12831
48141010343,6795,1564,5231
48141010344,2961,53,2908
48141010345,9216,609,8607
48141010346,4549,94,4455
48141010347,4374,336,4038
48141010401,5842,229,5613
48141010404,4725,152,4573
48141010405,6452,280,6172
48141010406,3206,20,3186
48141010407,6868,12,6856
48141010408,4161,139,4022
48141010409,6626,119,6507
48141010501,4255,175,4080
48141010502,1755,173,1582
48141010504,1423,21,1402
48141010505,3465,155,3310
48141010506,3450,20,3430
48141010600,6141,4713,1428
48141980000,0,0,0
48143950100,3093,2961,132
48143950201,3630,2693,937
48143950202,7286,6271,1015
48143950300,5699,3337,2362
48143950400,6759,5747,1012
48143950500,8289,6724,1565
48143950600,3600,3000,600
48143950700,2285,1691,594
48145000200,2505,1858,647
48145000300,3461,2151,1310
48145000400,2131,1721,410
48145000500,2466,2092,374
48145000700,2697,2162,535
48145000800,4005,3394,611
48147950100,3152,2744,408
48147950300,2938,2864,74
48147950401,4807,3674,1133
48147950402,5880,5291,589
48147950500,2662,2584,78
48147950600,2353,2215,138
48147950701,4668,4367,301
48147950702,3329,2874,455
48147950800,3968,3628,340
48149970100,1918,1764,154
48149970200,2316,2128,188
48149970300,5805,4047,1758
48149970400,3571,3193,378
48149970500,4219,2850,1369
48149970600,5063,4090,973
48149970700,2017,1884,133
48151950300,1729,1243,486
48151950400,2118,1401,717
48153950500,2364,1107,1257
48153950600,3724,1502,2222
48155950100,1320,1104,216
48157670101,7333,2496,4837
48157670102,3556,2107,1449
48157670200,8356,4819,3537
48157670300,3846,2917,929
48157670400,5396,4536,860
48157670500,4231,3372,859
48157670601,9292,7968,1324
48157670602,2028,1356,672
48157670700,5013,4225,788
48157670800,16795,10394,6401
48157670901,12310,11130,1180
48157670902,6455,4485,1970
48157671001,5625,4885,740
48157671002,6703,4891,1812
48157671100,8639,5435,3204
48157671200,6511,4744,1767
48157671300,4279,2629,1650
48157671400,8523,6542,1981
48157671501,7846,6748,1098
48157671502,1799,1677,122
48157671601,6728,5982,746
48157671602,3574,3311,263
48157671700,4784,4356,428
48157671800,3179,2510,669
48157671900,3982,3007,975
48157672001,8161,7045,1116
48157672002,6473,5453,1020
48157672100,3802,3557,245
48157672200,3032,2455,577
48157672301,7884,6053,1831
48157672302,9049,7451,1598
48157672400,9518,6090,3428
48157672500,7603,5013,2590
48157672601,9986,4640,5346
48157672602,6623,4393,2230
48157672701,15298,10719,4579
48157672702,7004,5607,1397
48157672800,7783,6420,1363
48157672900,43074,33043,10031
48157673001,7959,7122,837
48157673002,9321,7126,2195
48157673003,12480,10540,1940
48157673101,61133,48042,13091
48157673102,16572,13535,3037
48157673200,11929,10030,1899
48157673300,6152,5476,676
48157673400,21048,18950,2098
48157673500,7740,6513,1227
48157673600,7535,6247,1288
48157673700,2454,1765,689
48157673800,9684,7962,1722
48157673901,8793,8128,665
48157673902,10919,10486,433
48157674000,8119,7327,792
48157674100,7225,6574,651
48157674200,5494,5130,364
48157674300,8850,8160,690
48157674400,16122,15240,882
48157674501,10513,9770,743
48157674502,18836,15295,3541
48157674601,3672,3352,320
48157674602,7736,6516,1220
48157674603,5919,3962,1957
48157674604,4859,4027,832
48157674700,13868,10780,3088
48157674800,5627,2262,3365
48157674900,6265,1397,4868
48157675000,3413,929,2484
48157675100,9736,4835,4901
48157675200,5757,1537,4220
48157675300,6666,2956,3710
48157675400,7759,3410,4349
48157675500,15293,9268,6025
48157675600,6569,4100,2469
48157675700,6480,4647,1833
48157675800,3186,1834,1352
48159950100,4992,4718,274
48159950200,2753,2391,362
48159950300,2826,2017,809
48161000100,5315,4628,687
48161000200,1132,951,181
48161000300,1191,965,226
48161000400,2359,2202,157
48161000600,4900,4259,641
48161000700,3115,2448,667
48161000900,1573,1310,263
48163950100,6486,1692,4794
48163950200,6966,714,6252
48163950300,5090,1608,3482
48165950100,4049,1142,2907
48165950200,9216,7389,1827
48165950300,6220,3212,3008
48167720100,5616,4960,656
48167720200,4855,4241,614
48167720301,2206,1787,419
48167720302,7752,6411,1341
48167720400,6714,6054,660
48167720501,4258,3726,532
48167720502,11762,9339,2423
48167720503,15583,12751,2832
48167720600,13319,9929,3390
48167720700,11247,8364,2883
48167720800,3710,3023,687
48167720900,6064,3924,2140
48167721000,1933,1425,508
48167721100,11183,6049,5134
48167721201,19531,16032,3499
48167721202,5113,4249,864
48167721300,5288,4248,1040
48167721400,7884,6933,951
48167721500,7239,6503,736
48167721600,2036,1383,653
48167721700,8085,5091,2994
48167721800,4594,3357,1237
48167721900,10309,7385,2924
48167722001,5149,3539,1610
48167722002,3762,2430,1332
48167722100,7059,4909,2150
48167722200,3269,2445,824
48167722300,6138,3417,2721
48167722600,2260,1724,536
48167722700,4403,4216,187
48167722800,2392,1512,880
48167722900,2725,1506,1219
48167723000,3569,2971,598
48167723100,3539,2825,714
48167723200,3964,2668,1296
48167723300,6260,5357,903
48167723400,6881,6023,858
48167723501,1162,1060,102
48167723502,9536,8206,1330
48167723600,4767,3822,945
48167723700,2102,1527,575
48167723800,4171,3778,393
48167723900,2154,1805,349
48167724000,3519,2702,817
48167724101,1107,804,303
48167724200,2962,2593,369
48167724300,3263,2591,672
48167724400,3081,2275,806
48167724500,868,733,135
48167724600,1974,1483,491
48167724700,1781,1250,531
48167724800,1268,1024,244
48167724900,1915,1206,709
48167725000,1918,1146,772
48167725100,1947,1157,790
48167725200,1954,955,999
48167725300,2354,1319,1035
48167725400,3391,1530,1861
48167725500,1024,847,177
48167725600,3743,2556,1187
48167725700,2397,1772,625
48167725800,3950,2850,1100
48167725900,2555,2054,501
48167726000,1350,1117,233
48167726100,2111,1902,209
48167726200,2510,1634,876
48167990000,0,0,0
48169950100,6614,2962,3652
48171950100,3662,3004,658
48171950200,4299,3739,560
48171950300,7158,5728,1430
48171950400,6793,4921,1872
48171950500,3820,2727,1093
48173950100,1253,786,467
48175960100,4057,2831,1226
48175960200,3406,1998,1408
48177000100,3601,1803,1798
48177000200,4612,2607,2005
48177000300,3512,1818,1694
48177000400,2259,932,1327
48177000500,4055,1579,2476
48177000600,2331,1523,808
48179950100,4913,4180,733
48179950300,4554,3858,696
48179950400,4123,3252,871
48179950500,3158,2154,1004
48179950600,2140,1189,951
48179950700,2161,1289,872
48179950800,1979,806,1173
48181000101,4605,4188,417
48181000102,3044,2982,62
48181000200,2434,2321,113
48181000302,4709,4268,441
48181000303,4258,4079,179
48181000304,3325,3208,117
48181000400,3382,3006,376
48181000501,3575,3285,290
48181000502,1248,988,260
48181000600,3557,3311,246
48181000700,4002,3607,395
48181000800,5586,4983,603
48181000901,3717,3689,28
48181000902,6747,6155,592
48181001101,4305,4007,298
48181001102,7165,6526,639
48181001200,5821,5348,473
48181001300,3626,3367,259
48181001400,5168,3752,1416
48181001500,7440,4813,2627
48181001700,4798,3908,890
48181001801,6431,5654,777
48181001802,5410,4964,446
48181001803,5939,5400,539
48181001900,10603,9173,1430
48181002000,3336,1893,1443
48183000200,5878,4827,1051
48183000300,4671,4132,539
48183000401,3537,3307,230
48183000402,3295,3000,295
48183000501,5515,5299,216
48183000502,4778,4209,569
48183000600,7554,7155,399
48183000700,5129,4196,933
48183000800,7966,5453,2513
48183000900,3210,2311,899
48183001000,2746,1482,1264
48183001100,4121,3301,820
48183001200,3019,1604,1415
48183001300,4313,2507,1806
48183001400,3806,2665,1141
48183001500,4787,3735,1052
48183010100,6041,5291,750
48183010200,7680,6869,811
48183010301,5388,4577,811
48183010302,5656,5007,649
48183010400,8070,6803,1267
48183010500,5092,4471,621
48183010600,6238,5795,443
48183010700,4793,3262,1531
48183980000,0,0,0
48185180101,5593,3297,2296
48185180102,4234,3368,866
48185180200,6739,5172,1567
48185180301,5322,4561,761
48185180302,3219,2949,270
48185180400,2033,1543,490
48187210100,4820,1378,3442
48187210200,4451,904,3547
48187210300,5830,2491,3339
48187210400,4597,2960,1637
48187210504,6438,3559,2879
48187210505,5308,733,4575
48187210506,2956,1835,1121
48187210507,6108,4040,2068
48187210508,2706,1619,1087
48187210603,1831,1213,618
48187210604,10256,6790,3466
48187210606,3153,2292,861
48187210607,8900,6372,2528
48187210608,4239,2092,2147
48187210705,3895,3041,854
48187210706,5708,3675,2033
48187210707,5444,3947,1497
48187210708,6353,4636,1717
48187210709,4627,3493,1134
48187210710,3923,2806,1117
48187210711,3406,2639,767
48187210712,5134,3979,1155
48187210713,5398,3837,1561
48187210714,9437,5815,3622
48187210801,4909,3555,1354
48187210803,3977,2993,984
48187210804,4721,3732,989
48187210901,5014,3846,1168
48187210902,3774,2629,1145
48189950100,4785,1254,3531
48189950200,3733,875,2858
48189950300,5908,3419,2489
48189950400,5138,2054,3084
48189950500,3529,925,2604
48189950600,4361,2553,1808
48189950700,3205,1213,1992
48189950800,1488,750,738
48189950900,2860,1536,1324
48191950500,3162,2087,1075
48193950100,2932,2477,455
48193950200,2113,1971,142
48193950300,3187,2837,350
48195950100,1650,882,768
48195950300,3902,2136,1766
48197950100,3952,3041,911
48199030100,3070,3012,58
48199030200,5768,5651,117
48199030300,10950,10132,818
48199030400,2393,2046,347
48199030501,4541,4497,44
48199030502,8043,7680,363
48199030600,4100,3808,292
48199030700,4150,3724,426
48199030800,4258,4030,228
48199030900,4434,4369,65
48199031000,3917,3796,121
48201100000,4621,3545,1076
48201210100,5620,3532,2088
48201210400,4766,1484,3282
48201210500,5451,1165,4286
48201210600,5432,1337,4095
48201210700,2429,353,2076
48201210800,2808,1036,1772
48201210900,1439,1160,279
48201211000,2149,1114,1035
48201211100,5880,3057,2823
48201211200,2619,1720,899
48201211300,5483,3325,2158
48201211400,4061,2609,1452
48201211500,7121,343,6778
48201211600,2709,592,2117
48201211700,3727,2295,1432
48201211900,5056,323,4733
48201212300,5745,578,5167
48201212400,3079,231,2848
48201212500,3714,1719,1995
48201220100,2204,1030,1174
48201220200,2637,239,2398
48201220300,4474,442,4032
48201220400,4217,315,3902
48201220500,3963,1230,2733
48201220600,3519,719,2800
48201220700,5993,1448,4545
48201220800,2740,1587,1153
48201220900,1684,164,1520
48201221000,3910,643,3267
48201221100,3557,507,3050
48201221200,6785,543,6242
48201221300,9013,654,8359
48201221400,5972,617,5355
48201221500,9175,1358,7817
48201221600,9728,1048,8680
48201221700,8132,780,7352
48201221800,4151,326,3825
48201221900,4347,233,4114
48201222000,2493,412,2081
48201222100,5529,780,4749
48201222200,3481,513,2968
48201222300,4488,597,3891
48201222401,3053,319,2734
48201222402,6617,898,5719
48201222501,3810,182,3628
48201222502,4093,690,3403
48201222503,7462,677,6785
48201222600,4984,986,3998
48201222700,5422,4053,1369
48201222800,2878,385,2493
48201222900,8369,856,7513
48201223001,4381,611,3770
48201223002,4193,448,3745
48201223100,2173,733,1440
48201230100,1236,992,244
48201230200,4808,4130,678
48201230300,2113,1395,718
48201230400,3246,1433,1813
48201230500,3500,867,2633
48201230600,2804,1715,1089
48201230700,2490,1739,751
48201230800,2361,1639,722
48201230900,3526,2689,837
48201231000,3835,2314,1521
48201231100,4750,1697,3053
48201231200,7915,6106,1809
48201231300,4367,3558,809
48201231400,2604,2354,250
48201231500,3071,2821,250
48201231600,2627,2132,495
48201231700,3414,331,3083
48201231800,2705,894,1811
48201231900,6715,5902,813
48201232000,4305,2006,2299
48201232100,3196,897,2299
48201232200,15112,9633,5479
48201232301,9812,3835,5977
48201232302,11129,4790,6339
48201232401,8920,4201,4719
48201232402,3952,1692,2260
48201232403,4682,1722,2960
48201232500,3918,1442,2476
48201232600,2971,722,2249
48201232701,8514,2288,6226
48201232702,6258,1943,4315
48201232800,6097,2799,3298
48201232900,7234,4341,2893
48201233001,3920,2543,1377
48201233002,4202,2404,1798
48201233003,2371,1200,1171
48201233101,4285,1064,3221
48201233102,7330,697,6633
48201233103,5330,592,4738
48201233200,5821,1751,4070
48201233300,5285,347,4938
48201233400,2826,605,2221
48201233500,7927,920,7007
48201233600,2160,1233,927
48201233701,5479,1091,4388
48201233702,3185,322,2863
48201233703,2431,364,2067
48201240100,4128,1757,2371
48201240400,7409,3452,3957
48201240501,5804,2442,3362
48201240502,4832,2683,2149
48201240600,2806,1107,1699
48201240701,15059,8454,6605
48201240702,13847,6123,7724
48201240801,6714,3351,3363
48201240802,4975,2960,2015
48201240901,10555,6625,3930
48201240902,13292,8064,5228
48201241000,9093,5997,3096
48201241101,4591,3096,1495
48201241102,12656,8990,3666
48201241103,4269,2834,1435
48201241200,7819,4651,3168
48201241300,11670,8953,2717
48201241400,9199,6662,2537
48201241500,9304,4804,4500
48201250100,8660,4917,3743
48201250200,9593,4943,4650
48201250301,8739,6233,2506
48201250302,11236,7214,4022
48201250401,12257,8601,3656
48201250402,18546,14731,3815
48201250500,5670,4607,1063
48201250600,7484,4125,3359
48201250701,5855,4149,1706
48201250702,4779,3894,885
48201250800,8520,7576,944
48201250900,10055,9227,828
48201251000,3216,2663,553
48201251100,7766,6773,993
48201251200,6208,5147,1061
48201251300,7359,6575,784
48201251401,2671,2288,383
48201251402,6117,5118,999
48201251501,5749,4873,876
48201251502,10517,9319,1198
48201251503,2237,2029,208
48201251600,5882,5295,587
48201251700,7705,6457,1248
48201251800,2276,1640,636
48201251901,10306,7728,2578
48201251902,5186,4505,681
48201252000,17373,12087,5286
48201252100,2075,1326,749
48201252200,7959,3078,4881
48201252301,9724,4593,5131
48201252302,12591,5036,7555
48201252400,6781,1703,5078
48201252500,4281,1562,2719
48201252600,7984,2512,5472
48201252700,4086,2884,1202
48201252800,7522,5343,2179
48201252900,8012,5373,2639
48201253000,4244,2704,1540
48201253100,10162,5830,4332
48201253200,10891,6763,4128
48201253300,3596,2423,1173
48201253400,665,324,341
48201253500,7984,4587,3397
48201253600,5588,3496,2092
48201253700,6227,3442,2785
48201253800,8536,4536,4000
48201253900,4337,2789,1548
48201254000,4245,2526,1719
48201254100,5862,2788,3074
48201254200,2652,605,2047
48201254300,5333,2470,2863
48201254400,3002,763,2239
48201254500,2041,506,1535
48201254600,4140,1171,2969
48201254700,2457,1760,697
48201310100,5302,2901,2401
48201310200,1697,1338,359
48201310300,4508,1228,3280
48201310400,3415,184,3231
48201310500,4726,413,4313
48201310600,5600,589,5011
48201310700,3911,696,3215
48201310800,2435,203,2232
48201310900,5445,237,5208
48201311000,6982,217,6765
48201311100,5857,67,5790
48201311200,5140,555,4585
48201311300,4756,403,4353
48201311400,1517,210,1307
48201311500,7266,481,6785
48201311600,4232,388,3844
48201311700,5741,921,4820
48201311800,4680,262,4418
48201311900,2453,228,2225
48201312000,6006,5254,752
48201312100,3140,2675,465
48201312200,2262,1978,284
48201312300,1844,1446,398
48201312400,2262,1770,492
48201312500,3513,2834,679
48201312600,7310,5947,1363
48201312700,2083,1991,92
48201312800,2430,2317,113
48201312900,3823,3499,324
48201313000,2617,2414,203
48201313100,3203,2759,444
48201313200,4147,3839,308
48201313300,2537,2293,244
48201313400,3177,2442,735
48201313500,2647,2171,476
48201313600,4358,3080,1278
48201313700,2447,2216,231
48201313800,4650,3958,692
48201313900,4488,3773,715
48201314001,2888,2513,375
48201314002,7163,6821,342
48201314300,4485,4108,377
48201314400,3500,3268,232
48201320100,2788,402,2386
48201320200,6446,1005,5441
48201320500,4477,434,4043
48201320601,2578,373,2205
48201320602,4517,480,4037
48201320700,4036,1167,2869
48201320800,5318,403,4915
48201320900,7444,1410,6034
48201321000,9539,2201,7338
48201321100,8042,2608,5434
48201321200,3117,572,2545
48201321300,6669,998,5671
48201321401,4658,545,4113
48201321402,4475,669,3806
48201321500,3023,333,2690
48201321600,6591,1211,5380
48201321700,3427,545,2882
48201321800,4142,375,3767
48201321900,6108,748,5360
48201322000,5711,673,5038
48201322100,4244,643,3601
48201322200,1639,203,1436
48201322600,5625,1914,3711
48201322700,7615,1579,6036
48201322800,6123,928,5195
48201322900,4090,377,3713
48201323000,6813,866,5947
48201323100,3950,994,2956
48201323200,5322,1387,3935
48201323300,3875,829,3046
48201323400,7948,1884,6064
48201323500,5700,1368,4332
48201323600,8064,3607,4457
48201323701,4334,2366,1968
48201323702,3269,1190,2079
48201323801,3588,1335,2253
48201323802,5105,1400,3705
48201323900,3950,1617,2333
48201324000,5596,2846,2750
48201324100,5453,738,4715
48201324200,1487,50,1437
48201330100,9188,3766,5422
48201330200,4203,2057,2146
48201330301,8307,2630,5677
48201330302,6369,2777,3592
48201330303,3893,2172,1721
48201330400,4818,2313,2505
48201330500,4692,2131,2561
48201330600,6759,3757,3002
48201330700,9199,3649,5550
48201330800,12001,7885,4116
48201330900,9949,5535,4414
48201331100,3598,3098,500
48201331200,2940,2818,122
48201331300,5598,4779,819
48201331400,2278,2227,51
48201331500,8936,7818,1118
48201331601,6776,6300,476
48201331602,1812,1359,453
48201331700,4033,3318,715
48201331800,4437,3664,773
48201331900,3064,2642,422
48201332000,5731,4233,1498
48201332100,3321,1332,1989
48201332200,4890,2781,2109
48201332300,2947,2328,619
48201332400,3740,3213,527
48201332500,2685,1620,1065
48201332600,7774,2926,4848
48201332700,2362,146,2216
48201332800,5170,983,4187
48201332900,4958,738,4220
48201333000,3456,465,2991
48201333100,4277,2248,2029
48201333201,5078,1464,3614
48201333202,5858,2973,2885
48201333300,10763,2316,8447
48201333500,6374,1614,4760
48201333600,3701,1036,2665
48201333700,3187,574,2613
48201333800,10198,2768,7430
48201333901,9759,4800,4959
48201333902,8838,3509,5329
48201334001,3265,1851,1414
48201334002,2370,1743,627
48201334003,6608,3613,2995
48201334100,12269,9079,3190
48201340100,6686,3981,2705
48201340201,1672,1397,275
48201340202,5066,4294,772
48201340203,4546,3938,608
48201340301,4132,3754,378
48201340302,7308,6399,909
48201340400,1419,1296,123
48201340500,7143,5290,1853
48201340600,2622,2352,270
48201340700,8439,5514,2925
48201340800,5879,5295,584
48201340900,4760,2898,1862
48201341000,7155,5312,1843
48201341100,4008,2686,1322
48201341201,4121,3230,891
48201341202,5076,4027,1049
48201341301,5271,4470,801
48201341302,3128,2066,1062
48201341400,5081,4424,657
48201341501,6618,5848,770
48201341502,4250,3737,513
48201341600,6331,5211,1120
48201341700,2953,2356,597
48201341800,1919,1490,429
48201342001,6942,5293,1649
48201342002,3477,2205,1272
48201342100,3961,1886,2075
48201342200,3494,1632,1862
48201342300,7594,3350,4244
48201342400,3585,1458,2127
48201342500,5857,4709,1148
48201342700,5112,4063,1049
48201342800,9079,6437,2642
48201342900,5935,4452,1483
48201343000,7803,4896,2907
48201343100,4643,3385,1258
48201343200,5145,3246,1899
48201343301,4675,3197,1478
48201343302,4935,3496,1439
48201343600,3255,2111,1144
48201343700,3174,2093,1081
48201350100,16609,11822,4787
48201350200,8779,3444,5335
48201350300,6580,4156,2424
48201350400,6342,3185,3157
48201350500,7793,3826,3967
48201350601,4319,3331,988
48201350602,9099,7308,1791
48201350700,2393,1803,590
48201350801,5092,3726,1366
48201350802,8018,6255,1763
48201410100,4145,3382,763
48201410200,5458,4716,742
48201410300,2748,2466,282
48201410401,4047,3670,377
48201410402,2433,1857,576
48201410500,4546,3818,728
48201410600,3747,3368,379
48201410701,4175,3763,412
48201410702,2944,2511,433
48201410800,4057,3544,513
48201410900,2636,2028,608
48201411000,5094,4702,392
48201411100,3639,3162,477
48201411200,1888,1768,120
48201411300,3396,2846,550
48201411400,2728,2669,59
48201411501,5902,5013,889
48201411502,3695,3294,401
48201411600,2481,2128,353
48201411700,2823,2198,625
48201411800,4975,4361,614
48201411900,3458,3199,259
48201412000,3600,3376,224
48201412100,2703,2280,423
48201412200,5794,5355,439
48201412300,6917,6569,348
48201412400,4613,4307,306
48201412500,1746,1569,177
48201412600,4053,3835,218
48201412700,3478,3064,414
48201412800,5345,4883,462
48201412900,4606,3884,722
48201413000,4037,3456,581
48201413100,3332,2961,371
48201413201,2875,2491,384
48201413202,3325,2854,471
48201413300,7224,6245,979
48201420100,3048,2001,1047
48201420200,2605,1514,1091
48201420300,3562,3257,305
48201420400,3438,2738,700
48201420500,3935,1146,2789
48201420600,2286,1789,497
48201420700,3274,2846,428
48201420800,2386,2259,127
48201420900,6633,6258,375
48201421000,2746,2486,260
48201421101,3392,1425,1967
48201421102,5281,1438,3843
48201421201,4570,1424,3146
48201421202,4418,422,3996
48201421300,6977,3737,3240
48201421401,3627,742,2885
48201421402,3496,470,3026
48201421403,3903,567,3336
48201421500,6027,2882,3145
48201421600,7261,1584,5677
48201421700,4708,3113,1595
48201421800,5509,4458,1051
48201421900,2656,2384,272
48201422000,2791,2409,382
48201422100,5353,2975,2378
48201422200,5063,3260,1803
48201422301,7843,5838,2005
48201422302,2272,1903,369
48201422401,4214,2881,1333
48201422402,5750,1942,3808
48201422500,8026,4087,3939
48201422600,7241,3940,3301
48201422701,5166,1231,3935
48201422702,2874,1134,1740
48201422800,4213,2284,1929
48201422900,4671,1764,2907
48201423000,5795,2050,3745
48201423100,2587,672,1915
48201423201,3294,1854,1440
48201423202,8731,5001,3730
48201423301,4738,3704,1034
48201423302,5142,4093,1049
48201423401,5744,4484,1260
48201423402,4455,3680,775
48201423500,2177,1628,549
48201423600,7418,5523,1895
48201430100,6435,5555,880
48201430200,1636,1437,199
48201430300,4688,4389,299
48201430400,3294,2965,329
48201430500,2673,2337,336
48201430600,3909,3596,313
48201430700,3420,3226,194
48201430800,5265,4616,649
48201430900,6183,5826,357
48201431000,5860,5063,797
48201431101,3366,2472,894
48201431102,3910,3070,840
48201431201,3854,3223,631
48201431202,4748,3924,824
48201431301,5053,3424,1629
48201431302,3946,3579,367
48201431401,1908,1483,425
48201431402,3513,2600,913
48201431501,3820,3499,321
48201431502,3538,3311,227
48201431600,3095,2796,299
48201431700,4876,4475,401
48201431801,3645,3381,264
48201431802,4295,2930,1365
48201431900,3444,2938,506
48201432001,3586,2711,875
48201432002,4549,2205,2344
48201432100,5626,3953,1673
48201432200,4431,2730,1701
48201432300,7767,4906,2861
48201432400,5989,4397,1592
48201432500,5790,2547,3243
48201432600,2221,1425,796
48201432701,6542,859,5683
48201432702,3507,1963,1544
48201432801,5019,1963,3056
48201432802,6154,2282,3872
48201432901,3193,650,2543
48201432902,6768,2464,4304
48201433001,5779,1831,3948
48201433002,4559,1539,3020
48201433003,5967,3178,2789
48201433100,3888,1199,2689
48201433201,5449,3665,1784
48201433202,5047,1993,3054
48201433300,5221,3066,2155
48201433400,4891,2085,2806
48201433501,5658,929,4729
48201433502,7627,1723,5904
48201433600,5585,2591,2994
48201440100,7064,4116,2948
48201450100,1900,1689,211
48201450200,4858,4626,232
48201450300,7709,5158,2551
48201450400,5033,3823,1210
48201450500,2972,2715,257
48201450600,4380,3571,809
48201450700,6860,6469,391
48201450801,1812,1438,374
48201450802,8595,4761,3834
48201450900,2825,2398,427
48201451001,5496,4158,1338
48201451002,5307,3486,1821
48201451100,4357,3570,787
48201451200,2876,2484,392
48201451300,6944,5667,1277
48201451401,3286,2498,788
48201451402,4755,2973,1782
48201451403,4798,3788,1010
48201451500,4688,3793,895
48201451601,6538,5486,1052
48201451602,8650,6836,1814
48201451700,4175,3144,1031
48201451800,5766,4007,1759
48201451901,7615,5796,1819
48201451902,2528,2371,157
48201452000,8936,5143,3793
48201452100,9392,7387,2005
48201452201,4960,3701,1259
48201452202,2467,2046,421
48201452300,2680,1414,1266
48201452400,8137,3564,4573
48201452500,8839,5399,3440
48201452600,8758,6365,2393
48201452700,11742,7667,4075
48201452801,5531,3774,1757
48201452802,6345,3235,3110
48201452900,4412,1865,2547
48201453000,9134,2673,6461
48201453100,4364,1918,2446
48201453200,8560,3226,5334
48201453300,2780,1767,1013
48201453401,3194,1555,1639
48201453402,8232,4862,3370
48201453403,4100,2576,1524
48201453501,6584,3826,2758
48201453502,3807,1812,1995
48201453601,2312,1005,1307
48201453602,8253,4538,3715
48201453700,9373,5158,4215
48201453800,4239,2098,2141
48201453900,10131,7184,2947
48201454000,5273,3338,1935
48201454100,3736,2464,1272
48201454200,4845,2462,2383
48201454301,12351,8439,3912
48201454302,6859,3627,3232
48201454400,538,423,115
48201454501,8583,7710,873
48201454502,2666,2398,268
48201454600,4951,3225,1726
48201454700,6516,5294,1222
48201454800,7511,5319,2192
48201454900,11981,9617,2364
48201455000,2987,2193,794
48201455101,7458,5161,2297
48201455102,2827,2345,482
48201455200,4569,3270,1299
48201455300,5506,4017,1489
48201510100,2547,1438,1109
48201510200,5895,4260,1635
48201510300,5265,4507,758
48201510400,3708,3215,493
48201510500,3112,2452,660
48201510600,5252,4243,1009
48201510700,4295,3511,784
48201510800,8118,6709,1409
48201510900,6962,4590,2372
48201511001,2857,2118,739
48201511002,4088,3031,1057
48201511100,3441,2407,1034
48201511200,5281,3693,1588
48201511301,3818,3057,761
48201511302,4042,3412,630
48201511400,3343,2251,1092
48201511500,6624,3861,2763
48201511600,3634,1019,2615
48201520100,2087,1290,797
48201520200,3857,2668,1189
48201520300,5380,2146,3234
48201520400,3082,837,2245
48201520500,9445,1826,7619
48201520601,2444,468,1976
48201520602,6057,872,5185
48201520700,4312,2805,1507
48201521000,2123,857,1266
48201521100,2284,334,1950
48201521200,6943,1214,5729
48201521300,5923,1639,4284
48201521400,7630,313,7317
48201521500,5920,2111,3809
48201521600,3744,1108,2636
48201521700,6827,2834,3993
48201521800,5228,2756,2472
48201521900,7787,3784,4003
48201522000,4777,1901,2876
48201522100,7212,3292,3920
48201522201,4401,1456,2945
48201522202,4324,1473,2851
48201522301,4084,1628,2456
48201522302,4164,1780,2384
48201522401,5742,3187,2555
48201522402,3524,1626,1898
48201522500,4950,4544,406
48201530100,6464,1549,4915
48201530200,3882,2606,1276
48201530300,2387,1268,1119
48201530400,2726,1385,1341
48201530500,5246,1839,3407
48201530600,4062,1365,2697
48201530700,5585,2187,3398
48201530800,3728,2967,761
48201530900,4420,2721,1699
48201531000,3621,2600,1021
48201531100,2849,2106,743
48201531200,3517,2076,1441
48201531300,6468,1765,4703
48201531400,2086,1297,789
48201531500,2716,1679,1037
48201531600,3237,1899,1338
48201531700,3280,2383,897
48201531800,2286,1532,754
48201531900,4307,3252,1055
48201532001,5919,3625,2294
48201532002,1038,769,269
48201532100,6756,2726,4030
48201532200,3594,1602,1992
48201532300,6860,3460,3400
48201532400,6571,2457,4114
48201532501,9353,2894,6459
48201532502,5592,1497,4095
48201532600,6501,3290,3211
48201532700,5491,3339,2152
48201532800,1712,707,1005
48201532900,5694,3051,2643
48201533000,2599,1719,880
48201533100,7465,5571,1894
48201533200,3630,2653,977
48201533300,6306,5532,774
48201533400,11643,5300,6343
48201533500,4138,1310,2828
48201533600,5392,1957,3435
48201533701,6054,1159,4895
48201533702,3551,849,2702
48201533801,9771,3435,6336
48201533802,6812,1785,5027
48201533901,9739,3928,5811
48201533902,4898,2063,2835
48201534001,2897,747,2150
48201534002,5935,1797,4138
48201534003,2763,1386,1377
48201534100,8347,3736,4611
48201534201,2547,1315,1232
48201534202,8805,6147,2658
48201534203,1929,833,1096
48201540100,12118,8807,3311
48201540200,3158,1262,1896
48201540501,6218,2375,3843
48201540502,5203,3591,1612
48201540601,4393,2677,1716
48201540602,7702,4124,3578
48201540700,7391,4415,2976
48201540800,7648,2994,4654
48201540901,2476,2049,427
48201540902,7071,5183,1888
48201541001,11563,8127,3436
48201541002,8874,7143,1731
48201541003,14902,11658,3244
48201541100,7094,5706,1388
48201541201,8324,6526,1798
48201541202,8708,5483,3225
48201541203,2766,2371,395
48201541300,13447,5829,7618
48201541400,16014,9557,6457
48201541500,5071,2990,2081
48201541601,5363,4221,1142
48201541602,10059,4632,5427
48201541700,11346,7008,4338
48201541800,6213,3923,2290
48201541900,6744,4371,2373
48201542000,15430,9053,6377
48201542101,20893,10812,10081
48201542102,16351,10293,6058
48201542200,21013,9717,11296
48201542301,14054,6727,7327
48201542302,7969,4204,3765
48201542400,11121,5305,5816
48201542500,2829,2543,286
48201542600,5565,3771,1794
48201542700,5033,3353,1680
48201542800,7537,5180,2357
48201542900,15114,9244,5870
48201543001,12087,9112,2975
48201543002,16271,13543,2728
48201543003,20031,9402,10629
48201543100,3348,1665,1683
48201543200,7247,4150,3097
48201550100,5264,2982,2282
48201550200,4055,2870,1185
48201550301,8028,5528,2500
48201550302,11198,7798,3400
48201550401,13783,7307,6476
48201550402,10486,8245,2241
48201550500,6141,3401,2740
48201550601,7061,3788,3273
48201550602,2988,1564,1424
48201550603,5631,2010,3621
48201550700,3163,1814,1349
48201550800,3384,1997,1387
48201550900,8669,4375,4294
48201551000,3707,997,2710
48201551100,10372,6228,4144
48201551200,7087,4600,2487
48201551300,4088,2834,1254
48201551400,5298,3781,1517
48201551500,8063,5448,2615
48201551600,8945,4532,4413
48201551701,9127,6305,2822
48201551702,3965,3395,570
48201551703,7242,5073,2169
48201551800,4488,3861,627
48201551900,6249,4096,2153
48201552001,9157,6554,2603
48201552002,1435,1289,146
48201552101,3855,3006,849
48201552102,6296,4924,1372
48201552103,3186,2455,731
48201552200,6622,4823,1799
48201552301,4030,3644,386
48201552302,5268,4185,1083
48201552400,7596,5396,2200
48201552500,11208,6722,4486
48201552601,5696,4416,1280
48201552602,6128,5511,617
48201552700,8169,6333,1836
48201552800,9056,7757,1299
48201552900,8207,7618,589
48201553001,5807,4337,1470
48201553002,4954,3395,1559
48201553100,6237,4204,2033
48201553200,6415,5030,1385
48201553300,6487,4338,2149
48201553401,4298,3361,937
48201553402,8086,6708,1378
48201553403,6532,5063,1469
48201553500,5974,4475,1499
48201553600,7165,5717,1448
48201553700,3964,3301,663
48201553801,3060,2461,599
48201553802,8322,6979,1343
48201553900,8278,7138,1140
48201554001,3690,2835,855
48201554002,4392,3767,625
48201554101,1408,1218,190
48201554102,10069,8166,1903
48201554200,8803,5959,2844
48201554301,7089,6246,843
48201554302,5025,4239,786
48201554401,15318,12490,2828
48201554402,15002,12697,2305
48201554403,11049,8446,2603
48201554501,5706,4788,918
48201554502,6600,5719,881
48201554600,4482,4055,427
48201554700,7837,6873,964
48201554801,17391,11711,5680
48201554802,17848,15073,2775
48201554901,9321,6534,2787
48201554902,6912,5830,1082
48201554903,11966,9883,2083
48201555000,7825,6029,1796
48201555100,9360,7136,2224
48201555200,6514,4120,2394
48201555301,862,738,124
48201555302,17989,13959,4030
48201555303,6783,5118,1665
48201555401,2801,2099,702
48201555402,7844,5935,1909
48201555501,5302,3234,2068
48201555502,22567,17752,4815
48201555600,6230,4560,1670
48201555701,8419,6968,1451
48201555702,11726,9953,1773
48201556000,7958,5033,2925
48201980000,9,9,0
48201980100,900,516,384
48203020102,5915,5187,728
48203020103,4570,4018,552
48203020104,3697,3277,420
48203020200,6845,6750,95
48203020301,4658,4077,581
48203020302,3832,2951,881
48203020401,3538,2744,794
48203020402,5146,4239,907
48203020501,2762,1750,1012
48203020502,4240,3682,558
48203020603,5600,5107,493
48203020604,3650,3278,372
48203020605,6386,6158,228
48203020606,5592,5020,572
48205950200,5966,4451,1515
48207950300,4057,2804,1253
48207950400,1755,1465,290
48209010100,2700,1917,783
48209010200,5777,3960,1817
48209010302,4518,1588,2930
48209010303,8042,5381,2661
48209010304,6922,3177,3745
48209010400,11360,5529,5831
48209010500,5074,2214,2860
48209010600,10168,6571,3597
48209010701,8865,6147,2718
48209010702,2865,2267,598
48209010803,4351,3735,616
48209010804,9307,8646,661
48209010805,7905,6839,1066
48209010806,3940,3594,346
48209010807,1955,1491,464
48209010808,6046,5550,496
48209010809,5393,4426,967
48209010901,7960,6583,1377
48209010902,13518,9172,4346
48209010905,6703,4124,2579
48209010906,13567,7602,5965
48209010907,12060,3559,8501
48209010908,10857,4063,6794
48209010909,6502,4606,1896
48209010910,9331,4113,5218
48211950300,4151,2705,1446
48213950100,6856,6553,303
48213950200,5340,4497,843
48213950300,7601,6769,832
48213950400,4629,4124,505
48213950500,2346,2205,141
48213950601,3338,2912,426
48213950602,5019,4680,339
48213950700,4408,3737,671
48213950800,4778,4266,512
48213950901,5803,5409,394
48213950902,1996,1923,73
48213950903,2098,2077,21
48213951000,2717,2279,438
48213951100,3510,3366,144
48213951200,6995,4334,2661
48213951300,5306,4405,901
48213951400,6473,6365,108
48215020101,6448,207,6241
48215020102,8318,1349,6969
48215020201,7520,165,7355
48215020202,6822,18,6804
48215020204,9287,579,8708
48215020205,5640,493,5147
48215020301,10539,2504,8035
48215020302,9657,946,8711
48215020402,9581,2017,7564
48215020403,4552,265,4287
48215020404,5414,1816,3598
48215020501,5303,527,4776
48215020503,11928,675,11253
48215020504,9139,829,8310
48215020600,2437,127,2310
48215020701,10461,1494,8967
48215020721,7803,1001,6802
48215020723,5255,135,5120
48215020724,4279,1083,3196
48215020725,4658,478,4180
48215020726,6645,486,6159
48215020802,7021,984,6037
48215020803,5302,1232,4070
48215020804,3844,624,3220
48215020901,4937,1475,3462
48215020903,5712,835,4877
48215020904,4514,1087,3427
48215021000,6467,435,6032
48215021100,3115,330,2785
48215021201,3258,784,2474
48215021202,5034,977,4057
48215021302,15879,249,15630
48215021303,8805,181,8624
48215021304,6336,110,6226
48215021305,7732,70,7662
48215021401,5816,253,5563
48215021403,4920,657,4263
48215021404,9186,1576,7610
48215021500,4034,0,4034
48215021600,4482,211,4271
48215021701,9476,799,8677
48215021702,12970,1005,11965
48215021803,5651,71,5580
48215021804,5050,49,5001
48215021805,9242,153,9089
48215021806,8796,77,8719
48215021901,9579,910,8669
48215021903,4575,182,4393
48215021904,4904,721,4183
48215022001,11928,646,11282
48215022003,7014,1013,6001
48215022004,9906,705,9201
48215022103,5860,903,4957
48215022104,11504,209,11295
48215022105,3626,67,3559
48215022106,6725,539,6186
48215022201,6998,321,6677
48215022203,4948,461,4487
48215022204,5062,125,4937
48215022300,9986,1981,8005
48215022401,5251,391,4860
48215022402,6117,215,5902
48215022501,6813,73,6740
48215022502,5492,173,5319
48215022600,2225,25,2200
48215022701,5624,1665,3959
48215022702,5353,942,4411
48215022800,8758,349,8409
48215022900,4327,548,3779
48215023000,5072,247,4825
48215023102,8318,131,8187
48215023103,7673,265,7408
48215023104,5493,150,5343
48215023503,8795,95,8700
48215023504,9675,861,8814
48215023507,9036,349,8687
48215023509,12500,2528,9972
48215023510,9765,2600,7165
48215023511,10570,253,10317
48215023512,5148,1629,3519
48215023513,8907,476,8431
48215023514,8257,543,7714
48215023515,12502,560,11942
48215023600,9569,346,9223
48215023700,5262,172,5090
48215023801,10123,444,9679
48215023802,8926,1405,7521
48215023902,12836,2662,10174
48215023903,4580,473,4107
48215023904,9069,1357,7712
48215024000,17165,1392,15773
48215024105,9420,576,8844
48215024106,11328,1424,9904
48215024107,4261,540,3721
48215024108,6338,210,6128
48215024109,7681,144,7537
48215024110,10702,223,10479
48215024111,4781,146,4635
48215024112,12624,115,12509
48215024113,6341,135,6206
48215024114,9677,139,9538
48215024201,15270,277,14993
48215024203,7144,2022,5122
48215024204,4979,319,4660
48215024205,8168,183,7985
48215024301,1137,224,913
48215024302,1002,51,951
48215024402,8927,18,8909
48215024403,6610,26,6584
48215024404,3888,0,3888
48215024500,9111,181,8930
48215024600,7864,136,7728
48215980000,0,0,0
48217960100,3662,3092,570
48217960200,4347,4114,233
48217960400,1872,1756,116
48217960500,6050,5279,771
48217960600,1325,1177,148
48217960700,1879,1580,299
48217960800,3526,2533,993
48217960900,2145,827,1318
48217961000,1789,891,898
48217961100,3730,3032,698
48217961400,4576,3785,791
48219950100,1574,867,707
48219950200,4236,2946,1290
48219950300,4522,2160,2362
48219950400,5328,1462,3866
48219950500,4892,3430,1462
48219950600,1367,888,479
48219950700,1458,781,677
48221160100,4658,4035,623
48221160204,3171,2840,331
48221160205,6693,5743,950
48221160206,4081,3592,489
48221160207,6792,5927,865
48221160208,6258,4434,1824
48221160209,8397,7575,822
48221160210,5320,5224,96
48221160301,5093,4909,184
48221160302,3754,3630,124
48223950100,2977,2734,243
48223950200,4461,4168,293
48223950300,5775,4894,881
48223950401,4263,3207,1056
48223950402,3727,3085,642
48223950500,2981,2540,441
48223950600,4197,3572,625
48223950700,4505,3374,1131
48223950800,2958,2538,420
48225950100,5583,5364,219
48225950200,1363,1290,73
48225950300,3024,2742,282
48225950400,2910,2224,686
48225950500,3858,3332,526
48225950600,1346,1299,47
48225950700,4718,4143,575
48227950100,2240,1654,586
48227950200,2062,1714,348
48227950300,2617,804,1813
48227950400,3490,2164,1326
48227950500,3717,1760,1957
48227950600,4657,3575,1082
48227950700,3653,2107,1546
48227950801,4045,2591,1454
48227950802,6108,2091,4017
48227950900,3834,3206,628
48229950300,3481,752,2729
48231960100,2790,2304,486
48231960200,2364,2259,105
48231960300,4001,3678,323
48231960400,4903,3580,1323
48231960500,3829,3426,403
48231960600,4176,3449,727
48231960700,5463,5002,461
48231960800,3020,1940,1080
48231960900,5211,3245,1966
48231961000,4471,3260,1211
48231961100,6778,6226,552
48231961200,4850,4530,320
48231961300,6990,6142,848
48231961400,8725,7607,1118
48231961501,3257,2830,427
48231961502,5017,4326,691
48231961503,4723,4147,576
48231961600,5724,5170,554
48231961700,2776,2729,47
48233950200,2110,1785,325
48233950500,5406,4823,583
48233950600,3772,2351,1421
48233950700,1817,1371,446
48233950800,700,287,413
48233950900,3783,3282,501
48233951000,4194,3053,1141
48235950100,1631,1252,379
48237950100,2920,2415,505
48237950300,3140,2373,767
48237950500,2806,2670,136
48239950100,5493,3807,1686
48239950200,4147,2868,1279
48239950300,5038,3363,1675
48241950100,5112,4858,254
48241950200,3374,2951,423
48241950300,3509,3197,312
48241950400,5741,5028,713
48241950500,3939,3833,106
48241950600,2846,2496,350
48241950700,8338,8184,154
48241950800,2781,2771,10
48243950100,2221,1424,797
48245000101,5845,5138,707
48245000102,2248,2048,200
48245000103,3128,3012,116
48245000200,4888,4461,427
48245000302,7116,6634,482
48245000304,7188,5684,1504
48245000306,3654,3352,302
48245000307,3772,3392,380
48245000308,6679,6197,482
48245000309,2824,2213,611
48245000310,5159,4734,425
48245000400,4372,4168,204
48245000500,2286,1644,642
48245000600,5545,3719,1826
48245000700,3012,2871,141
48245000900,2080,1781,299
48245001100,2588,2288,300
48245001200,2355,1455,900
48245001301,5393,4616,777
48245001302,3452,3022,430
48245001303,3331,2888,443
48245001700,1856,1727,129
48245001900,3060,2042,1018
48245002000,2150,1325,825
48245002100,3228,3017,211
48245002200,3015,2745,270
48245002300,2927,2777,150
48245002400,2497,1769,728
48245002500,3585,2973,612
48245002600,6096,5673,423
48245005100,861,861,0
48245005400,1339,1166,173
48245005500,3171,2100,1071
48245005600,3751,1606,2145
48245005900,1483,1479,4
48245006100,1182,1140,42
48245006300,1368,1302,66
48245006400,1748,1010,738
48245006500,3210,1632,1578
48245006600,4105,2722,1383
48245006700,2832,992,1840
48245006800,2271,1290,981
48245006900,2922,2765,157
48245007001,6398,5216,1182
48245007002,4178,3470,708
48245007100,3561,2665,896
48245010100,3364,1076,2288
48245010200,2093,1112,981
48245010300,2972,1879,1093
48245010400,2804,2545,259
48245010500,4276,2741,1535
48245010600,5460,4273,1187
48245010700,3198,2750,448
48245010800,4824,4372,452
48245010901,3227,3069,158
48245010902,4803,4075,728
48245011001,4899,4249,650
48245011002,3663,3273,390
48245011101,4713,4134,579
48245011102,2651,2196,455
48245011201,8312,7239,1073
48245011202,3446,2266,1180
48245011203,2143,1494,649
48245011302,5343,3244,2099
48245011303,2647,2414,233
48245011304,3345,3149,196
48245011400,7579,6561,1018
48245011500,2415,2115,300
48245011600,1984,1710,274
48245011700,1422,695,727
48245011800,1549,1489,60
48245980000,152,129,23
48245990000,0,0,0
48247950200,2672,235,2437
48247950400,2546,282,2264
48249950100,9246,3993,5253
48249950200,7701,1104,6597
48249950300,6892,1470,5422
48249950400,3713,582,3131
48249950500,6192,569,5623
48249950600,4437,168,4269
48249950700,3305,441,2864
48251130100,3911,3419,492
48251130204,11384,10245,1139
48251130205,3791,3299,492
48251130207,7173,6366,807
48251130208,6053,5402,651
48251130210,5395,4783,612
48251130211,5833,5184,649
48251130212,4987,3866,1121
48251130213,3985,3194,791
48251130214,5149,4411,738
48251130215,5425,4336,1089
48251130302,5262,4253,1009
48251130303,4103,2827,1276
48251130304,5839,4250,1589
48251130405,5733,4959,774
48251130406,5693,5265,428
48251130407,9007,4935,4072
48251130408,7784,5326,2458
48251130409,6248,5544,704
48251130410,7664,6084,1580
48251130500,6030,5497,533
48251130601,6902,5914,988
48251130602,2133,1730,403
48251130700,4674,3192,1482
48251130800,4339,2710,1629
48251130900,2864,1431,1433
48251131000,4819,3942,877
48251131100,5364,4045,1319
48253020101,1258,1042,216
48253020102,6793,4090,2703
48253020200,2238,1498,740
48253020300,2076,1586,490
48253020400,3360,2372,988
48253020500,4219,4002,217
48255970100,2337,2154,183
48255970200,4029,1481,2548
48255970300,7025,3136,3889
48255970400,1593,395,1198
48257050201,7139,5434,1705
48257050203,9511,7970,1541
48257050204,5530,4068,1462
48257050205,7499,6525,974
48257050206,12068,9928,2140
48257050300,3979,2651,1328
48257050400,7542,5316,2226
48257050500,5311,4341,970
48257050600,7342,6088,1254
48257050701,4618,3717,901
48257050703,2625,2109,516
48257050704,5748,4136,1612
48257050800,9439,8540,899
48257051000,1787,913,874
48257051100,4861,3432,1429
48257051201,2893,2367,526
48257051202,5148,4711,437
48257051300,8790,8156,634
48259970100,6917,4587,2330
48259970301,5490,4545,945
48259970302,4110,3502,608
48259970401,8812,7399,1413
48259970402,7120,5935,1185
48259970500,6561,4310,2251
48261950100,558,161,397
48261990000,0,0,0
48263950100,667,551,116
48265960100,5828,4901,927
48265960200,3745,3323,422
48265960301,4134,2890,1244
48265960302,6785,5460,1325
48265960401,1921,1257,664
48265960402,5615,4212,1403
48265960500,4766,3064,1702
48265960600,8141,5032,3109
48265960700,5376,4566,810
48265960800,4194,2834,1360
48267950100,2438,1941,497
48267950200,2015,1505,510
48269950100,274,210,64
48271950100,3578,1341,2237
48273020100,5122,1805,3317
48273020200,5444,435,5009
48273020300,7619,2220,5399
48273020400,6809,1922,4887
48273020500,6883,2560,4323
48273990000,0,0,0
48275950100,1755,1317,438
48275950200,2052,1255,797
48277000101,4399,4016,383
48277000102,4975,4635,340
48277000200,3455,3187,268
48277000300,5924,5604,320
48277000401,3631,3440,191
48277000402,6302,5942,360
48277000500,3790,3436,354
48277000600,2253,2058,195
48277000700,3154,2956,198
48277000800,3699,3195,504
48277000900,4571,4313,258
48277001000,3473,3255,218
48279950100,2342,792,1550
48279950200,1582,769,813
48279950300,2351,1241,1110
48279950500,3278,1060,2218
48279950600,4008,2381,1627
48281950100,2402,1953,449
48281950301,6801,6031,770
48281950302,3043,2537,506
48281950400,4001,2541,1460
48281950500,4110,3487,623
48283950300,7319,1196,6123
48285000100,3821,3665,156
48285000200,3560,3063,497
48285000300,2606,2173,433
48285000400,3387,3103,284
48285000500,3414,2619,795
48285000600,2866,1547,1319
48287000100,4927,4539,388
48287000200,2877,2313,564
48287000300,2866,2476,390
48287000400,6084,3553,2531
48289950100,7051,5406,1645
48289950200,4339,3920,419
48289950300,5533,5232,301
48291700100,4048,2633,1415
48291700200,3394,2892,502
48291700300,10136,7028,3108
48291700400,6593,5955,638
48291700500,2365,2191,174
48291700600,2808,2524,284
48291700700,2213,2101,112
48291700800,9316,8391,925
48291700900,7644,5716,1928
48291701000,6998,3741,3257
48291701100,5113,4648,465
48291701200,6681,5594,1087
48291701300,3101,2992,109
48291701400,8188,5910,2278
48293970100,2153,1484,669
48293970200,4206,3633,573
48293970300,2438,1743,695
48293970400,1869,1255,614
48293970500,1872,1108,764
48293970600,5820,4712,1108
48293970700,1966,1769,197
48293970800,3145,2884,261
48295950200,2074,1260,814
48295950300,1433,1224,209
48297950100,4743,2726,2017
48297950200,2166,1107,1059
48297950300,2692,1896,796
48297950400,2375,1705,670
48299970100,2668,2560,108
48299970200,3568,2819,749
48299970300,1703,1647,56
48299970400,3494,3312,182
48299970500,6576,5837,739
48299970600,1615,1573,42
48301950100,76,64,12
48303000100,2663,761,1902
48303000201,1823,1058,765
48303000202,1913,172,1741
48303000301,3921,2200,1721
48303000302,6962,1790,5172
48303000402,4652,3089,1563
48303000403,3902,2816,1086
48303000404,7853,6004,1849
48303000405,10854,6639,4215
48303000500,8106,6501,1605
48303000603,3216,2768,448
48303000605,942,734,208
48303000607,2376,1941,435
48303000700,1172,283,889
48303000900,4790,2694,2096
48303001000,3450,1995,1455
48303001200,2613,2052,561
48303001300,3057,478,2579
48303001400,5759,3640,2119
48303001501,2577,2255,322
48303001502,2208,1967,241
48303001601,2448,2251,197
48303001602,3343,2271,1072
48303001702,5071,4529,542
48303001705,6548,5496,1052
48303001706,6231,3778,2453
48303001707,5477,4226,1251
48303001708,2440,1656,784
48303001709,4963,2905,2058
48303001801,6083,3309,2774
48303001803,5368,3939,1429
48303001804,3909,2973,936
48303001901,5118,3233,1885
48303001903,5376,4488,888
48303001904,1512,1301,211
48303002001,2393,1659,734
48303002002,2994,1765,1229
48303002101,5792,3953,1839
48303002102,2947,2388,559
48303002202,5105,2680,2425
48303002203,3078,1827,1251
48303002204,4775,2092,2683
48303002300,4764,1314,3450
48303002400,7429,1608,5821
48303002500,2646,1067,1579
48303010101,1542,1144,398
48303010102,2263,1324,939
48303010200,8324,4650,3674
48303010301,3859,2805,1054
48303010302,2721,1925,796
48303010402,2134,1261,873
48303010403,5897,4601,1296
48303010404,3174,2252,922
48303010405,5270,3366,1904
48303010406,5310,4378,932
48303010407,8373,7013,1360
48303010408,10028,8086,1942
48303010502,3195,2796,399
48303010504,3871,3423,448
48303010505,4617,3135,1482
48303010506,4063,3002,1061
48303010508,8899,5971,2928
48303010509,2848,2687,161
48303010510,2587,2313,274
48303010511,5292,3547,1745
48303010600,6058,3285,2773
48303010700,3738,3310,428
48303980000,0,0,0
48305950400,1966,1145,821
48305950500,2476,1255,1221
48305950600,1281,612,669
48307950300,5348,3613,1735
48307950400,1670,1078,592
48307950500,1224,1000,224
48309000100,2339,1707,632
48309000200,3244,2664,580
48309000300,4004,3565,439
48309000400,5564,4510,1054
48309000598,5304,988,4316
48309000700,3380,1836,1544
48309000800,2993,1396,1597
48309000900,5275,2465,2810
48309001000,2739,1096,1643
48309001100,5757,2198,3559
48309001200,2754,1432,1322
48309001300,2305,1258,1047
48309001400,8185,7215,970
48309001500,1822,1658,164
48309001600,6355,3625,2730
48309001700,5585,3951,1634
48309001800,2959,2105,854
48309001900,4785,3738,1047
48309002000,4042,3519,523
48309002100,5509,2728,2781
48309002302,5533,3944,1589
48309002498,4620,3133,1487
48309002501,4636,3669,967
48309002503,5350,4816,534
48309002504,3629,3076,553
48309002600,6279,4676,1603
48309002700,4360,2361,1999
48309002800,3947,3556,391
48309002900,4121,3517,604
48309003000,4090,3070,1020
48309003200,4602,3383,1219
48309003300,2070,1730,340
48309003400,5821,5216,605
48309003500,4178,3927,251
48309003601,3263,2822,441
48309003602,2419,2118,301
48309003701,3192,2645,547
48309003703,5290,4678,612
48309003706,10630,8845,1785
48309003707,8830,7514,1316
48309003708,7492,6300,1192
48309003801,7094,6346,748
48309003802,5791,5024,767
48309003900,8817,6626,2191
48309004000,5066,4729,337
48309004102,5131,4677,454
48309004103,8410,7141,1269
48309004201,3868,3419,449
48309004202,3323,3071,252
48309004300,6642,2550,4092
48309980000,0,0,0
48311950100,671,348,323
48313000100,5114,3456,1658
48313000200,1729,1555,174
48313000300,2119,1957,162
48313000400,4881,3804,1077
48315950100,2329,2237,92
48315950200,2882,2803,79
48315950300,2500,2372,128
48315950400,2480,2389,91
48317950100,1729,1134,595
48317950200,3722,1803,1919
48319950100,1994,1327,667
48319950200,2070,1724,346
48321730100,3076,1025,2051
48321730201,7001,3778,3223
48321730202,1375,809,566
48321730301,3934,2319,1615
48321730302,4992,2888,2104
48321730303,1005,812,193
48321730400,2550,2209,341
48321730501,2888,2572,316
48321730600,5774,3051,2723
48321730700,4124,2329,1795
48321990000,0,0,0
48323950201,7471,389,7082
48323950204,4829,56,4773
48323950205,8425,89,8336
48323950300,7235,589,6646
48323950400,3720,29,3691
48323950500,6499,563,5936
48323950601,2615,138,2477
48323950602,4825,46,4779
48323950700,11211,689,10522
48325000101,7311,3178,4133
48325000102,8943,6084,2859
48325000200,1587,1034,553
48325000300,8209,4084,4125
48325000401,5658,1278,4380
48325000402,3814,2116,1698
48325000500,5398,2222,3176
48325000800,7000,3557,3443
48327950300,2163,1311,852
48329000100,7352,2976,4376
48329000200,4760,3649,1111
48329000302,6731,5286,1445
48329000303,4422,3565,857
48329000304,4015,3366,649
48329000305,5423,4244,1179
48329000401,3528,1758,1770
48329000402,4844,2754,2090
48329000500,4710,3286,1424
48329000600,4344,2502,1842
48329001100,5249,1742,3507
48329001200,7645,2750,4895
48329001300,6618,2862,3756
48329001400,5179,1045,4134
48329001500,4830,1233,3597
48329001700,5233,898,4335
48329010104,8009,5962,2047
48329010105,3596,2451,1145
48329010106,5450,4404,1046
48329010107,5271,3395,1876
48329010108,3920,3056,864
48329010109,7773,3037,4736
48329010112,12787,9729,3058
48329010113,11446,7914,3532
48329010114,8217,5438,2779
48329010200,4465,659,3806
48329980000,0,0,0
48331950100,2460,1636,824
48331950300,4317,3254,1063
48331950401,3248,2442,806
48331950402,3319,2491,828
48331950500,2271,2169,102
48331950700,5963,3872,2091
48331950800,2794,2350,444
48333950100,1683,1476,207
48333950200,3188,2563,625
48335950200,7496,4330,3166
48335950400,1499,1137,362
48337950100,2643,2532,111
48337950200,1845,1747,98
48337950300,2793,2328,465
48337950400,4690,4061,629
48337950500,5538,4925,613
48337950600,1875,1770,105
48339690100,10066,7948,2118
48339690201,10934,9631,1303
48339690202,7501,5793,1708
48339690300,5042,3200,1842
48339690401,6954,6006,948
48339690402,17239,13428,3811
48339690500,9767,8990,777
48339690601,19854,17897,1957
48339690602,22921,17561,5360
48339690700,10240,9303,937
48339690800,4205,3804,401
48339690900,4627,4234,393
48339691000,4448,3948,500
48339691100,4271,3757,514
48339691200,7582,6842,740
48339691301,4541,4047,494
48339691302,6090,5358,732
48339691400,10439,7797,2642
48339691500,4503,3816,687
48339691601,4055,3375,680
48339691602,5618,4408,1210
48339691700,2102,1865,237
48339691800,8995,6803,2192
48339691900,6730,5335,1395
48339692001,32778,27369,5409
48339692002,10428,8597,1831
48339692100,14158,10128,4030
48339692200,8709,6316,2393
48339692300,17670,12563,5107
48339692400,10038,8105,1933
48339692500,9046,6573,2473
48339692601,4491,2210,2281
48339692602,13243,8058,5185
48339692700,7573,4846,2727
48339692801,8631,6672,1959
48339692802,5959,2939,3020
48339692900,4982,3885,1097
48339693000,9846,5310,4536
48339693101,6056,2484,3572
48339693102,4724,1999,2725
48339693200,8746,7252,1494
48339693300,7502,6104,1398
48339693400,3989,1635,2354
48339693500,6364,4579,1785
48339693600,4234,3225,1009
48339693700,9499,8233,1266
48339693800,4915,3134,1781
48339693900,11161,4813,6348
48339694000,10317,7602,2715
48339694101,11784,8301,3483
48339694102,5552,3855,1697
48339694201,7186,5959,1227
48339694202,11875,11024,851
48339694301,11951,11247,704
48339694302,8332,7870,462
48339694400,8152,6280,1872
48339694500,9465,8746,719
48339694600,7528,6293,1235
48339694700,3241,3068,173
48341950100,2198,1274,924
48341950200,6343,2837,3506
48341950300,7805,4134,3671
48341950400,5840,2114,3726
48343950100,4477,4345,132
48343950200,5515,4964,551
48343950300,2661,2236,425
48345950100,1022,908,114
48347950100,2682,2380,302
48347950200,4926,4402,524
48347950301,7357,5492,1865
48347950302,7207,3878,3329
48347950400,7417,6775,642
48347950501,2379,2264,115
48347950502,5170,4777,393
48347950600,6459,5680,779
48347950700,4636,3336,1300
48347950800,3946,2308,1638
48347950900,2364,2002,362
48347951000,5778,5174,604
48347951100,5235,4850,385
48349970100,3871,2443,1428
48349970200,5691,4535,1156
48349970300,8070,5883,2187
48349970400,4155,3540,615
48349970500,4157,3206,951
48349970600,3481,3072,409
48349970700,4997,4732,265
48349970800,1672,958,714
48349970900,8795,4668,4127
48349971000,3288,2793,495
48351950100,2735,2701,34
48351950200,5352,5197,155
48351950300,2249,2045,204
48351950400,3802,3716,86
48353950100,1994,1651,343
48353950200,4252,2939,1313
48353950300,2114,1157,957
48353950400,3857,1771,2086
48353950500,2800,2120,680
48355000500,1848,770,1078
48355000600,6872,920,5952
48355000700,5542,1382,4160
48355000800,3741,1060,2681
48355000900,4815,156,4659
48355001000,3752,370,3382
48355001100,1857,320,1537
48355001200,4072,1474,2598
48355001300,4442,127,4315
48355001400,4729,2697,2032
48355001500,4224,620,3604
48355001601,4633,402,4231
48355001602,3532,157,3375
48355001701,6345,1101,5244
48355001702,1775,296,1479
48355001801,6587,431,6156
48355001802,2504,228,2276
48355001902,8378,1444,6934
48355001903,3643,390,3253
48355001904,4797,535,4262
48355002001,4170,623,3547
48355002002,3786,568,3218
48355002101,4019,1476,2543
48355002102,3124,1962,1162
48355002200,5975,1762,4213
48355002301,4341,717,3624
48355002303,4209,1270,2939
48355002304,5618,1494,4124
48355002400,5999,1800,4199
48355002500,4828,2453,2375
48355002601,2519,1332,1187
48355002602,2122,585,1537
48355002603,3086,1307,1779
48355002703,5175,1853,3322
48355002704,5812,3449,2363
48355002705,5131,3040,2091
48355002706,2845,1670,1175
48355002900,1069,818,251
48355003001,5726,2954,2772
48355003002,4941,3211,1730
48355003101,5641,4644,997
48355003102,5062,3173,1889
48355003202,6247,3269,2978
48355003203,6352,2239,4113
48355003204,4778,2127,2651
48355003303,1404,421,983
48355003304,6107,2230,3877
48355003305,4866,1353,3513
48355003306,5042,1771,3271
48355003401,4370,1654,2716
48355003402,6070,2052,4018
48355003500,2453,529,1924
48355003601,6367,2978,3389
48355003602,6526,2801,3725
48355003603,4204,1545,2659
48355003700,3285,1204,2081
48355005102,3729,3586,143
48355005404,3518,1869,1649
48355005406,3464,1895,1569
48355005407,2661,952,1709
48355005408,4553,1828,2725
48355005409,3859,2107,1752
48355005410,3533,1458,2075
48355005411,3951,1859,2092
48355005412,5460,3011,2449
48355005413,2969,1388,1581
48355005414,2360,1105,1255
48355005415,5751,2533,3218
48355005416,3642,2429,1213
48355005417,5190,2577,2613
48355005601,6511,574,5937
48355005602,6233,132,6101
48355005801,6557,4572,1985
48355005802,6856,3041,3815
48355005900,2859,495,2364
48355006000,2388,478,1910
48355006100,3382,821,2561
48355006200,9511,8597,914
48355006300,2316,1078,1238
48355006400,3045,1592,1453
48355980000,12,3,9
48355990000,0,0,0
48357950100,1653,1393,260
48357950300,3831,1112,2719
48357950400,5093,2555,2538
48359950100,2069,1734,335
48361020200,3740,3731,9
48361020300,2646,2390,256
48361020500,3260,2539,721
48361020700,4688,4225,463
48361020800,1876,1704,172
48361020900,3699,3316,383
48361021000,2191,2093,98
48361021100,1880,1812,68
48361021200,4941,4704,237
48361021300,5829,5600,229
48361021400,4047,3860,187
48361021501,2322,2189,133
48361021502,6672,6194,478
48361021600,3869,3289,580
48361021700,2187,1896,291
48361021800,2475,2411,64
48361021900,6535,6357,178
48361022000,4364,4237,127
48361022200,4277,4072,205
48361022300,7013,6524,489
48361022400,5240,4899,341
48363000100,2829,2527,302
48363000200,1958,1650,308
48363000300,3757,3479,278
48363000400,5768,5133,635
48363000500,1655,1392,263
48363000600,3576,2758,818
48363000700,2995,2095,900
48363000800,3078,1762,1316
48363000900,2306,1656,650
48365950100,3889,3778,111
48365950200,3291,2933,358
48365950300,4808,4078,730
48365950400,6759,6098,661
48365950500,2433,2395,38
48365950600,2591,2464,127
48367140101,4966,4397,569
48367140102,5187,4411,776
48367140200,6198,5530,668
48367140300,6092,5114,978
48367140403,6634,6158,476
48367140405,6871,6167,704
48367140407,10630,9250,1380
48367140408,4292,3772,520
48367140409,3752,2774,978
48367140410,3248,3057,191
48367140411,4516,4132,384
48367140501,7284,6690,594
48367140502,5153,4409,744
48367140601,6803,6466,337
48367140602,10887,8862,2025
48367140703,6781,6477,304
48367140704,8668,7819,849
48367140705,7730,6997,733
48367140706,7909,7331,578
48369950200,4594,1228,3366
48369950300,5327,2566,2761
48371950100,2320,1080,1240
48371950300,3292,219,3073
48371950400,4484,1643,2841
48371950500,5730,2095,3635
48373210101,4662,4387,275
48373210102,6545,5839,706
48373210203,6512,4364,2148
48373210204,4546,3550,996
48373210205,2804,2500,304
48373210206,3541,3459,82
48373210301,3493,3389,104
48373210302,4724,4348,376
48373210400,5088,3867,1221
48373210500,4668,4226,442
48375010100,2267,1939,328
48375010200,2046,1849,197
48375010300,1591,1198,393
48375010400,3425,2967,458
48375010600,2262,429,1833
48375010700,3510,1244,2266
48375011000,2375,633,1742
48375011500,3786,3062,724
48375011600,4727,4017,710
48375011700,4756,3405,1351
48375011800,3975,3043,932
48375011900,2598,1788,810
48375012000,1541,966,575
48375012200,3874,1236,2638
48375012600,3199,1167,2032
48375012800,4651,1645,3006
48375013000,1448,1058,390
48375013200,1606,1421,185
48375013300,5918,5478,440
48375013400,2441,2091,350
48375013900,3509,2313,1196
48375014100,2957,1259,1698
48375014300,5603,5336,267
48375014401,7712,5478,2234
48375014500,5330,1633,3697
48375014700,5012,3531,1481
48375014800,2449,1300,1149
48375014900,6389,4476,1913
48375015000,7981,2562,5419
48375015100,3178,2407,771
48375015200,2416,1943,473
48375015300,5199,3202,1997
48375015400,2152,520,1632
48375980000,0,0,0
48377950100,2480,870,1610
48377950200,4664,431,4233
48379950100,5985,5591,394
48379950200,5102,4564,538
48381020100,2212,1990,222
48381020200,2301,2069,232
48381020300,1992,1631,361
48381020400,1837,1616,221
48381020500,3574,2168,1406
48381020600,4023,2223,1800
48381020800,7177,5188,1989
48381020900,2846,1992,854
48381021000,2365,1969,396
48381021101,4089,3508,581
48381021102,2346,1680,666
48381021200,4982,4323,659
48381021300,5168,4172,996
48381021500,4833,4192,641
48381021602,4735,4095,640
48381021603,2077,1806,271
48381021604,4489,3758,731
48381021605,1883,1618,265
48381021606,4970,4569,401
48381021608,8230,6760,1470
48381021609,4623,3910,713
48381021702,4373,3897,476
48381021703,6301,5149,1152
48381021704,7392,6803,589
48381021801,6960,5448,1512
48381021802,5606,4361,1245
48381021900,4778,4326,452
48381022001,6474,4979,1495
48381022002,5967,3462,2505
48383950100,3625,1233,2392
48385950100,3348,2690,658
48387950100,2394,2161,233
48387950500,4860,4339,521
48387950600,2834,2762,72
48387950700,2367,2297,70
48389950100,4340,1011,3329
48389950200,2728,466,2262
48389950300,1963,434,1529
48389950400,4380,1456,2924
48389950500,1027,270,757
48391950200,3665,1632,2033
48391950400,3650,2075,1575
48393950100,939,912,27
48395960100,1868,1767,101
48395960200,1617,1374,243
48395960300,4510,4153,357
48395960400,2925,2422,503
48395960500,5617,3548,2069
48397040101,6575,5752,823
48397040102,7522,6815,707
48397040200,6021,5352,669
48397040301,5587,4438,1149
48397040302,8146,7442,704
48397040401,10817,8479,2338
48397040402,11382,9232,2150
48397040503,6982,3817,3165
48397040504,6542,5831,711
48397040505,10723,8843,1880
48397040506,7713,7289,424
48399950100,1356,1196,160
48399950200,2258,1078,1180
48399950500,2120,1521,599
48399950600,4677,3131,1546
48401950100,4780,4269,511
48401950200,3252,2883,369
48401950300,6981,5903,1078
48401950400,5613,4890,723
48401950501,5384,4697,687
48401950502,4536,3570,966
48401950600,2042,1928,114
48401950700,5686,4692,994
48401950800,3942,2963,979
48401950900,3634,2834,800
48401951000,2418,1538,880
48401951100,2552,2284,268
48401951200,2377,2307,70
48403950100,2715,2715,0
48403950200,3042,3034,8
48403950300,4610,4220,390
48405950100,2909,2705,204
48405950200,2877,2553,324
48405950300,2770,2722,48
48407200101,6295,5568,727
48407200102,11297,9379,1918
48407200200,5290,4755,535
48407200300,4290,4129,161
48409010201,3766,2164,1602
48409010202,5167,2537,2630
48409010301,4396,2253,2143
48409010302,4905,3253,1652
48409010500,2069,194,1875
48409010601,6124,3172,2952
48409010602,3967,2105,1862
48409010603,2597,2208,389
48409010604,3167,2246,921
48409010700,3519,2356,1163
48409010800,4278,835,3443
48409010900,4807,1998,2809
48409011000,6901,1665,5236
48409011100,2760,511,2249
48409011200,3246,1392,1854
48409011300,5037,389,4648
48411950100,2429,1412,1017
48411950200,3452,2752,700
48413950300,3171,1555,1616
48415950100,4586,2313,2273
48415950200,1413,772,641
48415950300,6240,4704,1536
48415950600,5075,2742,2333
48417950300,3323,2941,382
48419950100,5389,4586,803
48419950200,3830,3455,375
48419950300,5029,3631,1398
48419950400,5471,3931,1540
48419950500,3108,2899,209
48419950600,2878,2680,198
48421950200,3069,1779,1290
48423000100,6441,3050,3391
48423000201,4217,3464,753
48423000202,2006,1199,807
48423000300,5601,1637,3964
48423000400,2705,1412,1293
48423000500,2849,1892,957
48423000600,2382,830,1552
48423000700,4353,3702,651
48423000800,5811,4179,1632
48423000900,5075,3307,1768
48423001000,5301,4618,683
48423001101,3720,3114,606
48423001102,2566,2233,333
48423001200,3155,2670,485
48423001300,2174,1729,445
48423001401,8510,8249,261
48423001403,7413,6767,646
48423001404,7121,6710,411
48423001500,5076,4787,289
48423001601,7164,5472,1692
48423001602,4133,3704,429
48423001604,6613,4380,2233
48423001700,8872,4428,4444
48423001801,6411,5503,908
48423001802,9495,6458,3037
48423001803,5242,4771,471
48423001901,5968,5374,594
48423001905,8988,8463,525
48423001906,5455,5057,398
48423001907,6371,5941,430
48423001908,10117,9419,698
48423002003,3666,3458,208
48423002004,2601,2502,99
48423002006,3493,3173,320
48423002007,8130,7221,909
48423002008,6406,6036,370
48423002009,8313,7356,957
48423002101,3774,3388,386
48423002102,5740,5532,208
48423002200,6317,5729,588
48423980000,0,0,0
48425000100,6956,5543,1413
48425000200,1717,1473,244
48427950101,1339,38,1301
48427950104,3745,58,3687
48427950105,4104,46,4058
48427950106,3398,25,3373
48427950107,4731,0,4731
48427950108,3730,111,3619
48427950202,2544,41,2503
48427950203,4488,0,4488
48427950204,5186,34,5152
48427950401,5720,62,5658
48427950402,5088,32,5056
48427950500,4283,17,4266
48427950600,7710,155,7555
48427950701,3792,0,3792
48427950702,3150,37,3113
48429950200,3917,2815,1102
48429950300,2376,1501,875
48429950500,3494,3187,307
48431950100,1233,768,465
48433950300,1233,949,284
48435950300,3936,1639,2297
48437950200,2040,1495,545
48437950300,4398,2191,2207
48437950400,1201,711,490
48439100101,6522,1938,4584
48439100102,5122,1690,3432
48439100201,4679,274,4405
48439100202,5027,510,4517
48439100300,5067,915,4152
48439100400,6210,296,5914
48439100501,11009,3754,7255
48439100502,7683,1406,6277
48439100601,2318,1984,334
48439100602,3741,2197,1544
48439100700,4686,1809,2877
48439100800,6077,487,5590
48439100900,1799,112,1687
48439101201,1880,879,1001
48439101202,4730,1459,3271
48439101301,5212,3653,1559
48439101302,3337,2094,1243
48439101401,5431,3577,1854
48439101402,3481,1102,2379
48439101403,4652,2289,2363
48439101500,3659,1880,1779
48439101700,2984,2159,825
48439102000,2706,2089,617
48439102100,5154,4098,1056
48439102201,3478,2784,694
48439102202,2857,2606,251
48439102301,3188,1702,1486
48439102302,5648,3327,2321
48439102401,4149,3317,832
48439102402,4474,3922,552
48439102500,3372,2352,1020
48439102601,3724,2136,1588
48439102602,3908,1728,2180
48439102700,3508,3027,481
48439102800,1358,1148,210
48439103500,5615,1509,4106
48439103601,2777,1761,1016
48439103602,2246,1495,751
48439103701,4071,1150,2921
48439103702,3009,1408,1601
48439103800,3011,2261,750
48439104100,3394,2107,1287
48439104201,6029,5333,696
48439104202,3593,3184,409
48439104300,5455,4484,971
48439104400,5211,2126,3085
48439104502,2791,409,2382
48439104503,2643,109,2534
48439104504,3079,509,2570
48439104505,4607,2793,1814
48439104601,4011,1886,2125
48439104602,5257,2108,3149
48439104603,3723,1060,2663
48439104604,3042,1777,1265
48439104605,4644,2821,1823
48439104701,4560,340,4220
48439104702,3141,547,2594
48439104802,6036,1689,4347
48439104803,6090,1261,4829
48439104804,2773,762,2011
48439104900,2779,743,2036
48439105001,5887,463,5424
48439105006,2111,956,1155
48439105007,5199,4108,1091
48439105008,8380,6519,1861
48439105201,5664,3479,2185
48439105203,2288,1633,655
48439105204,2853,1994,859
48439105205,5390,4098,1292
48439105403,6564,5843,721
48439105404,3963,3692,271
48439105405,3489,2970,519
48439105406,5244,4655,589
48439105502,6389,4665,1724
48439105503,5989,5003,986
48439105505,5332,4251,1081
48439105507,6574,6107,467
48439105508,7407,5574,1833
48439105510,8017,6094,1923
48439105511,6066,4366,1700
48439105512,4130,3368,762
48439105513,3011,2578,433
48439105514,2574,1978,596
48439105600,6025,2649,3376
48439105701,4285,2370,1915
48439105703,3543,2399,1144
48439105704,8595,5197,3398
48439105800,4210,917,3293
48439105901,3947,906,3041
48439105902,6265,5009,1256
48439106001,8624,4331,4293
48439106002,3660,2252,1408
48439106004,6388,4015,2373
48439106101,1829,927,902
48439106102,3726,2216,1510
48439106201,3996,3297,699
48439106202,5210,4282,928
48439106300,3264,2686,578
48439106400,2790,1529,1261
48439106502,3039,2446,593
48439106503,4558,4277,281
48439106507,1913,1735,178
48439106509,5156,4586,570
48439106510,8755,7172,1583
48439106511,8575,5970,2605
48439106512,4906,4596,310
48439106513,3087,2413,674
48439106514,5532,4940,592
48439106515,3901,3007,894
48439106516,4919,3197,1722
48439106517,9205,8373,832
48439106518,4965,4138,827
48439106600,2297,1486,811
48439106700,2269,1609,660
48439110101,6418,4785,1633
48439110102,4057,2123,1934
48439110202,4231,1953,2278
48439110203,8836,5883,2953
48439110204,6784,3672,3112
48439110301,4091,1803,2288
48439110302,4893,1895,2998
48439110401,4806,3227,1579
48439110402,4819,2282,2537
48439110500,8848,4277,4571
48439110600,2632,1888,744
48439110701,7088,5190,1898
48439110703,5409,3675,1734
48439110704,4389,3358,1031
48439110805,6172,4987,1185
48439110806,5347,4498,849
48439110807,6183,4468,1715
48439110808,2656,2408,248
48439110809,1941,1718,223
48439110901,4269,3936,333
48439110903,1647,1500,147
48439110905,4776,4166,610
48439110906,4672,3937,735
48439110907,3257,3015,242
48439111003,2950,1934,1016
48439111005,11034,7667,3367
48439111008,8012,6367,1645
48439111010,3592,3027,565
48439111011,9338,7012,2326
48439111012,8071,5862,2209
48439111013,9133,6615,2518
48439111015,2287,1885,402
48439111016,10419,8974,1445
48439111017,10879,9158,1721
48439111018,2495,1984,511
48439111102,5965,3614,2351
48439111103,4193,1777,2416
48439111104,2637,1801,836
48439111202,6312,3231,3081
48439111203,6407,5333,1074
48439111204,5190,4589,601
48439111301,10119,8562,1557
48439111304,7555,6725,830
48439111306,5110,3587,1523
48439111307,3257,2483,774
48439111308,1485,1289,196
48439111309,4814,3894,920
48439111310,9621,7501,2120
48439111311,6210,5501,709
48439111312,3597,3381,216
48439111313,8009,6741,1268
48439111314,6655,5437,1218
48439111402,6361,4890,1471
48439111404,8893,7371,1522
48439111405,2500,2014,486
48439111406,4189,3387,802
48439111407,3267,2978,289
48439111408,3502,2904,598
48439111409,5479,4809,670
48439111505,4303,3925,378
48439111506,6636,5733,903
48439111513,4135,2988,1147
48439111514,6634,4738,1896
48439111516,7054,5616,1438
48439111521,8042,4967,3075
48439111522,8289,3750,4539
48439111523,9770,6869,2901
48439111524,7411,4486,2925
48439111525,6552,4327,2225
48439111526,4394,2891,1503
48439111529,3997,3449,548
48439111530,6057,5677,380
48439111531,4990,4621,369
48439111532,7055,6207,848
48439111533,5092,4071,1021
48439111534,6394,5461,933
48439111536,2978,1765,1213
48439111537,6182,4511,1671
48439111538,6153,4328,1825
48439111539,9506,7102,2404
48439111540,6487,4703,1784
48439111541,3830,2807,1023
48439111542,6523,4794,1729
48439111543,6559,5089,1470
48439111544,7298,5598,1700
48439111545,2263,2129,134
48439111546,6747,5904,843
48439111547,18076,12587,5489
48439111548,7908,6724,1184
48439111549,9702,7631,2071
48439111550,13806,10999,2807
48439111551,7430,6938,492
48439111552,3554,3192,362
48439111553,3939,3094,845
48439113001,3208,2573,635
48439113002,7031,3527,3504
48439113102,3911,3603,308
48439113104,4153,3554,599
48439113107,2231,2084,147
48439113108,4752,4369,383
48439113109,4178,3411,767
48439113110,4682,4057,625
48439113111,4564,3404,1160
48439113112,2958,2205,753
48439113113,3996,3738,258
48439113114,3954,3335,619
48439113115,3433,2143,1290
48439113116,4786,3794,992
48439113206,5980,4412,1568
48439113207,4324,4037,287
48439113210,7198,6459,739
48439113212,4343,3341,1002
48439113213,3491,2502,989
48439113214,5526,4397,1129
48439113215,5131,4461,670
48439113216,5019,4118,901
48439113217,4362,3657,705
48439113218,2755,2369,386
48439113220,7736,4967,2769
48439113221,5198,4602,596
48439113301,4135,3264,871
48439113302,4637,3192,1445
48439113403,2502,2026,476
48439113404,6037,4454,1583
48439113405,5902,4667,1235
48439113407,6044,3088,2956
48439113408,5492,4149,1343
48439113509,4370,2601,1769
48439113510,4169,3336,833
48439113511,4218,3653,565
48439113512,5565,4441,1124
48439113513,6128,5168,960
48439113514,4806,3220,1586
48439113516,4508,3639,869
48439113517,3648,2926,722
48439113518,5704,4516,1188
48439113519,6115,5166,949
48439113520,4646,4009,637
48439113607,4048,3487,561
48439113610,11989,11091,898
48439113611,4621,4289,332
48439113612,4468,4212,256
48439113613,4055,3496,559
48439113618,5654,4946,708
48439113619,5605,4032,1573
48439113622,6356,6016,340
48439113623,3526,3072,454
48439113624,4786,3896,890
48439113625,3453,3080,373
48439113626,3970,3300,670
48439113627,5907,5037,870
48439113628,5042,4399,643
48439113629,4800,4097,703
48439113630,3526,3105,421
48439113631,7926,4643,3283
48439113632,5238,4921,317
48439113633,4453,3968,485
48439113634,5350,5067,283
48439113703,10811,8075,2736
48439113705,5277,2959,2318
48439113707,5223,4781,442
48439113709,4766,4222,544
48439113710,4236,3062,1174
48439113711,4037,3727,310
48439113803,5839,4703,1136
48439113808,6447,5261,1186
48439113809,5008,4106,902
48439113810,4380,3506,874
48439113811,4291,3149,1142
48439113812,5657,5115,542
48439113813,5102,4792,310
48439113814,4344,4183,161
48439113815,6237,5636,601
48439113816,5413,5018,395
48439113906,6307,5783,524
48439113907,7604,6951,653
48439113908,5671,5433,238
48439113909,7272,6972,300
48439113910,10011,9426,585
48439113911,8877,7840,1037
48439113912,6188,5817,371
48439113916,4729,3731,998
48439113917,7790,6117,1673
48439113918,5322,3949,1373
48439113919,7876,6704,1172
48439113920,5873,5249,624
48439113921,24231,20188,4043
48439113922,20373,17101,3272
48439113923,3668,2506,1162
48439113924,5411,4183,1228
48439113925,4119,2827,1292
48439113926,17296,13888,3408
48439113927,14486,12323,2163
48439113928,9552,7419,2133
48439113929,9385,8277,1108
48439114003,8877,5408,3469
48439114005,9084,6568,2516
48439114006,6725,5227,1498
48439114007,15725,11099,4626
48439114008,14692,9228,5464
48439114102,8477,7448,1029
48439114103,25213,21499,3714
48439114104,7793,6967,826
48439114203,4648,4191,457
48439114204,6392,5788,604
48439114205,3291,2770,521
48439114206,4597,3830,767
48439114207,6485,5255,1230
48439121601,7830,5507,2323
48439121604,6652,5080,1572
48439121605,2794,2390,404
48439121606,3435,2882,553
48439121608,5410,4779,631
48439121609,5367,5151,216
48439121610,2349,2191,158
48439121611,4827,4087,740
48439121702,2349,1507,842
48439121703,5473,2225,3248
48439121704,3657,1879,1778
48439121903,6109,2013,4096
48439121904,4482,1560,2922
48439121905,5802,3312,2490
48439121906,4480,1600,2880
48439122001,4248,1151,3097
48439122002,5211,1623,3588
48439122100,6881,2049,4832
48439122200,2085,722,1363
48439122300,4010,3175,835
48439122400,5531,3733,1798
48439122500,3936,3430,506
48439122600,3808,3336,472
48439122700,5011,3789,1222
48439122801,3927,1965,1962
48439122802,4981,2472,2509
48439122900,7855,2888,4967
48439123000,5504,4490,1014
48439123100,3076,1491,1585
48439123200,2701,1598,1103
48439123300,4489,3889,600
48439123400,2131,1505,626
48439123500,3154,1393,1761
48439123600,2691,1423,1268
48439980000,0,0,0
48441010100,6355,5788,567
48441010200,2493,1583,910
48441010300,2231,1370,861
48441010400,2173,647,1526
48441010500,3216,1503,1713
48441010600,3767,2677,1090
48441010700,4274,1382,2892
48441010800,1588,795,793
48441010900,6090,5121,969
48441011000,1231,725,506
48441011200,2547,1451,1096
48441011300,3704,2546,1158
48441011400,4556,3687,869
48441011500,2987,2294,693
48441011600,2782,2087,695
48441011700,2140,1222,918
48441011900,2213,1082,1131
48441012000,1962,1789,173
48441012100,550,497,53
48441012200,2565,1796,769
48441012300,4175,3402,773
48441012400,2302,2026,276
48441012500,3674,2866,808
48441012600,3278,3037,241
48441012700,7736,6908,828
48441012801,3174,2578,596
48441012802,3977,2984,993
48441012900,2347,1895,452
48441013000,999,890,109
48441013100,6336,3947,2389
48441013200,1735,1365,370
48441013300,3174,2480,694
48441013401,3793,3168,625
48441013402,7087,5916,1171
48441013404,8895,8115,780
48441013500,8109,7593,516
48441013600,5019,4388,631
48441980000,0,0,0
48443950100,778,236,542
48445950100,2446,1362,1084
48445950300,2825,835,1990
48445950400,7453,3766,3687
48447950300,1520,1290,230
48449950100,1966,1531,435
48449950200,2528,1637,891
48449950300,8715,5761,2954
48449950400,5757,4620,1137
48449950500,2603,801,1802
48449950600,4667,1889,2778
48449950700,1477,676,801
48449950800,4879,2159,2720
48451000100,2553,1759,794
48451000200,3863,1841,2022
48451000300,6611,3329,3282
48451000400,6312,1696,4616
48451000700,4194,1440,2754
48451000801,4274,2655,1619
48451000802,5308,2259,3049
48451000900,2534,662,1872
48451001000,5252,4036,1216
48451001101,5265,3610,1655
48451001102,4194,2752,1442
48451001200,7877,3856,4021
48451001301,7203,5451,1752
48451001303,4600,3217,1383
48451001304,2993,2360,633
48451001400,5698,2182,3516
48451001500,3048,2626,422
48451001600,5020,3765,1255
48451001702,3012,2169,843
48451001704,8202,6842,1360
48451001706,3869,3174,695
48451001707,5117,3978,1139
48451001708,6672,5120,1552
48451001800,2593,1232,1361
48451980000,0,0,0
48453000101,4331,3837,494
48453000102,2572,2485,87
48453000203,1470,1262,208
48453000204,3090,2566,524
48453000205,4227,3573,654
48453000206,3201,2865,336
48453000302,5170,4598,572
48453000304,3204,2642,562
48453000305,3436,2923,513
48453000306,4239,3250,989
48453000307,1831,1527,304
48453000401,3732,3078,654
48453000402,3578,3065,513
48453000500,4626,3934,692
48453000601,10035,7903,2132
48453000603,7587,6109,1478
48453000604,6885,6032,853
48453000700,1121,900,221
48453000801,1753,586,1167
48453000802,3670,2334,1336
48453000803,2327,1730,597
48453000804,2426,1433,993
48453000901,2378,1456,922
48453000902,5369,1824,3545
48453001000,3709,1440,2269
48453001100,5719,5102,617
48453001200,5049,4419,630
48453001303,3586,3102,484
48453001304,4031,3378,653
48453001305,5617,4269,1348
48453001307,3832,2587,1245
48453001308,2965,1850,1115
48453001401,3331,3039,292
48453001402,2755,2320,435
48453001403,1576,1106,470
48453001501,5369,4797,572
48453001503,4077,2832,1245
48453001504,5197,4295,902
48453001505,4377,3763,614
48453001602,3291,2972,319
48453001603,4994,4679,315
48453001604,4285,3975,310
48453001605,3717,3349,368
48453001606,16,15,1
48453001705,4900,4550,350
48453001706,3722,3190,532
48453001707,4965,4080,885
48453001712,4955,2950,2005
48453001713,4625,3167,1458
48453001714,14685,12803,1882
48453001716,5824,5271,553
48453001718,5944,5413,531
48453001719,4123,3631,492
48453001722,3365,2947,418
48453001728,7159,5201,1958
48453001729,4797,3469,1328
48453001733,3887,3280,607
48453001737,10891,8979,1912
48453001738,6595,5219,1376
48453001740,4907,3672,1235
48453001741,3038,2608,430
48453001742,6435,4207,2228
48453001745,2347,2019,328
48453001746,4114,3040,1074
48453001747,5699,3829,1870
48453001748,6980,4854,2126
48453001749,6445,5373,1072
48453001750,4852,3472,1380
48453001751,2247,2110,137
48453001752,3973,3341,632
48453001753,1097,897,200
48453001754,5056,4294,762
48453001755,6272,5676,596
48453001756,4404,4024,380
48453001757,2104,1802,302
48453001760,17139,15003,2136
48453001761,7397,6639,758
48453001764,6793,5840,953
48453001765,14196,12545,1651
48453001766,8022,6733,1289
48453001768,7795,7012,783
48453001769,5558,4528,1030
48453001770,12539,11107,1432
48453001771,4318,3679,639
48453001772,3913,2234,1679
48453001773,7718,7067,651
48453001774,8558,6034,2524
48453001775,6815,5575,1240
48453001776,3162,2449,713
48453001777,5854,4158,1696
48453001778,4392,4071,321
48453001779,6200,5235,965
48453001780,4011,3590,421
48453001781,2410,2224,186
48453001782,5469,4895,574
48453001783,5514,4971,543
48453001784,6071,5653,418
48453001785,4821,3963,858
48453001786,5478,4815,663
48453001804,7188,2513,4675
48453001805,4889,1568,3321
48453001806,7191,1893,5298
48453001811,3488,1371,2117
48453001812,7778,2517,5261
48453001813,6970,2271,4699
48453001817,3946,3258,688
48453001818,5705,3091,2614
48453001819,4281,1573,2708
48453001820,7485,2439,5046
48453001821,6189,2776,3413
48453001822,6973,1952,5021
48453001823,7620,2156,5464
48453001824,1681,1278,403
48453001826,2660,1986,674
48453001828,4120,3595,525
48453001829,2374,1940,434
48453001832,2857,2234,623
48453001833,8873,3297,5576
48453001834,9443,6566,2877
48453001835,6097,2938,3159
48453001839,7227,5357,1870
48453001840,11109,5717,5392
48453001841,17045,10412,6633
48453001842,10402,5027,5375
48453001843,2444,1693,751
48453001844,3982,2618,1364
48453001845,2859,2264,595
48453001846,2350,2059,291
48453001847,6880,5344,1536
48453001848,5054,3926,1128
48453001849,6183,4900,1283
48453001850,3833,2617,1216
48453001851,10347,8097,2250
48453001853,3259,2650,609
48453001854,5826,3093,2733
48453001855,16056,12130,3926
48453001856,7952,4999,2953
48453001857,6277,4338,1939
48453001858,20897,16143,4754
48453001859,2032,1446,586
48453001860,4295,2412,1883
48453001861,5155,3668,1487
48453001862,6355,4874,1481
48453001863,3490,2198,1292
48453001864,2922,2236,686
48453001901,5795,4865,930
48453001908,8673,6936,1737
48453001910,4476,4047,429
48453001911,3151,2525,626
48453001912,3675,3427,248
48453001913,4843,4121,722
48453001914,6301,5449,852
48453001915,1740,1380,360
48453001916,3208,3019,189
48453001917,4844,4417,427
48453001918,2540,2157,383
48453001919,3979,3686,293
48453002002,3223,2001,1222
48453002003,4185,1839,2346
48453002004,2442,1865,577
48453002005,5702,3101,2601
48453002104,3379,1743,1636
48453002105,5001,2251,2750
48453002106,2788,1523,1265
48453002107,4403,2550,1853
48453002108,3985,2195,1790
48453002109,4105,2848,1257
48453002110,4283,2265,2018
48453002111,5305,2022,3283
48453002112,5284,2889,2395
48453002113,3722,2396,1326
48453002201,2075,909,1166
48453002202,9104,3088,6016
48453002207,9841,4033,5808
48453002208,8616,2977,5639
48453002209,9416,4595,4821
48453002210,3848,1899,1949
48453002211,2901,1111,1790
48453002212,910,620,290
48453002304,3155,1836,1319
48453002307,5592,2805,2787
48453002308,6397,3634,2763
48453002310,3391,638,2753
48453002312,7906,1379,6527
48453002313,4510,2254,2256
48453002314,5093,2563,2530
48453002315,3083,1058,2025
48453002316,5290,1885,3405
48453002317,5675,3189,2486
48453002318,9939,4798,5141
48453002319,2239,1477,762
48453002402,7716,4034,3682
48453002403,2661,1569,1092
48453002407,5570,3460,2110
48453002409,3596,1826,1770
48453002410,4221,2035,2186
48453002411,6794,1258,5536
48453002412,6319,959,5360
48453002413,5112,1059,4053
48453002419,4552,1725,2827
48453002421,9897,6068,3829
48453002422,5846,2617,3229
48453002423,5571,3569,2002
48453002424,3903,2113,1790
48453002425,3177,1444,1733
48453002426,10539,3886,6653
48453002427,8025,1328,6697
48453002428,6988,3852,3136
48453002429,1530,752,778
48453002430,3316,708,2608
48453002431,8368,2730,5638
48453002432,2273,576,1697
48453002433,7691,2947,4744
48453002434,1858,721,1137
48453002435,7900,1866,6034
48453002436,2758,480,2278
48453002500,5642,4953,689
48453980000,0,0,0
48455950100,2648,2538,110
48455950200,3271,2986,285
48455950300,2113,1980,133
48455950400,3965,3702,263
48455950500,2363,1852,511
48457950100,3032,2980,52
48457950200,8181,7047,1134
48457950300,2368,2297,71
48457950400,5009,4944,65
48457950500,2781,2554,227
48459950100,8177,7710,467
48459950200,3911,3563,348
48459950300,8144,7201,943
48459950400,4191,3636,555
48459950500,6318,6109,209
48459950600,4308,4234,74
48459950700,5246,4751,495
48461950100,1080,732,348
48461950200,2395,920,1475
48463950100,3139,1657,1482
48463950200,7933,3138,4795
48463950300,5811,1475,4336
48463950400,3712,1125,2587
48463950500,6460,601,5859
48465950201,8940,3518,5422
48465950301,4745,434,4311
48465950302,4221,107,4114
48465950400,4265,530,3735
48465950500,7683,1890,5793
48465950601,4070,97,3973
48465950602,4097,52,4045
48465950700,5892,795,5097
48465950800,4949,1901,3048
48465980000,0,0,0
48467950100,4823,4464,359
48467950200,3592,2623,969
48467950300,4703,4419,284
48467950400,4395,3827,568
48467950500,4386,4039,347
48467950600,6735,6413,322
48467950700,4446,4237,209
48467950800,6372,5184,1188
48467950900,7349,6516,833
48467951000,6269,6032,237
48469000100,2273,701,1572
48469000201,3364,749,2615
48469000202,6078,1776,4302
48469000301,1949,500,1449
48469000302,2289,584,1705
48469000400,1899,986,913
48469000501,3998,2431,1567
48469000502,3645,1264,2381
48469000601,2969,888,2081
48469000602,4676,2058,2618
48469000700,3538,1642,1896
48469000800,2036,1251,785
48469001300,2164,1505,659
48469001400,8246,5888,2358
48469001501,3445,2699,746
48469001503,2102,1829,273
48469001504,7335,5882,1453
48469001601,6941,4040,2901
48469001604,6946,3400,3546
48469001605,3604,1715,1889
48469001606,7858,6240,1618
48469001700,3634,1589,2045
48469980000,0,0,0
48471790101,7098,5778,1320
48471790102,3459,2647,812
48471790103,5527,4526,1001
48471790200,7406,6522,884
48471790300,7042,6643,399
48471790400,12698,9737,2961
48471790500,8199,7141,1058
48471790600,4833,2990,1843
48471790700,7307,5777,1530
48471790800,6357,5852,505
48473680100,3609,2447,1162
48473680200,10226,5952,4274
48473680300,10439,7263,3176
48473680400,4688,4181,507
48473680500,9411,6855,2556
48473680600,8676,6694,1982
48475950100,4257,2318,1939
48475950200,4437,2175,2262
48475950300,2702,1047,1655
48477170100,3443,2708,735
48477170200,6396,5526,870
48477170300,5480,4879,601
48477170400,6797,5413,1384
48477170500,7431,6782,649
48477170600,4997,4028,969
48479000101,4628,171,4457
48479000105,3154,68,3086
48479000106,3703,35,3668
48479000107,3402,54,3348
48479000108,4341,21,4320
48479000109,2500,0,2500
48479000200,4458,37,4421
48479000300,2792,34,2758
48479000601,2986,37,2949
48479000602,2820,56,2764
48479000700,3235,48,3187
48479000800,2754,54,2700
48479000901,5075,52,5023
48479000903,2667,23,2644
48479000904,3148,84,3064
48479001001,4738,212,4526
48479001003,2801,114,2687
48479001004,1826,12,1814
48479001101,3830,142,3688
48479001103,1516,17,1499
48479001104,3270,60,3210
48479001105,2953,111,2842
48479001201,2619,7,2612
48479001202,2994,73,2921
48479001300,3366,4,3362
48479001401,4266,84,4182
48479001402,3854,20,3834
48479001501,2800,18,2782
48479001502,4702,102,4600
48479001601,4156,95,4061
48479001602,5126,865,4261
48479001706,4513,84,4429
48479001709,5490,656,4834
48479001710,1961,99,1862
48479001711,6466,740,5726
48479001712,7358,537,6821
48479001713,16289,1908,14381
48479001714,4174,535,3639
48479001715,7378,448,6930
48479001716,6555,201,6354
48479001717,3201,234,2967
48479001718,2171,174,1997
48479001719,3340,238,3102
48479001720,5752,474,5278
48479001721,2410,199,2211
48479001722,7289,1043,6246
48479001806,5275,140,5135
48479001807,8822,125,8697
48479001808,6647,4,6643
48479001809,8239,284,7955
48479001810,6000,122,5878
48479001811,4367,111,4256
48479001812,8925,310,8615
48479001813,994,41,953
48479001814,7452,54,7398
48479001815,1483,26,1457
48479001816,4154,132,4022
48479001817,6285,158,6127
48479001818,3282,37,3245
48479001900,3254,200,3054
48479980000,0,0,0
48481740100,5922,4450,1472
48481740200,1613,900,713
48481740300,1543,1092,451
48481740400,5800,3663,2137
48481740500,2956,2021,935
48481740600,4068,2262,1806
48481740700,1813,921,892
48481740800,3800,1767,2033
48481740900,6923,4311,2612
48481741000,4479,1669,2810
48481741100,2460,1920,540
48483950100,3158,2179,979
48483950300,2484,1970,514
48485010100,1249,783,466
48485010200,921,758,163
48485010400,2155,1906,249
48485010600,2099,1446,653
48485010700,2622,1334,1288
48485010800,2319,1113,1206
48485010900,1693,1530,163
48485011000,2287,1607,680
48485011100,1268,506,762
48485011200,2013,1615,398
48485011300,1356,1217,139
48485011400,2733,1193,1540
48485011500,2634,2145,489
48485011600,4541,3520,1021
48485011700,2211,2109,102
48485011800,1980,1673,307
48485011900,4015,3590,425
48485012000,6839,6216,623
48485012100,2825,2121,704
48485012200,6290,5533,757
48485012300,7865,6914,951
48485012400,7114,6459,655
48485012600,3812,3255,557
48485012700,2969,1767,1202
48485012800,4366,3646,720
48485012900,2420,2196,224
48485013000,2406,2017,389
48485013100,10516,7473,3043
48485013200,5856,4651,1205
48485013300,1321,1005,316
48485013401,6476,5537,939
48485013501,5824,5086,738
48485013502,5184,4752,432
48485013600,5883,5653,230
48485013700,2783,2566,217
48485013800,3303,3244,59
48485980000,0,0,0
48487950300,1808,1636,172
48487950500,2643,2174,469
48487950600,5917,4107,1810
48487950700,2693,1480,1213
48489950300,6875,823,6052
48489950400,7273,1029,6244
48489950500,3215,283,2932
48489950600,2281,127,2154
48489950700,2300,412,1888
48489990000,0,0,0
48491020105,6046,5869,177
48491020106,4092,3679,413
48491020107,5678,5535,143
48491020108,2914,2544,370
48491020109,3525,3420,105
48491020110,4015,3620,395
48491020111,3363,2758,605
48491020112,3337,2970,367
48491020113,2811,2084,727
48491020114,5868,4528,1340
48491020115,3844,3459,385
48491020201,1596,1247,349
48491020202,5873,5303,570
48491020203,3217,3118,99
48491020204,4939,3725,1214
48491020301,7112,5942,1170
48491020302,4594,3522,1072
48491020310,3202,2843,359
48491020311,4772,3811,961
48491020312,8923,5776,3147
48491020313,10179,8003,2176
48491020314,6189,4571,1618
48491020315,7274,6073,1201
48491020316,3762,3062,700
48491020317,4094,3260,834
48491020318,8446,7306,1140
48491020319,6417,4883,1534
48491020320,7271,5695,1576
48491020321,1870,1322,548
48491020322,9334,7892,1442
48491020323,3167,2240,927
48491020324,8286,6485,1801
48491020325,3240,2139,1101
48491020326,6143,5233,910
48491020327,2563,2025,538
48491020328,7460,5904,1556
48491020403,2310,2001,309
48491020404,3838,3350,488
48491020405,6946,4906,2040
48491020406,6393,4725,1668
48491020408,5025,3813,1212
48491020409,5442,3794,1648
48491020410,6010,5117,893
48491020411,5805,4405,1400
48491020503,5496,4434,1062
48491020504,9598,5689,3909
48491020505,2870,2486,384
48491020506,7873,6679,1194
48491020507,3406,2990,416
48491020508,4901,4340,561
48491020509,7151,6562,589
48491020510,10351,8789,1562
48491020602,5700,3634,2066
48491020603,10233,9000,1233
48491020604,5799,4968,831
48491020605,7146,5831,1315
48491020701,2312,1002,1310
48491020703,10810,7181,3629
48491020704,6264,3446,2818
48491020706,4129,3463,666
48491020707,5033,3299,1734
48491020708,8409,6423,1986
48491020803,4674,2997,1677
48491020804,10583,9591,992
48491020805,7307,4978,2329
48491020806,4655,3080,1575
48491020807,9339,6222,3117
48491020808,1594,1077,517
48491020809,6899,5066,1833
48491020900,4236,3502,734
48491021000,3045,1326,1719
48491021100,3068,1394,1674
48491021201,2976,2296,680
48491021202,3558,2540,1018
48491021203,2802,1983,819
48491021300,3934,2991,943
48491021401,10932,6493,4439
48491021402,4906,3061,1845
48491021403,4567,2987,1580
48491021502,5923,2947,2976
48491021503,4899,2648,2251
48491021504,7936,6634,1302
48491021505,7947,4142,3805
48491021506,3446,2196,1250
48491021507,10542,7375,3167
48491021508,7721,6018,1703
48491021601,4115,3007,1108
48491021602,2926,2003,923
48491021603,1423,949,474
48493000102,3509,2604,905
48493000103,2939,2359,580
48493000104,4871,4112,759
48493000201,2380,915,1465
48493000202,2397,1238,1159
48493000300,5685,2202,3483
48493000402,2854,1472,1382
48493000403,7157,4260,2897
48493000404,6418,4047,2371
48493000500,4477,3207,1270
48493000600,3757,2029,1728
48495950200,2473,991,1482
48495950300,3710,1402,2308
48495950400,1540,814,726
48497150101,3637,3364,273
48497150102,6620,5670,950
48497150200,6284,4517,1767
48497150300,2928,2737,191
48497150401,5766,4765,1001
48497150402,5791,5308,483
48497150403,4068,3506,562
48497150500,6296,3513,2783
48497150601,7905,7263,642
48497150602,7654,5925,1729
48497150603,5140,4096,1044
48499950100,4038,3696,342
48499950200,3151,2633,518
48499950301,3825,3695,130
48499950302,5689,5100,589
48499950400,5312,4948,364
48499950500,2704,2495,209
48499950601,4230,3959,271
48499950602,3795,3527,268
48499950700,5486,4984,502
48499950800,4968,4100,868
48501950100,2094,1009,1085
48501950200,6222,2022,4200
48503950200,4214,3324,890
48503950400,6097,5671,426
48503950500,2608,1725,883
48503950600,5356,4326,1030
48505950301,4635,14,4621
48505950302,3867,334,3533
48505950400,5833,495,5338
48507950100,1357,31,1326
48507950200,1856,384,1472
48507950301,2133,229,1904
48507950302,6761,164,6597
49001100100,3517,3241,276
49001100200,2920,2500,420
49003960100,2879,2813,66
49003960200,7167,6482,685
49003960300,8905,7592,1313
49003960400,4628,4439,189
49003960500,5077,4693,384
49003960601,3570,3152,418
49003960602,2427,2300,127
49003960701,5216,4408,808
49003960702,2663,2432,231
49003960801,4461,4181,280
49003960802,4535,4414,121
49005000101,5062,4732,330
49005000102,1653,1437,216
49005000201,3465,3129,336
49005000202,7621,7452,169
49005000300,7747,6374,1373
49005000401,4264,3985,279
49005000402,3420,3375,45
49005000403,6530,6255,275
49005000501,5307,4149,1158
49005000502,6291,4989,1302
49005000600,6199,5541,658
49005000701,4267,4124,143
49005000702,2741,2542,199
49005000800,4945,4470,475
49005000900,3368,3080,288
49005001001,2976,2213,763
49005001002,4791,3761,1030
49005001101,5665,5063,602
49005001102,4566,4469,97
49005001201,5286,5136,150
49005001202,6258,5610,648
49005001300,6274,6119,155
49005001401,4111,3612,499
49005001402,3859,2872,987
49005001500,2029,1930,99
49005980100,129,129,0
49007000100,3795,3195,600
49007000200,4623,4089,534
49007000300,4506,3767,739
49007000500,3745,3295,450
49007000600,4064,3663,401
49009960100,751,733,18
49011125102,4327,4273,54
49011125103,5158,4789,369
49011125104,6446,5950,496
49011125200,3370,2684,686
49011125301,5150,3918,1232
49011125303,11021,9901,1120
49011125304,5153,4547,606
49011125305,6800,5630,1170
49011125401,12123,11578,545
49011125403,12946,12058,888
49011125405,10372,8630,1742
49011125406,7738,7079,659
49011125501,5910,5107,803
49011125502,5591,4606,985
49011125503,5085,4725,360
49011125600,249,210,39
49011125701,3831,3226,605
49011125702,4133,3557,576
49011125801,6915,5565,1350
49011125804,6718,6416,302
49011125805,6644,5634,1010
49011125807,3574,2279,1295
49011125808,5669,4787,882
49011125905,5673,5177,496
49011125906,6887,6471,416
49011125907,2047,1909,138
49011125908,4728,4477,251
49011126001,5367,4116,1251
49011126002,6307,5813,494
49011126101,6367,6191,176
49011126104,13280,12770,510
49011126105,7226,7142,84
49011126202,11697,11391,306
49011126203,4421,4362,59
49011126204,4573,4401,172
49011126303,4327,4147,180
49011126304,6384,6180,204
49011126305,2459,2357,102
49011126306,7499,7095,404
49011126402,3387,3189,198
49011126404,6804,6150,654
49011126405,3930,3677,253
49011126406,4465,3931,534
49011126500,6210,5945,265
49011126600,5211,5000,211
49011126700,4174,3772,402
49011126801,3327,3228,99
49011126802,4435,4287,148
49011126901,6420,5620,800
49011126902,6267,5670,597
49011127002,7835,6219,1616
49011127003,7295,7005,290
49011127004,7952,7537,415
49011127100,7415,7062,353
49013940300,4565,4333,232
49013940500,8369,7421,948
49013940600,7144,6745,399
49015976200,3976,3860,116
49015976300,3373,3285,88
49015976500,3221,2769,452
49017000300,2417,2276,141
49017000400,2603,2464,139
49019000200,4277,3837,440
49019000300,5151,4661,490
49021110100,4046,3857,189
49021110200,7412,7283,129
49021110300,3772,3136,636
49021110400,4672,4190,482
49021110500,9861,8187,1674
49021110600,6151,5936,215
49021110701,6762,6547,215
49021110702,5075,4674,401
49023010100,5499,5158,341
49023010200,5008,4877,131
49025130100,2182,2018,164
49025130200,5034,4875,159
49027974100,5282,4728,554
49027974200,2602,2197,405
49027974300,4720,4070,650
49029970100,9305,9022,283
49029970200,1340,1340,0
49031960100,1859,1778,81
49033950100,2284,2097,187
49035100100,1707,1323,384
49035100200,1343,1233,110
49035100306,5348,2585,2763
49035100307,5216,2878,2338
49035100308,4128,2044,2084
49035100500,6526,3313,3213
49035100600,8207,3487,4720
49035100700,2708,2449,259
49035100800,2561,2280,281
49035101000,3162,3039,123
49035101101,2196,2067,129
49035101102,3667,3480,187
49035101200,4232,3575,657
49035101400,5150,4868,282
49035101500,3313,3086,227
49035101600,3885,3513,372
49035101700,3444,3155,289
49035101800,3348,3060,288
49035101900,2470,2185,285
49035102000,2382,1898,484
49035102100,1460,1335,125
49035102300,2931,2296,635
49035102500,3116,2741,375
49035102600,3658,2014,1644
49035102701,5209,2869,2340
49035102702,4128,1380,2748
49035102801,6704,3670,3034
49035102802,5319,3609,1710
49035102900,4514,3019,1495
49035103000,3064,2497,567
49035103100,4477,3089,1388
49035103200,4191,3689,502
49035103300,4143,3878,265
49035103400,3891,3642,249
49035103500,3973,3776,197
49035103600,2648,2427,221
49035103700,2471,2399,72
49035103800,2514,2381,133
49035103900,3955,3661,294
49035104000,3252,3114,138
49035104100,2998,2896,102
49035104200,6282,6086,196
49035104300,2932,2802,130
49035104400,1859,1838,21
49035104700,5444,5081,363
49035104800,4826,4662,164
49035104900,3196,2821,375
49035110102,4213,4077,136
49035110103,3695,3473,222
49035110104,5478,5174,304
49035110200,5527,5267,260
49035110300,5658,5438,220
49035110401,3632,3491,141
49035110402,3931,3807,124
49035110500,6246,6012,234
49035110600,5473,5347,126
49035110701,4114,3815,299
49035110702,5196,4789,407
49035110800,5388,5272,116
49035110900,4610,4495,115
49035111001,4622,4547,75
49035111002,5623,5167,456
49035111101,6548,5798,750
49035111102,6290,5499,791
49035111103,5329,5099,230
49035111201,2896,2713,183
49035111202,4888,4607,281
49035111302,5828,5371,457
49035111304,3474,3419,55
49035111305,4094,4024,70
49035111306,2620,2385,235
49035111400,7149,5002,2147
49035111500,1850,1205,645
49035111600,7195,5399,1796
49035111701,6019,4681,1338
49035111702,4339,3475,864
49035111801,5672,5034,638
49035111802,2339,2000,339
49035111903,4318,3954,364
49035111904,3540,3391,149
49035111905,3353,2879,474
49035111906,4269,3486,783
49035112001,3493,2951,542
49035112002,4628,4402,226
49035112100,8390,6849,1541
49035112201,5577,4981,596
49035112202,3866,3592,274
49035112301,4022,3373,649
49035112302,3749,3570,179
49035112402,6685,3841,2844
49035112403,6286,4381,1905
49035112404,4021,2984,1037
49035112501,3901,3336,565
49035112502,7194,6175,1019
49035112503,4836,3824,1012
49035112604,4984,4537,447
49035112605,7101,6523,578
49035112608,5369,5080,289
49035112609,5476,5310,166
49035112610,4804,4136,668
49035112611,6706,6048,658
49035112612,4659,4005,654
49035112613,4835,4609,226
49035112614,3384,3346,38
49035112615,2333,2292,41
49035112616,4884,4577,307
49035112617,3712,3459,253
49035112618,3328,3011,317
49035112619,3420,3036,384
49035112700,6050,5188,862
49035112804,5643,5328,315
49035112805,5229,4906,323
49035112810,9193,8670,523
49035112812,5068,4485,583
49035112813,5310,4951,359
49035112814,5021,4784,237
49035112815,5542,5283,259
49035112816,5789,5561,228
49035112817,7398,6894,504
49035112818,2257,1828,429
49035112819,8102,7591,511
49035112820,8534,8061,473
49035112821,7195,6780,415
49035112822,4956,4256,700
49035112823,5034,4541,493
49035112904,6409,4922,1487
49035112905,5339,4890,449
49035112907,4647,3830,817
49035112912,2989,2441,548
49035112913,4935,4316,619
49035112914,6642,5124,1518
49035112916,5110,3777,1333
49035112917,3952,3427,525
49035112918,5866,4519,1347
49035112920,4603,4090,513
49035112921,4017,3509,508
49035113007,5441,5168,273
49035113008,6961,6582,379
49035113010,6978,6759,219
49035113011,6253,6044,209
49035113012,5376,5228,148
49035113013,5464,5270,194
49035113014,4740,4611,129
49035113016,6763,6302,461
49035113017,6804,6432,372
49035113019,8314,7916,398
49035113020,17538,16012,1526
49035113101,7564,5803,1761
49035113102,3644,2867,777
49035113105,4773,4268,505
49035113107,25753,23663,2090
49035113108,4272,3777,495
49035113305,8803,5055,3748
49035113306,5355,3649,1706
49035113307,7916,3307,4609
49035113308,5655,2789,2866
49035113309,5142,3392,1750
49035113310,2582,1652,930
49035113406,6801,3008,3793
49035113407,10388,6447,3941
49035113408,6156,4414,1742
49035113409,5384,3782,1602
49035113410,6546,4504,2042
49035113411,2758,1989,769
49035113412,3133,2170,963
49035113413,6169,4779,1390
49035113505,7408,4755,2653
49035113509,6805,3429,3376
49035113510,3344,2795,549
49035113511,4203,3389,814
49035113512,3745,3005,740
49035113513,6286,4415,1871
49035113514,6361,4227,2134
49035113515,5580,4977,603
49035113520,4534,3276,1258
49035113521,6079,4265,1814
49035113522,3448,3296,152
49035113523,6298,4269,2029
49035113525,7725,4962,2763
49035113526,5179,3729,1450
49035113527,4701,3060,1641
49035113528,5183,4521,662
49035113532,3209,2833,376
49035113533,4368,3983,385
49035113534,7771,6254,1517
49035113535,7590,6496,1094
49035113536,4450,2177,2273
49035113537,3787,2496,1291
49035113538,3317,1960,1357
49035113539,4858,3370,1488
49035113600,5500,3921,1579
49035113701,4106,2940,1166
49035113702,2838,1827,1011
49035113801,5641,3728,1913
49035113802,4658,2660,1998
49035113803,9358,6901,2457
49035113903,5209,3658,1551
49035113904,5564,4336,1228
49035113905,7683,5466,2217
49035113906,3929,2993,936
49035113907,8156,6030,2126
49035114000,1945,1777,168
49035114100,2470,2318,152
49035114200,4374,4170,204
49035114300,19259,15876,3383
49035114500,6443,4286,2157
49035114600,7596,7087,509
49035114700,4725,3100,1625
49035114800,3475,3358,117
49035115106,9962,9060,902
49035115209,7935,6718,1217
49035980000,0,0,0
49037942000,3350,3286,64
49037942100,3298,3266,32
49037978100,4021,3504,517
49037978200,4871,4679,192
49039972100,7956,7607,349
49039972200,3946,3222,724
49039972300,5610,4567,1043
49039972400,6893,6369,524
49039972500,4146,4067,79
49041975100,4335,4144,191
49041975200,2994,2810,184
49041975300,4913,4741,172
49041975400,3613,3411,202
49041975500,5058,4786,272
49043964101,2419,2145,274
49043964102,3500,3075,425
49043964201,3689,3150,539
49043964202,2856,2559,297
49043964203,188,121,67
49043964303,2913,2760,153
49043964304,5001,4394,607
49043964305,2328,1981,347
49043964306,2739,2476,263
49043964307,4950,4790,160
49043964308,3301,3016,285
49043964401,1682,1671,11
49043964402,3443,2383,1060
49045130600,2037,821,1216
49045130701,3985,3602,383
49045130702,15074,13473,1601
49045130703,7637,7202,435
49045130800,5470,5174,296
49045130900,4205,3446,759
49045131001,2789,2373,416
49045131002,8472,7532,940
49045131100,8964,8094,870
49045131200,3353,2906,447
49045980000,0,0,0
49047940201,5805,5581,224
49047968200,7946,7649,297
49047968301,6552,6032,520
49047968302,4728,4280,448
49047968401,4195,3644,551
49047968402,7082,6173,909
49049000102,4523,3935,588
49049000103,4310,3999,311
49049000104,2922,2713,209
49049000105,4624,4390,234
49049000203,4482,4226,256
49049000204,6050,5418,632
49049000205,3751,3658,93
49049000206,3669,3472,197
49049000400,3738,3449,289
49049000504,4235,4134,101
49049000505,3218,3076,142
49049000506,4532,4063,469
49049000507,2097,1898,199
49049000508,5446,5134,312
49049000509,6375,5276,1099
49049000601,3424,2962,462
49049000603,4381,4035,346
49049000604,2881,2523,358
49049000703,5493,4355,1138
49049000706,5674,4985,689
49049000707,3800,3287,513
49049000708,3295,2985,310
49049000709,2998,2691,307
49049000710,2900,2650,250
49049000711,2301,2201,100
49049000801,5803,4010,1793
49049000802,6210,4019,2191
49049000901,6033,3937,2096
49049000903,3513,3280,233
49049000904,3097,2948,149
49049001001,3764,3230,534
49049001002,2466,2171,295
49049001103,2354,2124,230
49049001105,3502,2977,525
49049001106,2963,2457,506
49049001107,3908,3470,438
49049001108,3469,2428,1041
49049001201,4237,3930,307
49049001202,5373,4001,1372
49049001300,3929,3517,412
49049001401,3133,2938,195
49049001402,6269,5142,1127
49049001501,4392,4146,246
49049001503,3947,3815,132
49049001504,5057,4674,383
49049001601,3070,2908,162
49049001602,2956,2773,183
49049001603,4080,3712,368
49049001701,4489,4379,110
49049001702,4891,4266,625
49049001801,5874,5576,298
49049001802,6690,6334,356
49049001803,2259,1975,284
49049001900,4485,3841,644
49049002000,7166,5162,2004
49049002101,4202,3864,338
49049002102,3125,2711,414
49049002201,7747,7140,607
49049002204,3959,3086,873
49049002205,4101,2927,1174
49049002206,3731,2648,1083
49049002207,3630,2528,1102
49049002300,3962,2650,1312
49049002400,1196,882,314
49049002500,4705,3764,941
49049002701,3195,2625,570
49049002702,5305,4284,1021
49049002801,4389,2027,2362
49049002802,1547,1102,445
49049002901,6796,5440,1356
49049002902,3582,2702,880
49049003001,4324,3699,625
49049003002,2233,2095,138
49049003103,2694,2621,73
49049003104,3770,3620,150
49049003105,4070,3536,534
49049003106,2875,2296,579
49049003201,2552,2188,364
49049003203,3900,3788,112
49049003204,2838,2588,250
49049003205,4365,3892,473
49049003300,6799,5567,1232
49049003401,3675,3260,415
49049003402,6605,5506,1099
49049003403,5058,4441,617
49049010103,7324,6702,622
49049010104,9221,8497,724
49049010105,9681,9037,644
49049010106,5645,5402,243
49049010107,2482,2458,24
49049010108,7944,7380,564
49049010109,8980,8338,642
49049010110,1762,1748,14
49049010111,8480,7923,557
49049010112,6725,6383,342
49049010113,6715,6343,372
49049010208,4301,4159,142
49049010209,5620,5585,35
49049010210,6415,6156,259
49049010211,3660,3552,108
49049010212,5270,4964,306
49049010213,3001,2937,64
49049010214,7227,6828,399
49049010215,7844,7523,321
49049010216,3149,3116,33
49049010217,5159,5110,49
49049010218,6386,6298,88
49049010219,4684,4604,80
49049010220,6745,6511,234
49049010303,4904,4530,374
49049010304,8397,7638,759
49049010305,3014,2797,217
49049010404,4710,4236,474
49049010405,3679,3353,326
49049010406,2223,2200,23
49049010407,2420,2290,130
49049010408,3812,3585,227
49049010409,2928,2778,150
49049010410,3645,3265,380
49049010411,5317,5134,183
49049010503,3513,3224,289
49049010504,3186,2934,252
49049010505,4231,3555,676
49049010506,1825,1283,542
49049010600,4087,3635,452
49049010700,5230,5004,226
49049010900,1208,1131,77
49049980100,0,0,0
49051940500,11187,8858,2329
49051960100,4074,3707,367
49051960200,6838,6218,620
49051960400,5796,5402,394
49053270100,9642,9408,234
49053270200,2947,2836,111
49053270300,9032,7503,1529
49053270400,7193,6798,395
49053270500,7915,7814,101
49053270600,7915,7223,692
49053270700,10375,8080,2295
49053270801,15660,14667,993
49053270802,7150,6010,1140
49053270901,3984,3822,162
49053270902,11274,10075,1199
49053271000,4245,3967,278
49053271100,9946,8317,1629
49053271200,4806,4082,724
49053271300,3951,3077,874
49053271400,3596,2933,663
49053271500,6701,6072,629
49053271600,6534,6102,432
49053271701,9172,8775,397
49053271702,6263,6161,102
49053271800,3658,3162,496
49055979100,2716,2579,137
49057200100,4683,3803,880
49057200202,3636,2604,1032
49057200203,5156,3182,1974
49057200204,5007,3373,1634
49057200300,7121,3960,3161
49057200400,1922,1024,898
49057200500,6664,4144,2520
49057200600,4534,3659,875
49057200700,2987,2611,376
49057200800,4760,2710,2050
49057200900,4058,2269,1789
49057201100,2017,1584,433
49057201200,2222,1065,1157
49057201301,2481,1379,1102
49057201302,3395,1936,1459
49057201400,3058,2863,195
49057201500,4055,3756,299
49057201600,4367,3545,822
49057201700,3578,1754,1824
49057201800,1926,684,1242
49057201900,1304,842,462
49057202000,5809,5319,490
49057210100,7138,6859,279
49057210201,4850,4409,441
49057210203,2675,2576,99
49057210204,4610,4381,229
49057210302,8077,7188,889
49057210303,7154,6840,314
49057210304,4690,4261,429
49057210402,7444,6704,740
49057210403,8476,8384,92
49057210404,2096,2036,60
49057210504,9537,9038,499
49057210505,8165,7520,645
49057210506,11223,8774,2449
49057210508,2346,1968,378
49057210509,4505,3769,736
49057210510,3550,3144,406
49057210511,4254,3642,612
49057210512,4382,3758,624
49057210600,7280,6720,560
49057210701,5823,4670,1153
49057210703,2548,2373,175
49057210704,5649,5033,616
49057210800,3216,2287,929
49057210900,7016,6194,822
49057211000,3344,3035,309
49057211100,5365,4648,717
49057211201,4548,4358,190
49057211202,6627,6261,366
50001960100,3854,3813,41
50001960200,2750,2732,18
50001960300,2631,2615,16
50001960400,5004,4845,159
50001960500,3907,3842,65
50001960600,2623,2617,6
50001960700,3916,3876,40
50001960800,4625,4377,248
50001960900,5270,5141,129
50001961000,2346,2303,43
50003970200,2055,2020,35
50003970300,1000,982,18
50003970400,4331,4282,49
50003970500,1040,1014,26
50003970600,3057,3037,20
50003970700,2572,2509,63
50003970800,3533,3478,55
50003970900,1996,1976,20
50003971000,3825,3682,143
50003971100,4773,4604,169
50003971200,4843,4807,36
50003971300,3478,3478,0
50005957000,4370,4316,54
50005957100,1968,1943,25
50005957200,2631,2631,0
50005957300,3280,3256,24
50005957400,3495,3426,69
50005957500,3956,3775,181
50005957600,2191,2170,21
50005957700,2933,2933,0
50005957800,2789,2767,22
50005957900,3246,3219,27
50007000100,4393,4183,210
50007000200,5369,5340,29
50007000300,3617,3617,0
50007000400,3380,3351,29
50007000500,4610,4521,89
50007000600,5127,4986,141
50007000800,2653,2560,93
50007000900,2589,2534,55
50007001000,2404,2287,117
50007001100,2257,2174,83
50007002101,2728,2718,10
50007002102,7944,7905,39
50007002200,8360,8090,270
50007002301,2327,2270,57
50007002302,6638,6608,30
50007002400,3187,3082,105
50007002500,4022,3925,97
50007002601,5579,5539,40
50007002602,4343,4244,99
50007002701,5749,5648,101
50007002702,5017,4926,91
50007002800,5052,5008,44
50007002900,6332,6296,36
50007003000,4114,4099,15
50007003100,9222,9099,123
50007003301,3998,3916,82
50007003304,6052,5961,91
50007003400,7623,7415,208
50007003501,3844,3826,18
50007003502,5218,5194,24
50007003503,1951,1882,69
50007003600,4041,3766,275
50007003900,6157,5913,244
50007004002,4613,4128,485
50007980000,0,0,0
50009950100,1930,1882,48
50009950200,983,982,1
50009950500,3260,3231,29
50011010100,7318,7247,71
50011010200,4506,4413,93
50011010300,3429,3375,54
50011010400,3175,3118,57
50011010500,6498,6423,75
50011010600,6305,6226,79
50011010700,3519,3451,68
50011010800,3339,3338,1
50011010900,4678,4541,137
50011011000,5858,5822,36
50013020100,3083,3042,41
50013020200,3862,3790,72
50015953000,2435,2427,8
50015953100,3776,3721,55
50015953200,3534,3445,89
50015953300,3040,2908,132
50015953400,2566,2545,21
50015953500,5393,5319,74
50015953600,4392,4376,16
50017959000,2201,2175,26
50017959101,2191,2119,72
50017959102,2392,2373,19
50017959200,3413,3405,8
50017959300,2530,2510,20
50017959400,4743,4635,108
50017959500,4341,4284,57
50017959600,2576,2553,23
50017959700,1766,1766,0
50017959800,2744,2717,27
50019951100,2263,2221,42
50019951200,2666,2641,25
50019951300,1806,1790,16
50019951400,1933,1917,16
50019951500,2493,2493,0
50019951600,4873,4816,57
50019951700,4158,3993,165
50019951800,2681,2673,8
50019951900,2400,2400,0
50019952000,1803,1777,26
50021962100,1694,1681,13
50021962200,3856,3834,22
50021962300,2557,2546,11
50021962400,2898,2889,9
50021962500,1622,1601,21
50021962600,2388,2380,8
50021962700,4058,4032,26
50021962800,2822,2771,51
50021963000,3950,3892,58
50021963100,3435,3435,0
50021963200,3134,3095,39
50021963300,5402,5223,179
50021963400,2452,2373,79
50021963500,1833,1831,2
50021963600,4610,4571,39
50021963700,2652,2557,95
50021963800,4354,4278,76
50021964000,3375,3357,18
50021964200,1691,1643,48
50021964300,1350,1339,11
50023954000,4450,4392,58
50023954100,2299,2238,61
50023954200,2645,2615,30
50023954300,5112,5024,88
50023954400,3101,3023,78
50023954500,2841,2823,18
50023954600,2203,2139,64
50023954700,1517,1510,7
50023954800,2169,2156,13
50023954900,1773,1685,88
50023955000,2599,2485,114
50023955100,4210,4210,0
50023955200,4621,4501,120
50023955300,4015,3989,26
50023955400,3843,3767,76
50023955500,6863,6669,194
50023955600,1699,1674,25
50023955700,1659,1642,17
50023955800,1344,1341,3
50025967000,3075,3039,36
50025967100,2045,1974,71
50025967200,3105,3071,34
50025967300,1409,1409,0
50025967400,856,856,0
50025967500,1075,1069,6
50025967600,3083,2927,156
50025967700,2669,2568,101
50025967800,1756,1740,16
50025967900,1390,1334,56
50025968000,1984,1943,41
50025968100,1453,1444,9
50025968200,1814,1787,27
50025968300,1904,1898,6
50025968400,3725,3622,103
50025968500,5578,5398,180
50025968600,2432,2408,24
50025968700,4256,4212,44
50027965000,3373,3251,122
50027965100,2793,2745,48
50027965200,2967,2946,21
50027965300,286,286,0
50027965400,3923,3878,45
50027965501,2973,2973,0
50027965502,2722,2722,0
50027965600,4063,4012,51
50027965700,3423,3423,0
50027965800,2986,2964,22
50027965900,3013,3008,5
50027966000,3463,3429,34
50027966100,2792,2773,19
50027966200,1745,1736,9
50027966300,2033,2011,22
50027966500,4170,3834,336
50027966600,4742,4742,0
50027966700,4427,4349,78
51001090100,2919,2882,37
51001090200,6407,6133,274
51001090300,2456,2298,158
51001090400,6165,4555,1610
51001090500,2574,2284,290
51001090600,3751,3661,90
51001090700,5126,4868,258
51001090800,3662,3469,193
51001980100,0,0,0
51001980200,0,0,0
51001990100,0,0,0
51001990200,0,0,0
51003010100,5575,5517,58
51003010201,4713,4244,469
51003010202,3251,3077,174
51003010300,8804,8387,417
51003010401,4390,4388,2
51003010402,3080,2969,111
51003010500,5325,5292,33
51003010601,6052,5873,179
51003010602,3533,3466,67
51003010700,5629,5027,602
51003010800,4635,4414,221
51003010901,1785,1654,131
51003010902,3320,2990,330
51003010903,3715,3499,216
51003011000,6087,6019,68
51003011100,8221,8124,97
51003011201,4296,4071,225
51003011202,3522,3364,158
51003011301,5675,5493,182
51003011302,4291,2648,1643
51003011303,3867,3645,222
51003011400,4521,4294,227
51005070100,3984,3803,181
51005080100,3080,3080,0
51005080201,2718,2718,0
51005080202,2519,2501,18
51005080301,2175,2171,4
51005080302,1443,1418,25
51007930100,7281,7129,152
51007930200,5512,5512,0
51009010100,4743,4523,220
51009010200,7700,7482,218
51009010300,3655,3636,19
51009010401,3609,3566,43
51009010402,3052,2973,79
51009010502,405,405,0
51009010503,2396,2295,101
51009010504,3485,3466,19
51009010600,2954,2954,0
51011040100,6527,6445,82
51011040200,4443,4395,48
51011040300,4344,4288,56
51013100100,5149,4748,401
51013100200,6589,6122,467
51013100300,6269,6137,132
51013100400,4033,3518,515
51013100500,4485,4296,189
51013100600,3176,2841,335
51013100700,5919,5281,638
51013100800,1615,1374,241
51013100900,4658,4137,521
51013101000,3338,3105,233
51013101100,5945,5798,147
51013101200,4044,3302,742
51013101300,6966,6274,692
51013101401,1407,1342,65
51013101402,3008,2813,195
51013101403,5538,5145,393
51013101404,4972,4588,384
51013101500,7110,6339,771
51013101601,1375,1202,173
51013101602,1650,1388,262
51013101603,3856,3605,251
51013101701,3855,3279,576
51013101702,4733,4100,633
51013101703,2052,1909,143
51013101801,3133,2948,185
51013101802,7035,5599,1436
51013101803,4216,3604,612
51013101900,3123,2917,206
51013102001,2943,1824,1119
51013102002,1449,1265,184
51013102003,3733,2568,1165
51013102100,2414,2157,257
51013102200,8238,4291,3947
51013102301,1612,1481,131
51013102302,4184,2658,1526
51013102400,3286,2907,379
51013102500,5266,4774,492
51013102600,3506,2437,1069
51013102701,4034,2558,1476
51013102702,2184,1407,777
51013102801,8160,5292,2868
51013102802,1348,1139,209
51013102901,2742,2500,242
51013102902,4239,3472,767
51013103000,3247,3095,152
51013103100,7066,4573,2493
51013103200,5861,4902,959
51013103300,2236,2031,205
51013103401,1021,956,65
51013103402,5793,5499,294
51013103501,3195,2888,307
51013103502,4022,3577,445
51013103503,3484,3298,186
51013103601,2702,2568,134
51013103602,1247,1183,64
51013103700,2607,2178,429
51013103800,5001,4104,897
51013980100,15,15,0
51013980200,8,8,0
51015070100,4532,4352,180
51015070200,3541,3446,95
51015070300,6170,5894,276
51015070400,4907,4813,94
51015070500,5612,5600,12
51015070600,9537,9332,205
51015070700,6616,6490,126
51015070800,5913,5861,52
51015070900,4772,4697,75
51015071000,5604,5554,50
51015071101,4554,4293,261
51015071102,6486,6356,130
51015071200,6086,5838,248
51017920100,4558,4421,137
51019030101,6716,6600,116
51019030103,6392,6245,147
51019030104,4501,4408,93
51019030201,8368,8084,284
51019030202,5865,5706,159
51019030300,3570,3569,1
51019030401,3032,2986,46
51019030402,6810,6746,64
51019030501,4915,4734,181
51019030503,2326,2290,36
51019030504,2625,2610,15
51019030601,3235,3119,116
51019030602,3792,3762,30
51019030603,2562,2469,93
51019030604,2775,2736,39
51019030605,3154,3126,28
51019050100,6295,6231,64
51021040100,3905,3873,32
51021040200,2707,2700,7
51023040100,3462,3439,23
51023040200,4284,4274,10
51023040301,3100,3082,18
51023040302,7474,7415,59
51023040401,2226,2170,56
51023040402,4895,4579,316
51023040501,6447,6447,0
51023040502,1304,1304,0
51025930100,3482,3467,15
51025930201,2110,2082,28
51025930202,1559,1487,72
51025930203,4272,4067,205
51025930300,5150,5141,9
51027010100,4634,4611,23
51027010200,3140,3140,0
51027010300,3247,3247,0
51027010400,2200,2200,0
51027010500,1572,1572,0
51027010600,4065,4025,40
51027010700,4300,4300,0
51029930101,4298,4159,139
51029930102,3008,2998,10
51029930201,5479,5410,69
51029930202,4245,4060,185
51031020101,5751,5445,306
51031020102,4411,4385,26
51031020200,4382,4374,8
51031020300,4088,4010,78
51031020401,5433,5270,163
51031020402,3233,3165,68
51031020403,5766,5673,93
51031020500,7554,7433,121
51031020600,3650,3617,33
51031020700,3478,3339,139
51031020800,3440,3414,26
51031020900,3875,3848,27
51033030100,5485,5008,477
51033030201,2683,2600,83
51033030202,1729,1729,0
51033030300,3078,3003,75
51033030400,1726,1717,9
51033030500,11701,11168,533
51033030600,3238,3189,49
51035080100,3372,3301,71
51035080200,4479,4382,97
51035080300,4777,4494,283
51035080400,5533,5369,164
51035080500,5030,4891,139
51035080601,1967,1919,48
51035080602,4575,4499,76
51036600100,2866,2798,68
51036600200,2303,2252,51
51036600300,1917,1909,8
51037930100,5280,5274,6
51037930200,2946,2885,61
51037930300,4006,3957,49
51041100106,3036,2874,162
51041100107,2324,1927,397
51041100205,8322,5961,2361
51041100206,5389,4567,822
51041100208,2462,2359,103
51041100209,6155,5740,415
51041100210,1748,1562,186
51041100300,2459,1735,724
51041100403,5394,5245,149
51041100404,2137,1168,969
51041100405,2570,1337,1233
51041100406,1198,1060,138
51041100407,3216,2827,389
51041100409,7107,6686,421
51041100410,2048,1999,49
51041100505,5599,5330,269
51041100506,6924,5619,1305
51041100507,6710,6150,560
51041100508,5287,5003,284
51041100509,7016,6679,337
51041100510,3884,3537,347
51041100600,3111,2953,158
51041100701,5578,5296,282
51041100702,2103,2007,96
51041100703,7809,7598,211
51041100804,4354,4258,96
51041100805,5514,4578,936
51041100806,3513,2816,697
51041100807,1515,1231,284
51041100812,5999,5073,926
51041100814,3854,3133,721
51041100815,4022,3894,128
51041100816,4689,4372,317
51041100817,3717,3364,353
51041100818,3768,3497,271
51041100819,6556,5434,1122
51041100820,3093,2738,355
51041100821,4661,4571,90
51041100822,4962,4913,49
51041100823,5609,5480,129
51041100902,3967,3916,51
51041100907,2781,2139,642
51041100910,5512,5172,340
51041100912,6683,6563,120
51041100915,3971,3848,123
51041100919,7099,6515,584
51041100920,1182,1063,119
51041100921,6351,5723,628
51041100922,5275,4560,715
51041100923,2371,2350,21
51041100924,4628,4557,71
51041100926,6350,6120,230
51041100927,8077,7731,346
51041100928,5897,5630,267
51041100929,6657,6419,238
51041100930,3358,3244,114
51041100931,5700,5616,84
51041100932,3969,3868,101
51041100933,2619,2418,201
51041100934,7484,7179,305
51041100935,3799,3790,9
51041100936,3791,3751,40
51041101003,6273,6021,252
51041101004,4647,4536,111
51041101007,6387,6183,204
51041101008,4825,4790,35
51041101009,6167,5875,292
51041101010,7989,7689,300
51041101011,3296,2953,343
51041101012,5773,5213,560
51041101013,3549,3476,73
51043010100,8158,7858,300
51043010200,3210,2958,252
51043010300,2939,2869,70
51045050100,5195,5194,1
51047930101,4515,4002,513
51047930102,8265,8083,182
51047930201,7481,6630,851
51047930202,6080,5793,287
51047930300,6273,5194,1079
51047930400,5136,4724,412
51047930501,5624,5313,311
51047930502,5578,4651,927
51049930100,6113,6113,0
51049930200,3656,3641,15
51051040100,4420,4399,21
51051040200,2796,2735,61
51051040300,5084,5055,29
51051040400,3004,3001,3
51053840100,5596,5596,0
51053840200,4859,4692,167
51053840300,6505,6119,386
51053840400,1010,964,46
51053840500,3125,2896,229
51053840600,7060,7027,33
51053980100,0,0,0
51057950600,3259,3259,0
51057950700,4136,4136,0
51057950800,3735,3707,28
51059415100,3646,3062,584
51059415200,3059,2921,138
51059415300,3705,2750,955
51059415401,5410,3826,1584
51059415402,2966,2645,321
51059415500,6049,5511,538
51059415600,2740,2625,115
51059415700,3961,3770,191
51059415800,4933,4654,279
51059415900,3178,2902,276
51059416000,5600,4170,1430
51059416100,3691,3465,226
51059416200,5443,4521,922
51059416300,2137,2090,47
51059420100,4006,2751,1255
51059420201,4282,3628,654
51059420202,2066,1873,193
51059420203,2696,2457,239
51059420300,6005,4622,1383
51059420400,3310,2655,655
51059420501,1625,1527,98
51059420502,1949,1460,489
51059420503,3200,2561,639
51059420600,4795,3605,1190
51059420700,4296,3530,766
51059420800,4106,2898,1208
51059421001,2979,2324,655
51059421002,4844,4348,496
51059421101,6259,5656,603
51059421102,3676,3255,421
51059421103,5276,4918,358
51059421200,2015,1869,146
51059421300,3903,3321,582
51059421400,8694,5314,3380
51059421500,7064,3485,3579
51059421600,6414,3456,2958
51059421701,5301,2755,2546
51059421702,4211,2909,1302
51059421800,6487,4591,1896
51059421900,3157,2699,458
51059422000,3621,3165,456
51059422101,7084,5654,1430
51059422102,7025,5919,1106
51059422201,3504,3341,163
51059422202,5954,5619,335
51059422301,3246,2768,478
51059422302,5301,4937,364
51059422401,2464,2222,242
51059422402,5127,4511,616
51059422403,2804,2613,191
51059430101,4733,4337,396
51059430102,3032,2742,290
51059430201,4418,3928,490
51059430202,5294,4888,406
51059430203,2717,2467,250
51059430400,6862,5995,867
51059430500,1873,1756,117
51059430600,7032,3985,3047
51059430700,3049,2326,723
51059430801,4687,3950,737
51059430802,4032,3246,786
51059430901,4255,3768,487
51059430902,3544,2754,790
51059431001,4858,4064,794
51059431002,2306,1820,486
51059431300,4231,3929,302
51059431400,4716,4271,445
51059431500,5338,4846,492
51059431600,7922,7575,347
51059431801,4397,3546,851
51059431802,3381,2781,600
51059431900,3094,2730,364
51059432000,3673,3152,521
51059432100,3911,3232,679
51059432201,2404,1856,548
51059432202,4798,4042,756
51059432300,5207,4644,563
51059432401,3793,3476,317
51059432402,5008,4425,583
51059432500,5486,5175,311
51059432600,4752,4231,521
51059432701,3289,3101,188
51059432702,4654,3617,1037
51059432800,2302,2068,234
51059440100,7497,6788,709
51059440201,2857,2267,590
51059440202,5960,5142,818
51059440300,2717,2661,56
51059440501,5101,4411,690
51059440502,7971,7308,663
51059440600,3065,2426,639
51059440701,3105,2778,327
51059440702,5673,5294,379
51059440800,6510,5701,809
51059450100,5452,4285,1167
51059450200,4157,2361,1796
51059450300,4741,3190,1551
51059450400,2835,2177,658
51059450500,3302,1941,1361
51059450601,4309,3581,728
51059450602,4368,2753,1615
51059450701,3046,2569,477
51059450702,4690,2106,2584
51059450800,3574,2935,639
51059450900,1677,1244,433
51059451000,2584,2214,370
51059451100,2298,1830,468
51059451200,1756,1610,146
51059451300,2477,1970,507
51059451400,3184,1494,1690
51059451501,5358,4365,993
51059451502,5436,3017,2419
51059451601,6180,1348,4832
51059451602,2724,2262,462
51059451800,3777,2622,1155
51059451900,4980,3600,1380
51059452000,2811,2401,410
51059452101,5518,3928,1590
51059452102,3647,2728,919
51059452200,7062,4371,2691
51059452301,3568,2224,1344
51059452302,4876,2471,2405
51059452400,7197,5333,1864
51059452501,3902,3077,825
51059452502,6017,3901,2116
51059452600,8248,5184,3064
51059452700,5584,3787,1797
51059452801,5632,5381,251
51059452802,2933,2698,235
51059460100,4518,4336,182
51059460200,4282,4170,112
51059460300,2932,2725,207
51059460400,4845,4491,354
51059460501,2743,2598,145
51059460502,7620,6921,699
51059460600,4190,3849,341
51059460701,3402,2858,544
51059460702,4547,4322,225
51059460800,3291,3006,285
51059460900,2616,2468,148
51059461000,2522,2367,155
51059461100,7791,6742,1049
51059461201,4536,4248,288
51059461202,5901,5585,316
51059461500,6513,6035,478
51059461601,6813,6500,313
51059461602,4836,4226,610
51059461700,7085,6424,661
51059461801,1510,1425,85
51059461802,5574,4868,706
51059461901,4124,3401,723
51059461902,1969,1000,969
51059470100,2736,2588,148
51059470300,3169,3030,139
51059470400,4753,4402,351
51059470500,5680,5506,174
51059470600,2734,2579,155
51059470700,5502,4884,618
51059470800,3224,3053,171
51059470900,7078,6533,545
51059471000,2058,1994,64
51059471100,6797,5500,1297
51059471201,3670,3333,337
51059471202,5222,4200,1022
51059471301,4435,2956,1479
51059471303,4415,3504,911
51059471304,1927,1811,116
51059471401,4129,3315,814
51059471402,3630,2610,1020
51059480100,4142,3985,157
51059480201,4607,4503,104
51059480202,4170,3943,227
51059480203,2317,2280,37
51059480300,8164,7842,322
51059480401,4293,4066,227
51059480402,6186,5974,212
51059480501,3471,3069,402
51059480502,5749,5048,701
51059480503,3399,3136,263
51059480504,2070,1992,78
51059480505,3050,2827,223
51059480801,5313,3373,1940
51059480802,3554,2946,608
51059480901,7216,4060,3156
51059480902,4133,2469,1664
51059480903,4199,2768,1431
51059481000,6321,4075,2246
51059481101,2539,2217,322
51059481102,3483,3295,188
51059481103,3668,3135,533
51059481104,3041,2866,175
51059481105,5251,4879,372
51059481106,5517,5129,388
51059481201,1156,1090,66
51059481202,6612,4397,2215
51059481400,6817,6343,474
51059481500,2251,2163,88
51059481600,3448,3188,260
51059481701,6287,6166,121
51059481702,4842,4188,654
51059481900,6149,5725,424
51059482001,4887,4603,284
51059482002,3373,3099,274
51059482100,3743,3195,548
51059482201,2371,1801,570
51059482202,3258,3094,164
51059482203,4111,3834,277
51059482301,4621,4233,388
51059482302,4365,2936,1429
51059482303,3737,3424,313
51059482400,2292,2179,113
51059482501,9193,8113,1080
51059482502,3242,3032,210
51059482503,4919,4635,284
51059482504,5282,4858,424
51059482601,7103,6534,569
51059482602,7305,7095,210
51059490101,5333,4771,562
51059490103,5973,4362,1611
51059490501,2976,2624,352
51059490502,6212,5970,242
51059491000,1961,1909,52
51059491101,3778,3580,198
51059491102,3290,3029,261
51059491103,6302,4744,1558
51059491201,6090,5166,924
51059491202,1613,1423,190
51059491301,7319,5714,1605
51059491302,3552,3204,348
51059491303,4536,3642,894
51059491401,4858,4028,830
51059491402,4822,3804,1018
51059491403,3721,3359,362
51059491404,3927,3459,468
51059491405,2792,2614,178
51059491501,7426,7144,282
51059491502,6747,6262,485
51059491601,5164,4163,1001
51059491602,5716,4618,1098
51059491701,4088,3568,520
51059491702,7581,6427,1154
51059491703,4753,4161,592
51059491704,5395,4881,514
51059491705,3378,3195,183
51059491801,2532,2260,272
51059491802,2889,2187,702
51059491803,6804,6121,683
51059492000,6181,6077,104
51059492100,6419,6224,195
51059492201,2872,2628,244
51059492202,6540,6360,180
51059492203,4140,4005,135
51059492300,3380,2758,622
51059492400,4459,3643,816
51059492500,4164,4113,51
51059980100,0,0,0
51059980200,0,0,0
51059980300,0,0,0
51061930100,5435,4841,594
51061930203,2606,2577,29
51061930204,3311,3196,115
51061930205,1916,1869,47
51061930206,2175,2108,67
51061930207,1855,1657,198
51061930302,7743,7017,726
51061930303,3509,3453,56
51061930304,2566,2488,78
51061930401,5626,5434,192
51061930402,5597,5455,142
51061930403,6976,6647,329
51061930703,2749,2440,309
51061930704,4110,3993,117
51061930705,3656,2918,738
51061930706,5962,5109,853
51061930707,2233,1940,293
51063920101,6092,6027,65
51063920102,3880,3822,58
51063920200,5615,5315,300
51065020101,6411,6024,387
51065020102,9358,9119,239
51065020200,5492,5291,201
51065020300,4785,4754,31
51067020101,5049,5016,33
51067020102,2693,2693,0
51067020200,5914,5413,501
51067020300,6504,6455,49
51067020400,5420,5384,36
51067020500,7982,7939,43
51067020600,3976,3899,77
51067020700,5061,4949,112
51067020800,6517,6178,339
51067020900,7114,6792,322
51069050100,4561,4313,248
51069050200,4012,3888,124
51069050300,6062,5946,116
51069050400,6470,6392,78
51069050500,5623,5308,315
51069050600,4681,4385,296
51069050700,3134,2937,197
51069050801,4350,3667,683
51069050802,7044,6562,482
51069050803,7246,6962,284
51069050900,4577,3835,742
51069051000,10226,9603,623
51069051101,7479,6942,537
51069051102,6856,5458,1398
51071930100,1916,1916,0
51071930200,3489,3258,231
51071930300,5781,5757,24
51071930400,5685,5685,0
51073100100,7538,7454,84
51073100201,5602,5508,94
51073100202,3671,3594,77
51073100203,3804,3766,38
51073100301,5433,5248,185
51073100302,5810,5558,252
51073100400,1389,1370,19
51073100500,3774,3364,410
51075400100,7013,6838,175
51075400200,4037,3846,191
51075400300,1243,1235,8
51075400400,5375,5346,29
51075400500,4311,4174,137
51077060101,2712,2650,62
51077060102,4358,4214,144
51077060201,3196,3014,182
51077060202,2848,2835,13
51077060300,2066,2023,43
51079030101,3732,3676,56
51079030102,5738,5476,262
51079030200,9615,8947,668
51081880101,4197,4168,29
51081880102,2928,2676,252
51081880200,4573,4403,170
51083930100,2191,2161,30
51083930201,5026,4955,71
51083930202,2648,2636,12
51083930301,2539,2459,80
51083930302,4759,4722,37
51083930400,3766,3671,95
51083930500,3973,3905,68
51083930600,5744,5471,273
51083930800,4659,4649,10
51085320100,6154,6037,117
51085320200,5941,5853,88
51085320300,3783,3758,25
51085320400,4728,4677,51
51085320500,3149,3109,40
51085320601,4347,4113,234
51085320602,3145,2751,394
51085320701,3443,3351,92
51085320702,2950,2899,51
51085320801,2654,2633,21
51085320803,5753,5600,153
51085320804,5324,5180,144
51085320805,2930,2857,73
51085320900,8060,7806,254
51085321001,3516,3474,42
51085321002,7325,7209,116
51085321100,5853,5551,302
51085321201,4580,4402,178
51085321202,3697,3697,0
51085321300,6251,6034,217
51085321401,2202,2170,32
51085321402,3385,3315,70
51085321403,3029,3013,16
51087200104,5795,5359,436
51087200105,7515,6139,1376
51087200106,4832,4369,463
51087200107,7912,7602,310
51087200108,2824,2815,9
51087200109,3896,3834,62
51087200112,5017,4955,62
51087200116,5427,5066,361
51087200119,9535,9228,307
51087200120,7749,7669,80
51087200121,7096,6870,226
51087200122,4636,4605,31
51087200123,3629,3146,483
51087200124,4667,4480,187
51087200125,4133,3952,181
51087200126,3513,3216,297
51087200127,6054,5869,185
51087200128,5273,5187,86
51087200129,13700,13209,491
51087200130,6963,6593,370
51087200201,2706,2665,41
51087200202,4063,4034,29
51087200301,1322,1290,32
51087200302,3145,2988,157
51087200303,3508,3074,434
51087200305,4142,4077,65
51087200404,3114,2598,516
51087200406,9159,8777,382
51087200407,5237,4920,317
51087200409,2552,2099,453
51087200410,5069,3619,1450
51087200411,4878,4537,341
51087200412,2169,1795,374
51087200413,5108,5038,70
51087200414,6376,5982,394
51087200501,2260,1826,434
51087200502,2168,1971,197
51087200503,4385,3878,507
51087200600,5034,4464,570
51087200700,3797,3450,347
51087200801,3219,2938,281
51087200802,2127,2063,64
51087200804,5528,5210,318
51087200805,4479,4479,0
51087200903,7931,7494,437
51087200904,6589,6379,210
51087200905,5204,4953,251
51087200906,4674,4600,74
51087201001,6953,6747,206
51087201002,2725,2648,77
51087201003,5019,4914,105
51087201101,6493,6334,159
51087201102,4562,4364,198
51087201201,7052,6796,256
51087201202,5714,5680,34
51087201401,4593,4430,163
51087201403,6150,6038,112
51087201404,4207,4184,23
51087201501,11055,10542,513
51087201502,5666,5571,95
51087201601,2991,2991,0
51087201602,5225,5088,137
51087201701,3407,3380,27
51087980100,0,0,0
51089010100,3743,3372,371
51089010200,5674,5662,12
51089010300,5425,5416,9
51089010400,3533,2904,629
51089010500,3954,3419,535
51089010601,2782,2782,0
51089010602,3983,3797,186
51089010700,3427,3382,45
51089010800,2201,2064,137
51089010900,2340,2296,44
51089011000,4936,4691,245
51089011100,2627,2518,109
51089011200,3571,3328,243
51089011300,4013,3857,156
51091970100,2230,2230,0
51093280101,4080,4070,10
51093280103,7260,6834,426
51093280104,4560,4401,159
51093280105,4150,3986,164
51093280106,2746,2669,77
51093280200,4231,4144,87
51093280300,5195,5195,0
51093280400,3805,3783,22
51095080101,5611,5405,206
51095080102,4331,3642,689
51095080202,5478,5391,87
51095080203,3461,3393,68
51095080205,4012,3769,243
51095080206,10611,10052,559
51095080301,8593,8026,567
51095080303,8439,8312,127
51095080304,6119,6009,110
51095080401,8085,7200,885
51095080402,7160,6899,261
51097950400,4194,4005,189
51097950500,2946,2914,32
51099040100,5872,5228,644
51099040200,4195,4195,0
51099040300,8070,7825,245
51099040400,4417,4278,139
51099040500,2706,2612,94
51101950101,3944,3831,113
51101950102,6274,6274,0
51101950200,2567,2555,12
51101950300,3371,3371,0
51103030100,3458,3377,81
51103030200,3816,3772,44
51103030300,3781,3720,61
51103990100,0,0,0
51105950100,2953,2953,0
51105950200,4306,4301,5
51105950300,5226,4832,394
51105950400,3316,3316,0
51105950500,5140,5111,29
51105950600,3970,3950,20
51107610101,4475,4222,253
51107610102,3650,3418,232
51107610201,4270,4147,123
51107610202,5017,4580,437
51107610300,7685,7024,661
51107610400,4879,4551,328
51107610503,7719,7027,692
51107610504,8218,6710,1508
51107610505,5951,2685,3266
51107610506,6101,4802,1299
51107610507,6754,6468,286
51107610601,7848,7522,326
51107610602,2487,2271,216
51107610603,3013,2497,516
51107610604,7947,7168,779
51107610701,5404,5099,305
51107610702,6703,5886,817
51107610703,4587,4187,400
51107610800,5024,4761,263
51107610900,2323,2059,264
51107611002,5045,4298,747
51107611004,8393,7568,825
51107611005,5675,5384,291
51107611006,5842,5253,589
51107611009,4995,4426,569
51107611010,1575,1560,15
51107611011,3666,3094,572
51107611012,4682,4480,202
51107611013,4340,3858,482
51107611014,5183,4047,1136
51107611015,2481,1896,585
51107611016,3290,2810,480
51107611017,3013,2879,134
51107611018,2724,2141,583
51107611019,6240,5639,601
51107611020,6047,5251,796
51107611021,7722,7154,568
51107611022,6727,6295,432
51107611023,6450,5754,696
51107611024,7697,7099,598
51107611025,10378,9795,583
51107611101,4189,3534,655
51107611102,6553,5747,806
51107611202,4612,4283,329
51107611204,6072,4116,1956
51107611205,6334,4516,1818
51107611206,4109,3451,658
51107611207,4450,4070,380
51107611208,4578,4127,451
51107611209,6738,6231,507
51107611300,5958,3784,2174
51107611400,5670,4033,1637
51107611501,3024,2096,928
51107611502,6276,4461,1815
51107611601,4356,3321,1035
51107611602,4211,1988,2223
51107611700,6860,4479,2381
51107611801,7213,6669,544
51107611802,11174,10364,810
51107611803,6713,6208,505
51107611804,6264,5718,546
51107611805,4922,4640,282
51107611806,10163,9272,891
51107611900,9776,9355,421
51107980100,0,0,0
51109950100,7277,7066,211
51109950201,4916,4738,178
51109950202,4009,3835,174
51109950300,9206,9004,202
51109950400,2977,2926,51
51109950500,5965,5905,60
51111930100,5691,5492,199
51111930200,4293,4203,90
51111930300,2466,2230,236
51113930100,7635,7422,213
51113930200,5487,5409,78
51115951300,4961,4872,89
51115951400,3887,3887,0
51115990100,0,0,0
51117930101,2956,2797,159
51117930102,2990,2936,54
51117930200,5989,5865,124
51117930300,3173,2988,185
51117930400,5597,5597,0
51117930500,1835,1835,0
51117930600,2757,2717,40
51117930700,2469,2376,93
51117930800,3443,3280,163
51119950900,1823,1815,8
51119951000,3724,3696,28
51119951100,2589,2589,0
51119951200,2592,2565,27
51119990100,0,0,0
51121020100,8361,8000,361
51121020201,5664,5342,322
51121020202,2135,2103,32
51121020300,6901,6765,136
51121020400,7129,6808,321
51121020500,6380,6002,378
51121020600,6148,6006,142
51121020700,6615,6392,223
51121020800,6869,6676,193
51121020900,5094,5084,10
51121021000,4981,4951,30
51121021100,7673,7378,295
51121021200,6489,6315,174
51121021300,3444,3382,62
51121021400,5399,5231,168
51121021500,7945,7856,89
51125950100,5140,4972,168
51125950200,5063,4876,187
51125950300,4628,4439,189
51127700100,6067,6026,41
51127700200,4997,4884,113
51127700300,8987,8617,370
51131930100,4772,4328,444
51131930200,3277,3018,259
51131930300,4069,3773,296
51131990100,0,0,0
51133020100,3673,3656,17
51133020200,3164,3137,27
51133020300,5435,5435,0
51133990100,0,0,0
51135000100,5508,5222,286
51135000200,3077,3060,17
51135000300,7039,6744,295
51135980100,17,17,0
51137110102,9168,8802,366
51137110103,10430,10027,403
51137110104,3485,3353,132
51137110200,5121,4671,450
51137110300,6669,6552,117
51139030100,2516,2451,65
51139030200,4013,3938,75
51139030300,4871,4795,76
51139030400,6553,6477,76
51139030500,5806,5661,145
51141030100,4911,4817,94
51141030200,6375,6189,186
51141030301,2818,2677,141
51141030302,4076,4000,76
51143010100,4022,4022,0
51143010200,4280,4253,27
51143010300,4191,4113,78
51143010400,4097,4028,69
51143010500,4920,4764,156
51143010600,2904,2866,38
51143010700,1814,1604,210
51143010801,2553,2529,24
51143010802,6238,6089,149
51143010900,2535,2493,42
51143011001,4309,4198,111
51143011002,4838,4838,0
51143011100,2941,2698,243
51143011200,2283,2071,212
51143011300,6291,6274,17
51143011400,4176,4033,143
51145500101,6298,6191,107
51145500102,5465,5425,40
51145500200,8744,8578,166
51145500300,3018,2831,187
51145500400,4761,4701,60
51147930100,7298,7255,43
51147930201,3330,3023,307
51147930202,3617,3596,21
51147930203,1728,1668,60
51147930300,7104,6971,133
51149850100,4027,3675,352
51149850200,5193,4085,1108
51149850301,7320,6730,590
51149850302,4483,4303,180
51149850400,5428,5284,144
51149850501,5936,5692,244
51149850502,5277,5149,128
51153900100,3383,2822,561
51153900201,2074,1191,883
51153900202,4355,2216,2139
51153900203,5168,3279,1889
51153900300,8651,6649,2002
51153900403,5297,3790,1507
51153900404,5801,3381,2420
51153900407,7117,5591,1526
51153900408,4740,3636,1104
51153900409,5407,3135,2272
51153900410,5167,3942,1225
51153900501,8519,3155,5364
51153900502,3367,2875,492
51153900600,7602,3552,4050
51153900701,6632,5233,1399
51153900702,7826,6019,1807
51153900801,6353,5491,862
51153900802,7174,5612,1562
51153900901,5731,3910,1821
51153900904,5334,4540,794
51153900905,5382,4762,620
51153901001,6874,5534,1340
51153901005,5582,4832,750
51153901008,8484,6204,2280
51153901009,6692,6397,295
51153901010,4517,4145,372
51153901011,5529,4768,761
51153901012,3098,2930,168
51153901100,6301,5077,1224
51153901203,4649,3007,1642
51153901208,3382,2859,523
51153901209,6404,4984,1420
51153901211,4733,3055,1678
51153901212,8619,5851,2768
51153901219,5321,4938,383
51153901221,5124,4489,635
51153901222,2759,2243,516
51153901223,6598,5171,1427
51153901224,4451,3553,898
51153901225,4686,3656,1030
51153901226,5722,4572,1150
51153901227,5414,3422,1992
51153901228,6365,5379,986
51153901229,4315,3484,831
51153901230,4382,3635,747
51153901231,6276,5705,571
51153901232,5014,4628,386
51153901233,6986,6146,840
51153901234,2771,2569,202
51153901235,3186,2869,317
51153901236,5212,4800,412
51153901237,3763,3176,587
51153901303,5037,4231,806
51153901304,2391,2110,281
51153901305,3312,2910,402
51153901306,5714,5350,364
51153901403,6258,4063,2195
51153901407,3987,2058,1929
51153901408,7585,4594,2991
51153901409,6928,5602,1326
51153901410,7874,6954,920
51153901411,6029,5588,441
51153901412,7701,7066,635
51153901413,4506,3977,529
51153901414,5322,4481,841
51153901415,4203,3655,548
51153901416,4876,4455,421
51153901417,2196,2093,103
51153901503,5683,5174,509
51153901504,3738,3685,53
51153901505,7320,6850,470
51153901506,5447,4672,775
51153901507,2843,2451,392
51153901508,5240,4520,720
51153901509,5402,5166,236
51153901510,5441,4953,488
51153901511,3282,3140,142
51153901601,3849,2582,1267
51153901602,7971,5245,2726
51153901701,7975,4117,3858
51153901702,4449,1762,2687
51153901900,6782,4150,2632
51153980100,0,0,0
51155210100,6905,6886,19
51155210201,3762,3566,196
51155210202,3718,3687,31
51155210300,4452,4346,106
51155210400,5104,5034,70
51155210500,2565,2531,34
51155210600,4303,4279,24
51155210700,3608,3563,45
51155980100,0,0,0
51155980200,0,0,0
51157950100,2718,2578,140
51157950200,4698,4581,117
51159040100,4910,4693,217
51159040200,3958,3614,344
51161030100,3584,3560,24
51161030201,4580,4369,211
51161030203,4158,4052,106
51161030204,6398,6173,225
51161030205,3859,3850,9
51161030300,6493,6253,240
51161030500,4283,4242,41
51161030600,8025,7838,187
51161030701,6407,6388,19
51161030702,5971,5899,72
51161030801,6057,5551,506
51161030802,4818,4439,379
51161030900,5619,5502,117
51161031000,3722,3680,42
51161031101,4491,4491,0
51161031102,3679,3570,109
51161031201,5151,5094,57
51161031202,6360,6187,173
51163930100,7905,7832,73
51163930200,3869,3773,96
51163930300,6421,6378,43
51163930400,4255,4116,139
51165010100,2972,2965,7
51165010200,3569,3501,68
51165010300,4716,4523,193
51165010400,2422,2373,49
51165010500,3021,1916,1105
51165010600,4065,3904,161
51165010700,3594,3593,1
51165010800,6323,5909,414
51165010900,2574,2377,197
51165011000,2965,2930,35
51165011100,3424,3398,26
51165011200,4740,4516,224
51165011400,5417,4709,708
51165011500,6057,5821,236
51165011600,2189,2154,35
51165011700,3621,2945,676
51165011800,8294,7883,411
51165011900,3229,3140,89
51165012000,5235,5006,229
51167030100,4858,4791,67
51167030200,5086,5038,48
51167030300,3943,3923,20
51167030401,5692,5613,79
51167030402,2770,2761,9
51167030500,2230,2230,0
51167030600,3394,3299,95
51169030100,3761,3733,28
51169030200,4084,4060,24
51169030300,3467,3464,3
51169030400,3577,3411,166
51169030500,3594,3594,0
51169030600,3895,3832,63
51171040100,8595,8158,437
51171040201,2539,2539,0
51171040202,3024,3024,0
51171040300,4217,4067,150
51171040400,2547,2504,43
51171040500,8412,7546,866
51171040600,3997,3806,191
51171040700,4743,3910,833
51171040800,4783,4432,351
51173030100,3279,3279,0
51173030200,4408,4367,41
51173030301,2781,2713,68
51173030302,3844,3782,62
51173030400,2191,2135,56
51173030500,2628,2580,48
51173030600,2991,2915,76
51173030701,4823,4638,185
51173030702,4568,4490,78
51175200100,4304,4280,24
51175200200,2838,2781,57
51175200300,1279,1249,30
51175200400,6258,6153,105
51175200500,3612,3577,35
51177020104,4773,4569,204
51177020105,2262,2217,45
51177020106,6075,5549,526
51177020107,1917,1834,83
51177020108,4189,3681,508
51177020109,3766,3512,254
51177020110,3857,3257,600
51177020111,2309,2145,164
51177020112,2806,2514,292
51177020113,4445,4058,387
51177020114,5880,4955,925
51177020201,6405,5501,904
51177020202,4862,4392,470
51177020203,4985,4593,392
51177020204,4049,3768,281
51177020205,5209,4678,531
51177020304,4436,3902,534
51177020305,3479,3091,388
51177020306,6261,5640,621
51177020307,3743,3075,668
51177020308,4015,3714,301
51177020309,6109,5672,437
51177020310,4529,4294,235
51177020311,5411,4868,543
51177020403,3897,3736,161
51177020404,3850,3796,54
51177020405,3685,3624,61
51177020406,3648,3452,196
51177020407,5505,5299,206
51177020408,2824,2659,165
51179010103,3902,3403,499
51179010105,7691,6536,1155
51179010106,3089,2982,107
51179010107,3465,3174,291
51179010108,5993,5318,675
51179010201,2020,1482,538
51179010202,6361,5964,397
51179010204,9334,8736,598
51179010205,6978,6392,586
51179010206,5296,4501,795
51179010207,8378,6385,1993
51179010210,7377,5769,1608
51179010211,4336,3557,779
51179010212,4655,3891,764
51179010213,2628,2507,121
51179010214,3873,3293,580
51179010301,4307,4023,284
51179010303,10513,9810,703
51179010304,5285,4727,558
51179010305,6561,5726,835
51179010403,3171,3004,167
51179010404,6583,6054,529
51179010405,6381,5950,431
51179010406,2947,2744,203
51179010502,4529,4284,245
51179010503,2120,2000,120
51179010504,1775,1722,53
51181860100,3095,3076,19
51181860200,3636,3631,5
51183870100,1786,1781,5
51183870201,3617,3530,87
51183870202,2898,2770,128
51183870300,1973,1900,73
51183870400,1459,1436,23
51185020100,3160,3076,84
51185020200,4862,4794,68
51185020300,6793,6750,43
51185020400,4003,3996,7
51185020500,3038,3038,0
51185020600,4369,4352,17
51185020700,3254,3254,0
51185020800,1995,1931,64
51185020900,2158,2158,0
51185021000,3996,3996,0
51185021100,5739,5637,102
51187020100,8808,8623,185
51187020200,2782,2741,41
51187020300,6734,6645,89
51187020400,4365,4174,191
51187020500,4249,4015,234
51187020601,5868,5436,432
51187020602,2926,2734,192
51187020700,3075,2893,182
51191010100,6730,6658,72
51191010200,5597,5498,99
51191010300,6152,6125,27
51191010401,2302,2247,55
51191010402,2991,2902,89
51191010501,3871,3760,111
51191010502,4175,4109,66
51191010601,3966,3877,89
51191010602,3043,3008,35
51191010700,4614,4528,86
51191010800,3270,3243,27
51191010900,4369,4369,0
51191011000,3482,3466,16
51193010100,4514,4453,61
51193010200,3690,3673,17
51193010300,3542,2770,772
51193010400,5782,5562,220
51195930700,3354,3295,59
51195930800,2147,2138,9
51195930900,4151,4149,2
51195931000,2630,2630,0
51195931100,2659,2640,19
51195931200,6426,6221,205
51195931300,3887,3887,0
51195931400,5108,5078,30
51195931500,4906,4806,100
51195931600,2809,2788,21
51195931700,1997,1949,48
51197050100,5413,5377,36
51197050200,6982,6866,116
51197050301,4477,4399,78
51197050302,3400,3400,0
51197050401,3719,3671,48
51197050402,5180,5137,43
51199050203,6550,6484,66
51199050204,6350,5474,876
51199050205,4738,4372,366
51199050206,6600,6347,253
51199050303,6191,6083,108
51199050304,5132,5018,114
51199050305,2934,2820,114
51199050306,4763,4629,134
51199050401,3318,3236,82
51199050402,3423,3380,43
51199050500,3575,2954,621
51199050900,2352,2200,152
51199051000,3672,3531,141
51199051100,7321,6588,733
51199990100,0,0,0
51510200102,4358,3050,1308
51510200103,8141,6300,1841
51510200104,4086,2343,1743
51510200105,4153,3987,166
51510200106,3695,2929,766
51510200107,6148,5448,700
51510200201,3447,3038,409
51510200202,1627,1487,140
51510200301,3725,2924,801
51510200302,5051,3951,1100
51510200303,5090,4458,632
51510200403,1401,1268,133
51510200404,3735,3476,259
51510200405,7237,5359,1878
51510200406,5328,4289,1039
51510200407,3800,3419,381
51510200500,3973,3228,745
51510200600,4903,4102,801
51510200701,731,638,93
51510200702,4704,4492,212
51510200703,3185,2996,189
51510200801,2850,2507,343
51510200802,3414,2806,608
51510200900,5125,4960,165
51510201000,2802,2507,295
51510201100,3582,3109,473
51510201202,2955,2785,170
51510201203,8188,3235,4953
51510201204,3734,2527,1207
51510201300,3505,3231,274
51510201400,3980,3656,324
51510201500,3872,3679,193
51510201600,4819,4540,279
51510201801,6270,5872,398
51510201802,2180,2029,151
51510201900,1619,1557,62
51510202001,2087,2015,72
51510202002,1973,1917,56
51520020100,3779,3658,121
51520020200,5135,5010,125
51520020300,2775,2775,0
51520020400,5651,5554,97
51530930600,6610,6527,83
51540000201,2946,2830,116
51540000202,4943,4770,173
51540000302,2634,2598,36
51540000401,3937,3563,374
51540000402,4396,4333,63
51540000501,3767,3661,106
51540000502,5116,4991,125
51540000600,3881,3664,217
51540000700,4401,4276,125
51540000800,4144,3251,893
51540000900,2159,2159,0
51540001000,3214,3147,67
51550020001,1352,1298,54
51550020002,4514,4193,321
51550020003,6569,6265,304
51550020100,4626,4374,252
51550020200,4331,4312,19
51550020300,1572,1513,59
51550020400,2967,2916,51
51550020500,1281,1035,246
51550020600,4277,3908,369
51550020700,6188,5299,889
51550020804,8299,7476,823
51550020805,5502,5336,166
51550020806,7893,7312,581
51550020807,7727,7198,529
51550020808,3274,3162,112
51550020809,4590,4316,274
51550020903,2597,2452,145
51550020904,8676,8466,210
51550020905,2661,2404,257
51550020906,7774,7308,466
51550021004,5604,5157,447
51550021005,5205,4724,481
51550021006,8110,7865,245
51550021009,4278,4149,129
51550021010,5693,5417,276
51550021011,3720,3557,163
51550021012,6243,6019,224
51550021013,4700,4524,176
51550021101,5163,4864,299
51550021102,10675,10510,165
51550021200,5910,5774,136
51550021301,6156,5864,292
51550021302,11566,10858,708
51550021401,1916,1783,133
51550021402,6247,6127,120
51550021403,4745,4429,316
51550021404,7444,6932,512
51550021501,10472,9768,704
51550021502,8097,7818,279
51550021601,8070,7817,253
51550021602,6510,6401,109
51570830100,4717,4588,129
51570830200,3164,3057,107
51570830300,2895,2607,288
51570830400,2485,2337,148
51570830500,4293,4034,259
51580060100,2932,2912,20
51580060200,2718,2667,51
51590000100,5859,5635,224
51590000200,3923,3804,119
51590000300,3282,3282,0
51590000400,3591,3537,54
51590000500,1739,1734,5
51590000600,2060,2022,38
51590000700,3369,3262,107
51590000800,2652,2640,12
51590000900,3954,3774,180
51590001000,3519,3323,196
51590001100,1268,1215,53
51590001200,1908,1647,261
51590001301,1388,1293,95
51590001302,943,828,115
51590001400,2905,2845,60
51590980100,0,0,0
51595890100,2749,2581,168
51595890200,2816,2803,13
51600300100,5331,4472,859
51600300200,5251,4156,1095
51600300300,5496,4679,817
51600300400,3860,3081,779
51600300500,3682,3294,388
51610500100,3364,3219,145
51610500200,5947,4979,968
51610500300,4286,4050,236
51620090100,4977,4887,90
51620090200,3436,3436,0
51630000100,3225,3148,77
51630000200,6224,5725,499
51630000301,2541,2386,155
51630000302,5406,4400,1006
51630000400,3427,3166,261
51630000500,7030,6013,1017
51640070101,4428,3559,869
51640070102,2430,2102,328
51650010103,7207,6712,495
51650010104,5751,5352,399
51650010200,1947,1806,141
51650010304,7941,7139,802
51650010306,6886,6204,682
51650010307,5450,5185,265
51650010309,4411,4314,97
51650010310,4262,4007,255
51650010311,4636,4387,249
51650010312,3316,3164,152
51650010313,7119,6660,459
51650010314,1842,1761,81
51650010400,6840,6761,79
51650010501,6337,6117,220
51650010502,2876,2813,63
51650010601,1766,1748,18
51650010602,2777,2679,98
51650010701,3687,3601,86
51650010702,4040,3912,128
51650010703,3007,2895,112
51650010800,5972,5559,413
51650010900,2261,2129,132
51650011000,5995,5921,74
51650011100,507,492,15
51650011200,2688,2483,205
51650011300,2114,2030,84
51650011400,2583,2527,56
51650011500,3873,3503,370
51650011600,2930,2832,98
51650011800,4769,4554,215
51650011900,2624,2311,313
51650012000,2903,2826,77
51650012100,5472,5169,303
51650990100,0,0,0
51660000101,4786,3251,1535
51660000102,4618,3733,885
51660000203,1800,1610,190
51660000204,4218,2948,1270
51660000205,5878,5244,634
51660000206,4699,4476,223
51660000207,6132,5667,465
51660000301,3607,2881,726
51660000302,5854,4158,1696
51660000401,3346,3155,191
51660000402,7041,5404,1637
51670820100,1425,1321,104
51670820300,2709,2397,312
51670820400,5299,4950,349
51670820500,4927,4884,43
51670820600,5524,4774,750
51670820700,2448,2402,46
51670980100,0,0,0
51678930500,7036,6742,294
51680000100,4480,4275,205
51680000201,6721,6688,33
51680000202,6396,6115,281
51680000203,2005,1938,67
51680000300,4054,4031,23
51680000400,2901,2884,17
51680000500,530,530,0
51680000600,3469,3157,312
51680000700,3622,3564,58
51680000801,2135,2122,13
51680000802,3041,3031,10
51680000900,7181,6716,465
51680001000,3101,3041,60
51680001100,1695,1676,19
51680001400,6884,6533,351
51680001600,9195,8860,335
51680001700,4876,4615,261
51680001800,2128,2100,28
51680001900,4341,4249,92
51683910100,4398,3192,1206
51683910201,4584,3362,1222
51683910202,8281,5235,3046
51683910301,4725,3404,1321
51683910302,5609,3575,2034
51683910401,7556,3369,4187
51683910402,5996,4982,1014
51685920100,6765,3261,3504
51685920200,9062,6785,2277
51690000100,3227,2951,276
51690000200,2013,1989,24
51690000300,2531,2489,42
51690000400,2710,2414,296
51690000500,3070,3070,0
51700030100,4249,3748,501
51700030300,5590,5418,172
51700030400,3334,3295,39
51700030500,1812,1803,9
51700030600,2591,2401,190
51700030800,1738,1715,23
51700030900,2538,2354,184
51700031100,2783,2727,56
51700031200,2187,2072,115
51700031300,3842,3756,86
51700031400,6185,6080,105
51700031500,5622,5494,128
51700031601,6856,6273,583
51700031602,4271,4035,236
51700031701,4264,4090,174
51700031702,4745,4531,214
51700031800,3923,3736,187
51700031901,3964,3897,67
51700031902,4202,4072,130
51700032001,3075,2972,103
51700032002,6125,5713,412
51700032005,2797,2648,149
51700032006,3775,3517,258
51700032007,3679,3186,493
51700032113,2991,2589,402
51700032114,1677,1518,159
51700032117,4190,4055,135
51700032123,5968,5516,452
51700032124,3827,3435,392
51700032126,3967,2589,1378
51700032127,4210,3909,301
51700032128,3455,2634,821
51700032129,3155,2900,255
51700032130,5182,4869,313
51700032131,4583,4263,320
51700032132,5580,4841,739
51700032211,6339,6038,301
51700032212,3980,3317,663
51700032223,3329,2885,444
51700032224,6885,6224,661
51700032225,4458,4110,348
51700032226,3855,3204,651
51700032300,6734,5295,1439
51700032400,3094,2653,441
51710000100,2096,2008,88
51710000201,2809,2541,268
51710000202,3888,3687,201
51710000300,3648,2790,858
51710000400,3457,3206,251
51710000500,3159,2978,181
51710000600,4533,4177,356
51710000700,2633,2519,114
51710000800,2098,1891,207
51710000901,5355,4551,804
51710000902,15283,13020,2263
51710001100,2771,2619,152
51710001200,4211,3979,232
51710001300,2631,2455,176
51710001400,2565,2394,171
51710001500,2064,1906,158
51710001600,1921,1872,49
51710001700,2266,2102,164
51710002000,1397,1353,44
51710002100,1505,1485,20
51710002200,1763,1749,14
51710002300,2049,1972,77
51710002400,3852,3637,215
51710002500,5097,4784,313
51710002600,4989,4678,311
51710002700,2935,2915,20
51710002800,4218,3773,445
51710002900,3603,3419,184
51710003000,1984,1903,81
51710003100,2736,2736,0
51710003200,3168,2975,193
51710003300,2541,2405,136
51710003400,2513,2462,51
51710003501,2819,2765,54
51710003600,1637,1483,154
51710003700,1949,1901,48
51710003800,2893,2795,98
51710004001,1201,1172,29
51710004002,3377,3193,184
51710004100,2060,1965,95
51710004200,1599,1599,0
51710004300,2824,2776,48
51710004400,1572,1508,64
51710004500,1686,1527,159
51710004600,1985,1976,9
51710004700,3005,2936,69
51710004800,1344,1295,49
51710004900,4684,4392,292
51710005000,3548,3484,64
51710005100,5075,4795,280
51710005500,3489,2808,681
51710005601,4524,4352,172
51710005602,3807,3715,92
51710005701,5254,4266,988
51710005702,2302,2243,59
51710005800,4543,4346,197
51710005901,5446,4514,932
51710005902,3715,3578,137
51710005903,1672,1534,138
51710006000,3948,3661,287
51710006100,7442,6708,734
51710006200,3027,2776,251
51710006400,3754,3632,122
51710006501,3211,2917,294
51710006502,3276,3183,93
51710006601,669,608,61
51710006602,2618,2494,124
51710006603,2299,2168,131
51710006604,2165,1879,286
51710006605,2747,2574,173
51710006606,4169,3633,536
51710006607,3127,3007,120
51710006800,1928,1718,210
51710006901,3594,3193,401
51710006902,2639,2411,228
51710007001,1593,1517,76
51710007002,3770,3542,228
51710980100,0,0,0
51710980200,0,0,0
51710980300,0,0,0
51710990000,0,0,0
51720960100,3978,3875,103
51730810100,2639,2540,99
51730810300,2504,2238,266
51730810400,1288,1271,17
51730810500,4209,3930,279
51730810600,1669,1650,19
51730810700,2673,2534,139
51730810900,3592,3453,139
51730811000,4063,3908,155
51730811100,3080,3053,27
51730811200,3918,3679,239
51730811300,2362,2302,60
51735340100,3732,3655,77
51735340200,5276,5157,119
51735340300,3060,2972,88
51735990100,0,0,0
51740210200,2108,2074,34
51740210300,2450,2342,108
51740210400,1430,1400,30
51740210500,2177,2094,83
51740210600,1620,1597,23
51740210900,2878,2810,68
51740211100,1813,1813,0
51740211400,2182,2165,17
51740211500,2054,1971,83
51740211600,4100,3758,342
51740211700,3004,2877,127
51740211800,3901,3876,25
51740211900,1747,1640,107
51740212000,1847,1833,14
51740212100,1383,1375,8
51740212300,4621,4455,166
51740212400,3693,3546,147
51740212500,2076,1829,247
51740212600,886,886,0
51740212701,5043,4840,203
51740212702,3241,3235,6
51740212801,4142,4079,63
51740212802,2728,2644,84
51740212900,5258,5157,101
51740213001,6209,5954,255
51740213002,4320,4158,162
51740213101,5643,5357,286
51740213103,6472,5877,595
51740213104,4481,4431,50
51740213200,2147,1974,173
51740980100,417,296,121
51750010101,4353,4277,76
51750010102,5816,5542,274
51750010200,7017,6859,158
51760010200,4096,4016,80
51760010300,1563,1554,9
51760010401,3134,3105,29
51760010402,3442,3385,57
51760010500,1576,1541,35
51760010600,2047,2047,0
51760010700,2497,2426,71
51760010800,3973,3973,0
51760010900,3283,3247,36
51760011000,1858,1858,0
51760011100,2905,2829,76
51760020100,2044,1997,47
51760020200,4451,4344,107
51760020300,1552,1552,0
51760020400,4768,4656,112
51760020500,4329,4219,110
51760020600,1553,1538,15
51760020700,1164,1149,15
51760020800,1676,1671,5
51760020900,3123,3098,25
51760021000,1588,1540,48
51760021100,1575,1503,72
51760021200,1901,1901,0
51760030100,2722,2691,31
51760030200,2627,2570,57
51760030500,3633,3464,169
51760040200,4013,3706,307
51760040300,3848,3476,372
51760040400,3358,3288,70
51760040500,3013,2911,102
51760040600,1759,1724,35
51760040700,2971,2774,197
51760040800,1549,1497,52
51760040900,2624,2585,39
51760041000,2819,2791,28
51760041100,4026,3934,92
51760041200,1380,1334,46
51760041300,3178,3171,7
51760041400,2117,2091,26
51760041600,1496,1472,24
51760050100,2998,2978,20
51760050200,3132,3076,56
51760050300,1465,1460,5
51760050400,2957,2942,15
51760050500,4690,4516,174
51760050600,2573,2537,36
51760060200,2412,2281,131
51760060400,5334,5262,72
51760060500,6070,6034,36
51760060600,2694,2681,13
51760060700,5448,5331,117
51760060800,3298,2702,596
51760060900,1514,835,679
51760061000,4611,4468,143
51760070100,4952,4829,123
51760070300,3712,3201,511
51760070400,3768,3718,50
51760070601,6447,3301,3146
51760070602,2584,2082,502
51760070700,5442,4007,1435
51760070801,7937,7166,771
51760070802,2803,2491,312
51760070900,7919,6466,1453
51760071001,5241,4899,342
51760071002,4038,3718,320
51760071100,5503,5435,68
51770000100,4124,3821,303
51770000300,5103,4255,848
51770000400,5077,4887,190
51770000500,4992,4147,845
51770000601,5336,4887,449
51770000602,3737,3124,613
51770000900,6179,6140,39
51770001000,2214,1991,223
51770001100,1380,1308,72
51770001200,3133,3087,46
51770001800,3910,3829,81
51770001900,5553,5158,395
51770002100,3028,2977,51
51770002200,2785,2649,136
51770002300,7538,7261,277
51770002400,3589,3576,13
51770002500,5449,5151,298
51770002600,2825,2727,98
51770002700,4797,4499,298
51770002800,5457,5321,136
51770002900,5593,5454,139
51770003000,3676,3558,118
51770003100,3854,3594,260
51775010100,5934,5823,111
51775010200,6394,6297,97
51775010300,4630,4514,116
51775010501,3597,3230,367
51775010502,4735,4579,156
51790000100,1058,1022,36
51790000200,3574,3464,110
51790000300,5387,5268,119
51790000400,7208,7017,191
51790000500,2910,2823,87
51790000600,4097,3985,112
51800065100,2171,2076,95
51800065200,2097,1950,147
51800065300,3572,3437,135
51800065400,3899,3865,34
51800065500,2859,2859,0
51800075101,6683,6222,461
51800075102,4515,4361,154
51800075201,4847,4677,170
51800075202,1387,1362,25
51800075203,3757,3456,301
51800075204,5441,5071,370
51800075301,2158,2080,78
51800075302,2153,2117,36
51800075401,2240,2149,91
51800075402,4265,3953,312
51800075403,4538,4279,259
51800075404,1067,1060,7
51800075405,2185,2144,41
51800075501,5138,5046,92
51800075502,4185,4045,140
51800075601,3434,3382,52
51800075602,1603,1555,48
51800075701,1632,1618,14
51800075702,3777,3686,91
51800075703,1409,1368,41
51800075801,3010,2990,20
51800075802,1685,1685,0
51800075803,1354,1303,51
51810040000,4184,3553,631
51810040200,5306,4251,1055
51810040402,7560,6735,825
51810040403,3507,2932,575
51810040404,7013,6680,333
51810040600,6583,5933,650
51810040801,4216,3888,328
51810040802,4585,4172,413
51810041002,2133,1882,251
51810041003,3489,3083,406
51810041004,4088,3667,421
51810041200,5652,5515,137
51810041400,5513,5269,244
51810041600,3478,3344,134
51810041801,5408,4994,414
51810041802,5669,5394,275
51810042000,3467,3398,69
51810042201,3526,3425,101
51810042202,4611,4466,145
51810042400,5268,4993,275
51810042600,2570,2495,75
51810042801,6077,5371,706
51810042802,4777,4242,535
51810043002,4155,3893,262
51810043003,4761,4761,0
51810043004,4089,3918,171
51810043200,1167,1010,157
51810043400,1906,1906,0
51810043600,1632,1609,23
51810043800,3892,3805,87
51810044001,6062,5607,455
51810044003,5268,5162,106
51810044004,2226,2037,189
51810044200,7311,6677,634
51810044401,3503,3361,142
51810044402,5722,5632,90
51810044600,5856,5837,19
51810044805,3430,2980,450
51810044806,3484,3233,251
51810044807,5492,4924,568
51810044808,3763,3502,261
51810045000,2376,2083,293
51810045200,3985,3332,653
51810045405,5095,4472,623
51810045406,9348,8092,1256
51810045407,4678,4444,234
51810045408,6589,6032,557
51810045412,1805,1711,94
51810045414,5460,4948,512
51810045415,1932,1903,29
51810045417,9493,8985,508
51810045420,4970,4897,73
51810045421,3613,3270,343
51810045422,4782,4279,503
51810045423,8629,8291,338
51810045424,5451,5286,165
51810045425,2857,2647,210
51810045426,6616,5859,757
51810045427,6678,6320,358
51810045428,1363,1300,63
51810045601,2906,2701,205
51810045603,1615,1451,164
51810045604,6598,5786,812
51810045801,4627,4170,457
51810045803,3052,2936,116
51810045805,1329,1232,97
51810045806,4009,3388,621
51810045807,1550,1325,225
51810045808,2715,2409,306
51810045809,6335,5699,636
51810045810,2269,2170,99
51810046002,5144,4828,316
51810046005,6850,6452,398
51810046006,4507,4283,224
51810046009,4970,4692,278
51810046010,2784,2525,259
51810046011,1537,1427,110
51810046012,7178,6165,1013
51810046013,4438,3913,525
51810046014,4349,4005,344
51810046015,5497,5219,278
51810046016,3687,3492,195
51810046204,5141,4925,216
51810046206,5831,5629,202
51810046207,7197,6360,837
51810046211,3109,2937,172
51810046212,3991,3874,117
51810046213,6486,5730,756
51810046214,5282,4808,474
51810046216,6472,6017,455
51810046217,5448,5036,412
51810046219,3851,3396,455
51810046220,5211,4854,357
51810046221,4288,3769,519
51810046222,4800,4516,284
51810046223,2684,2572,112
51810046224,4699,4301,398
51810046225,4221,3899,322
51810046400,4957,4767,190
51810990100,0,0,0
51820003100,1073,932,141
51820003200,5872,5033,839
51820003300,4498,4354,144
51820003400,5372,4979,393
51820003500,4551,4521,30
51830370100,4855,4463,392
51830370200,2911,2671,240
51830370300,7222,6743,479
51840000100,7442,5028,2414
51840000201,3512,3025,487
51840000202,5593,5408,185
51840000301,4940,4392,548
51840000302,5862,4987,875
53001950100,2443,2292,151
53001950200,1638,1487,151
53001950300,6695,1674,5021
53001950400,3358,928,2430
53001950500,4966,899,4067
53003960100,4128,4064,64
53003960200,4868,4679,189
53003960300,3418,3228,190
53003960400,2289,2139,150
53003960500,3758,3619,139
53003960600,3652,3593,59
53005010100,4605,4446,159
53005010201,5087,4826,261
53005010202,5904,4694,1210
53005010300,5918,5314,604
53005010400,3382,2919,463
53005010500,3545,2848,697
53005010600,4229,3561,668
53005010701,2441,2232,209
53005010703,3109,2558,551
53005010705,5095,4808,287
53005010707,3308,2913,395
53005010708,2890,2504,386
53005010803,8065,7121,944
53005010805,6550,6161,389
53005010807,1360,1198,162
53005010809,6223,5441,782
53005010810,5109,4831,278
53005010811,3912,3790,122
53005010813,12026,10845,1181
53005010814,3452,3147,305
53005010901,7307,5478,1829
53005010902,4986,3405,1581
53005011001,5044,3689,1355
53005011002,4529,3160,1369
53005011100,7111,5182,1929
53005011200,8431,4160,4271
53005011300,4832,2445,2387
53005011401,3344,2064,1280
53005011402,5527,4677,850
53005011501,6495,5213,1282
53005011503,9827,8962,865
53005011504,3062,2495,567
53005011600,931,513,418
53005011700,7397,4216,3181
53005011800,6967,3757,3210
53005011900,5496,3777,1719
53005012000,23,23,0
53007960100,2217,1896,321
53007960200,6559,6073,486
53007960300,6631,4277,2354
53007960400,2948,1730,1218
53007960500,6972,5466,1506
53007960600,4260,3143,1117
53007960700,3813,3587,226
53007960801,2621,2337,284
53007960802,7715,5687,2028
53007961000,6401,3901,2500
53007961100,10487,5046,5441
53007961200,4682,3424,1258
53007961301,1354,1096,258
53007961302,8101,6791,1310
53009000200,1029,950,79
53009000300,4814,3741,1073
53009000400,1626,1527,99
53009000600,3365,3209,156
53009000700,3967,3751,216
53009000800,4345,4021,324
53009000900,2657,2496,161
53009001000,2549,2439,110
53009001100,3333,3285,48
53009001200,3576,3431,145
53009001300,3559,3325,234
53009001400,4818,4682,136
53009001500,2320,2201,119
53009001600,3211,3179,32
53009001700,4855,4751,104
53009001800,2727,2577,150
53009001900,5316,5307,9
53009002000,5322,5067,255
53009002100,3539,2966,573
53009002300,4433,4250,183
53009940000,1608,1540,68
53009990100,0,0,0
53011040101,5395,5320,75
53011040102,3707,3673,34
53011040201,5349,5178,171
53011040202,4092,4035,57
53011040203,5593,5410,183
53011040301,1669,1481,188
53011040302,7564,7116,448
53011040403,4051,3979,72
53011040407,5710,5050,660
53011040408,3663,3577,86
53011040409,1775,1712,63
53011040411,2151,2114,37
53011040412,4624,4530,94
53011040413,2792,2696,96
53011040414,6070,5825,245
53011040415,4396,4137,259
53011040416,3464,3286,178
53011040504,5007,4932,75
53011040505,5984,5883,101
53011040507,2310,2147,163
53011040508,6692,6538,154
53011040509,3202,3025,177
53011040510,5395,5244,151
53011040511,2395,2272,123
53011040603,4703,4439,264
53011040604,6092,5182,910
53011040605,5327,5114,213
53011040608,4524,4211,313
53011040609,4862,4639,223
53011040610,3694,3552,142
53011040703,6017,5572,445
53011040706,3675,3433,242
53011040707,3054,2957,97
53011040709,4592,4220,372
53011040710,5776,4915,861
53011040711,3331,3113,218
53011040712,5973,5573,400
53011040803,5485,4792,693
53011040805,6440,6011,429
53011040806,5104,4876,228
53011040808,1794,1677,117
53011040809,6344,5183,1161
53011040810,3061,2433,628
53011040904,6366,5662,704
53011040905,3008,2886,122
53011040907,5230,5047,183
53011040908,6820,6101,719
53011040909,4897,4769,128
53011040910,4495,4419,76
53011041003,3887,3743,144
53011041005,2510,1787,723
53011041007,3484,2977,507
53011041008,4149,3745,404
53011041009,3738,3299,439
53011041010,3986,3542,444
53011041011,3010,2768,242
53011041104,4428,4108,320
53011041105,5412,5055,357
53011041107,2577,2491,86
53011041108,6356,5741,615
53011041110,7079,6570,509
53011041111,3494,2380,1114
53011041112,5805,5041,764
53011041201,6280,5459,821
53011041203,4925,4850,75
53011041205,4760,4193,567
53011041206,5030,4513,517
53011041309,5396,4360,1036
53011041310,4683,4468,215
53011041312,4355,3621,734
53011041313,2490,1973,517
53011041317,4398,3904,494
53011041318,4981,4427,554
53011041319,5805,5176,629
53011041320,6724,6148,576
53011041321,2909,2625,284
53011041322,4695,3664,1031
53011041323,5653,5140,513
53011041325,5372,5066,306
53011041326,2639,2275,364
53011041327,8159,7957,202
53011041328,6666,6382,284
53011041329,4415,4276,139
53011041330,4184,3779,405
53011041331,2864,2291,573
53011041332,4061,3166,895
53011041333,3190,2923,267
53011041400,5342,5110,232
53011041500,2803,2572,231
53011041600,3592,2882,710
53011041700,3633,3118,515
53011041800,3761,3077,684
53011041900,1996,1879,117
53011042000,1794,1635,159
53011042100,2903,2627,276
53011042300,3070,2802,268
53011042400,2251,2088,163
53011042500,1156,1115,41
53011042600,4674,4193,481
53011042700,4843,3394,1449
53011042800,3046,2587,459
53011042900,1662,1435,227
53011043000,1719,1444,275
53011043100,4385,4074,311
53013960200,3971,3701,270
53015000300,580,357,223
53015000400,3665,3226,439
53015000501,2867,2662,205
53015000502,4735,3645,1090
53015000601,3637,3443,194
53015000602,2819,2674,145
53015000702,3014,2911,103
53015000703,1514,1434,80
53015000704,7421,6676,745
53015000800,6797,6704,93
53015000900,6996,6431,565
53015001000,1285,907,378
53015001100,5231,4409,822
53015001200,4120,3985,135
53015001300,3830,3409,421
53015001501,3020,2836,184
53015001502,7623,6534,1089
53015001600,7178,6824,354
53015001700,5237,4877,360
53015001800,1878,1827,51
53015001900,4895,4736,159
53015002001,3767,3741,26
53015002002,6501,6291,210
53015002100,4244,3675,569
53017950100,6247,2643,3604
53017950200,2950,2848,102
53017950300,6011,3897,2114
53017950400,7404,5983,1421
53017950500,3165,2529,636
53017950600,4323,3522,801
53017950700,4723,2946,1777
53017950800,5278,3486,1792
53019940000,1700,1644,56
53019970100,2814,2674,140
53019970200,3125,3005,120
53021020100,11300,1096,10204
53021020200,6802,1696,5106
53021020300,5571,1377,4194
53021020400,8685,1896,6789
53021020501,5175,4086,1089
53021020502,9707,6341,3366
53021020601,9743,6738,3005
53021020603,3736,2898,838
53021020605,8301,5624,2677
53021020606,7594,4657,2937
53021020700,1608,1158,450
53021020800,9588,4558,5030
53021980100,0,0,0
53023970300,2231,2157,74
53025010100,3786,3658,128
53025010200,3103,2651,452
53025010300,3919,3253,666
53025010400,8132,6298,1834
53025010500,3266,1926,1340
53025010600,7380,1782,5598
53025010700,2785,1562,1223
53025010800,4715,2906,1809
53025010901,1515,1154,361
53025010902,10426,7529,2897
53025011000,11792,8581,3211
53025011100,6909,4865,2044
53025011200,5438,4480,958
53025011300,3836,1427,2409
53025011401,2406,1015,1391
53025011402,13122,2319,10803
53027000200,7801,7561,240
53027000300,3219,3059,160
53027000400,6348,5861,487
53027000500,6227,5725,502
53027000600,3739,3545,194
53027000700,4566,4417,149
53027000800,4063,3604,459
53027000900,5812,5060,752
53027001000,3605,2568,1037
53027001100,4222,4014,208
53027001200,4319,3268,1051
53027001300,3336,3234,102
53027001400,2213,2028,185
53027001500,3977,3436,541
53027001600,6836,6177,659
53027940000,950,812,138
53027990000,0,0,0
53029970100,2559,2302,257
53029970200,2032,1740,292
53029970300,4454,4406,48
53029970400,6546,5798,748
53029970500,5719,5427,292
53029970601,3375,3036,339
53029970602,3186,2814,372
53029970700,2132,1963,169
53029970800,2679,2420,259
53029970900,4789,4063,726
53029971000,5269,4705,564
53029971100,2847,2716,131
53029971300,4415,4387,28
53029971400,4476,4408,68
53029971500,3382,3325,57
53029971600,4280,4048,232
53029971700,3830,3570,260
53029971800,2459,2365,94
53029971900,3825,3795,30
53029972000,4190,3908,282
53029972100,3669,3515,154
53029992201,0,0,0
53031950202,1542,1499,43
53031950300,5981,5774,207
53031950400,4445,4283,162
53031950500,6643,6355,288
53031950601,6307,6173,134
53031950602,3179,3106,73
53031950702,2236,2098,138
53031990000,0,0,0
53033000100,7261,6416,845
53033000200,7902,7408,494
53033000300,2830,2719,111
53033000401,6258,5786,472
53033000402,5165,4970,195
53033000500,3154,3110,44
53033000600,8039,7175,864
53033000700,4651,4284,367
53033000800,2474,2429,45
53033000900,1823,1741,82
53033001000,1968,1897,71
53033001100,2729,2552,177
53033001200,6950,6243,707
53033001300,4363,4024,339
53033001400,5703,5501,202
53033001500,2506,2434,72
53033001600,4400,4166,234
53033001701,3988,3601,387
53033001702,4493,4179,314
53033001800,5280,4646,634
53033001900,4789,4574,215
53033002000,3647,3560,87
53033002100,4103,3892,211
53033002200,5619,5379,240
53033002400,3005,2847,158
53033002500,3001,2930,71
53033002600,5011,4823,188
53033002700,6141,5864,277
53033002800,4907,4754,153
53033002900,4322,4169,153
53033003000,5794,5502,292
53033003100,6215,5819,396
53033003200,8423,7704,719
53033003300,6557,6208,349
53033003400,3698,3629,69
53033003500,3993,3777,216
53033003600,6359,6106,253
53033003800,2138,2043,95
53033003900,3041,2871,170
53033004000,3068,2973,95
53033004100,7942,7882,60
53033004200,8336,8027,309
53033004301,3668,3534,134
53033004302,3803,3659,144
53033004400,7001,6466,535
53033004500,3008,2920,88
53033004600,3602,3510,92
53033004700,8677,8320,357
53033004800,5104,4926,178
53033004900,7034,6842,192
53033005000,3810,3602,208
53033005100,3639,3403,236
53033005200,6935,6633,302
53033005301,7456,7101,355
53033005302,4996,4638,358
53033005400,5406,5245,161
53033005600,6623,6372,251
53033005700,6684,6297,387
53033005801,5084,4632,452
53033005802,5646,5439,207
53033005900,7825,7573,252
53033006000,5598,5370,228
53033006100,5284,4984,300
53033006200,4262,4080,182
53033006300,5201,5100,101
53033006400,3481,3375,106
53033006500,4443,4220,223
53033006600,3571,3387,184
53033006700,8205,7959,246
53033006800,3333,3207,126
53033006900,4598,4507,91
53033007000,7178,6839,339
53033007100,4188,3741,447
53033007200,8017,7532,485
53033007300,5897,5398,499
53033007401,5109,4774,335
53033007402,5479,5172,307
53033007500,8019,7116,903
53033007600,3955,3828,127
53033007700,5032,4822,210
53033007800,5704,5490,214
53033007900,5922,5564,358
53033008001,6621,6371,250
53033008002,3496,3269,227
53033008100,4599,4305,294
53033008200,4143,3840,303
53033008300,2994,2789,205
53033008400,4374,4167,207
53033008500,4377,4018,359
53033008600,5151,4675,476
53033008700,4428,3891,537
53033008800,4116,3725,391
53033008900,5363,5011,352
53033009000,3550,3433,117
53033009100,2766,2687,79
53033009200,2613,2467,146
53033009300,2715,2433,282
53033009400,6278,5131,1147
53033009500,6448,6230,218
53033009600,5632,5327,305
53033009701,6136,5801,335
53033009702,5837,5632,205
53033009800,7117,6766,351
53033009900,5382,4959,423
53033010001,4276,3966,310
53033010002,5000,3809,1191
53033010100,7449,6980,469
53033010200,4542,4391,151
53033010300,6397,6030,367
53033010401,4443,4143,300
53033010402,4905,4478,427
53033010500,6853,6563,290
53033010600,8156,7581,575
53033010701,3702,3454,248
53033010702,4386,3927,459
53033010800,4845,4576,269
53033010900,1109,962,147
53033011001,4794,4469,325
53033011002,4798,4736,62
53033011101,5137,4723,414
53033011102,4689,3741,948
53033011200,3821,2527,1294
53033011300,6972,6197,775
53033011401,4268,3296,972
53033011402,4573,3827,746
53033011500,4450,4226,224
53033011600,7001,6707,294
53033011700,5399,4910,489
53033011800,8189,6603,1586
53033011900,7592,6860,732
53033012000,3496,3422,74
53033012100,2731,2542,189
53033020100,3221,3133,88
53033020200,5381,5036,345
53033020300,6989,6032,957
53033020401,3689,3390,299
53033020402,5650,5049,601
53033020500,6234,5610,624
53033020600,3565,3380,185
53033020700,3740,3017,723
53033020800,4348,4254,94
53033020900,3570,3393,177
53033021000,5773,5242,531
53033021100,4562,4068,494
53033021300,4036,3803,233
53033021400,3871,3721,150
53033021500,4516,4393,123
53033021600,4965,4622,343
53033021700,8723,7490,1233
53033021802,5556,5275,281
53033021803,4965,4602,363
53033021804,4883,4377,506
53033021903,5895,5450,445
53033021904,5094,4776,318
53033021905,5466,4804,662
53033021906,4067,3696,371
53033022001,5078,4774,304
53033022003,4965,4755,210
53033022005,4880,4590,290
53033022006,3968,3473,495
53033022101,4704,4503,201
53033022102,6298,5824,474
53033022201,4277,4008,269
53033022202,7485,6618,867
53033022203,5087,4925,162
53033022300,2569,2448,121
53033022400,8966,8744,222
53033022500,7971,7539,432
53033022603,5652,5222,430
53033022604,4652,4336,316
53033022605,6290,4734,1556
53033022606,5923,5192,731
53033022701,2692,2554,138
53033022702,4080,3983,97
53033022703,2385,2199,186
53033022801,8314,7835,479
53033022802,5017,4761,256
53033022803,5271,5099,172
53033022901,3018,2832,186
53033022902,6472,6319,153
53033023000,4988,4737,251
53033023100,4050,3814,236
53033023201,6645,6509,136
53033023202,4493,3590,903
53033023300,6410,5841,569
53033023401,3717,3526,191
53033023403,4245,4060,185
53033023404,3444,3275,169
53033023500,3610,3450,160
53033023601,3952,3672,280
53033023603,6381,5552,829
53033023604,6544,5350,1194
53033023700,4326,4091,235
53033023801,2586,2392,194
53033023803,4909,4665,244
53033023804,6478,6364,114
53033023900,7117,6744,373
53033024000,7868,7591,277
53033024100,4807,4758,49
53033024200,3165,3080,85
53033024300,8445,8348,97
53033024400,2669,2496,173
53033024500,5020,4849,171
53033024601,4591,4521,70
53033024602,3742,3668,74
53033024701,3988,3777,211
53033024702,7720,7369,351
53033024800,5997,4802,1195
53033024901,5025,4986,39
53033024902,3957,3617,340
53033024903,6917,6848,69
53033025001,4975,4742,233
53033025003,6999,6426,573
53033025005,4803,4571,232
53033025006,6097,5567,530
53033025101,6155,5417,738
53033025102,7810,7326,484
53033025200,8159,7087,1072
53033025301,6037,5790,247
53033025302,5277,4566,711
53033025400,7636,6071,1565
53033025500,5077,3673,1404
53033025601,5284,4286,998
53033025602,6130,5664,466
53033025701,5640,5148,492
53033025702,3535,3406,129
53033025803,4884,3488,1396
53033025804,3888,3222,666
53033025805,4878,4079,799
53033025806,4993,4873,120
53033026001,5794,5385,409
53033026002,8695,7685,1010
53033026100,7495,6915,580
53033026200,5685,4764,921
53033026300,1615,1495,120
53033026400,5967,4262,1705
53033026500,4359,3357,1002
53033026600,2699,2193,506
53033026700,5151,4553,598
53033026801,5768,3857,1911
53033026802,5201,3722,1479
53033027000,3369,2628,741
53033027100,3237,2309,928
53033027200,2708,2009,699
53033027300,6093,4665,1428
53033027400,5033,4035,998
53033027500,4886,3713,1173
53033027600,4836,3062,1774
53033027701,5235,4954,281
53033027702,4609,4451,158
53033027800,3329,3184,145
53033027900,7257,5817,1440
53033028000,4387,2851,1536
53033028100,2624,2299,325
53033028200,5026,4206,820
53033028300,5020,4292,728
53033028402,5093,4684,409
53033028403,5301,4542,759
53033028500,3913,3261,652
53033028600,6619,6137,482
53033028700,5108,4522,586
53033028801,3147,2269,878
53033028802,6714,5373,1341
53033028901,3355,3158,197
53033028902,6818,4641,2177
53033029001,4644,4096,548
53033029003,5834,4546,1288
53033029004,3792,2236,1556
53033029101,3270,3098,172
53033029102,4142,3511,631
53033029203,3950,3058,892
53033029204,7176,5982,1194
53033029205,4484,3356,1128
53033029206,4401,2929,1472
53033029303,7388,6874,514
53033029304,5024,4789,235
53033029305,3866,3501,365
53033029306,3410,3350,60
53033029307,4288,4090,198
53033029403,5817,5244,573
53033029405,5641,5261,380
53033029406,5657,5242,415
53033029407,4443,3616,827
53033029408,4211,3034,1177
53033029502,7220,6692,528
53033029503,8843,6390,2453
53033029504,6661,5706,955
53033029601,6727,5912,815
53033029602,5947,5538,409
53033029700,8285,6628,1657
53033029801,8830,7374,1456
53033029802,8464,7014,1450
53033029901,4593,4230,363
53033029902,4105,3940,165
53033030003,6680,5268,1412
53033030004,8165,5751,2414
53033030005,5618,3756,1862
53033030006,3933,2765,1168
53033030100,7809,7119,690
53033030201,5642,4634,1008
53033030202,6374,5872,502
53033030304,3310,2594,716
53033030305,5509,5018,491
53033030306,5796,5110,686
53033030308,6929,5622,1307
53033030309,5742,4944,798
53033030310,5807,5056,751
53033030311,5590,3572,2018
53033030312,4952,4370,582
53033030313,3729,2957,772
53033030314,4200,3667,533
53033030401,9231,8345,886
53033030403,4425,3912,513
53033030404,4906,4529,377
53033030501,1765,1675,90
53033030503,5695,4422,1273
53033030504,4416,3714,702
53033030600,5609,4642,967
53033030700,3785,3237,548
53033030801,7201,4178,3023
53033030802,4011,3170,841
53033030901,3710,3011,699
53033030902,6052,5162,890
53033031000,3989,3926,63
53033031100,6704,5924,780
53033031202,6359,5918,441
53033031204,5863,5718,145
53033031205,6772,6178,594
53033031206,5327,4318,1009
53033031301,3021,2541,480
53033031302,3867,3644,223
53033031400,6115,5096,1019
53033031501,3862,3673,189
53033031502,4329,4191,138
53033031601,5498,5030,468
53033031603,6037,5490,547
53033031604,5582,5236,346
53033031605,3591,3162,429
53033031703,6882,6045,837
53033031704,5502,5010,492
53033031705,3994,3841,153
53033031706,7380,6869,511
53033031800,4746,4488,258
53033031903,6877,6209,668
53033031904,3525,3247,278
53033031906,3899,3760,139
53033031907,7670,7010,660
53033031908,4640,4031,609
53033031909,3030,2927,103
53033032002,3526,3415,111
53033032003,5030,4876,154
53033032005,6960,6374,586
53033032006,4811,4639,172
53033032007,3861,3621,240
53033032008,4472,4046,426
53033032010,5883,5667,216
53033032011,4316,4072,244
53033032102,5009,4930,79
53033032103,4589,4407,182
53033032104,6310,5815,495
53033032203,7465,7285,180
53033032207,3617,3470,147
53033032208,9249,8839,410
53033032210,12761,11882,879
53033032211,4882,4858,24
53033032212,8194,7792,402
53033032213,4551,4424,127
53033032214,6367,6149,218
53033032215,5209,5074,135
53033032307,6673,6463,210
53033032309,7178,6735,443
53033032311,6262,5850,412
53033032313,6375,5449,926
53033032315,5472,5217,255
53033032316,5799,5626,173
53033032317,6478,5932,546
53033032318,5950,5615,335
53033032319,5419,5222,197
53033032320,4565,4390,175
53033032321,5556,5450,106
53033032322,3668,3604,64
53033032323,5746,5538,208
53033032324,5383,4754,629
53033032325,5276,4930,346
53033032326,4130,3730,400
53033032327,3923,3869,54
53033032328,3455,3219,236
53033032329,9089,8819,270
53033032401,5965,5792,173
53033032402,6303,5837,466
53033032500,5425,5005,420
53033032601,2831,2676,155
53033032602,13302,12967,335
53033032702,6618,6232,386
53033032703,2245,2081,164
53033032704,6623,5981,642
53033032800,2400,2314,86
53033990100,0,0,0
53035080101,3226,3068,158
53035080102,5093,4419,674
53035080200,3856,3353,503
53035080300,3559,3287,272
53035080400,3491,3294,197
53035080500,2754,2583,171
53035080600,5176,4720,456
53035080700,3557,3437,120
53035080800,1749,1453,296
53035080900,4799,4337,462
53035081000,4890,4173,717
53035081100,2865,2739,126
53035081200,3008,2819,189
53035081400,2582,2330,252
53035090101,6626,6292,334
53035090102,6049,5892,157
53035090201,4496,4282,214
53035090202,5236,4898,338
53035090300,6046,4869,1177
53035090400,4848,4639,209
53035090501,3878,3717,161
53035090502,4874,4128,746
53035090700,5035,4796,239
53035090800,4123,3977,146
53035090900,7431,7260,171
53035091000,6987,6539,448
53035091100,4720,4585,135
53035091201,4076,3788,288
53035091203,7326,6421,905
53035091204,3530,3402,128
53035091301,4324,4212,112
53035091302,5387,5044,343
53035091400,3669,3475,194
53035091500,4141,3878,263
53035091600,6833,6139,694
53035091700,7641,6968,673
53035091800,2766,2538,228
53035091900,4887,4653,234
53035092000,5897,5793,104
53035092100,7478,6914,564
53035092200,6852,6064,788
53035092300,6302,5515,787
53035092400,5363,4864,499
53035092500,5163,5057,106
53035092600,5967,5684,283
53035092701,4117,3928,189
53035092704,3247,3104,143
53035092801,4354,3951,403
53035092802,3984,3737,247
53035092803,2560,2419,141
53035092901,5351,5079,272
53035092902,5580,5269,311
53035940000,3573,3404,169
53035940100,6166,5927,239
53035990100,0,0,0
53037975100,6413,6149,264
53037975200,5302,5170,132
53037975300,4731,4503,228
53037975401,7831,6751,1080
53037975402,5195,4776,419
53037975500,6066,5447,619
53037975600,2622,2388,234
53037975700,4625,3948,677
53039950100,8467,8119,348
53039950200,4760,4475,285
53039950300,7703,5816,1887
53041970100,3294,3255,39
53041970200,3508,3129,379
53041970300,4600,4243,357
53041970400,6160,4688,1472
53041970500,1928,1757,171
53041970600,2133,1748,385
53041970700,4660,3578,1082
53041970800,4528,3935,593
53041970900,1646,1563,83
53041971000,2824,2343,481
53041971100,4025,3812,213
53041971200,2731,2562,169
53041971300,5780,5599,181
53041971400,2973,2891,82
53041971500,7148,6568,580
53041971600,3754,3370,384
53041971700,4373,4088,285
53041971800,4340,4194,146
53041971900,2707,2579,128
53041972000,2612,2530,82
53043960100,1648,1600,48
53043960200,2913,2843,70
53043960300,2770,2668,102
53043960400,2995,2907,88
53045940000,934,886,48
53045960100,618,615,3
53045960200,5453,5171,282
53045960300,5504,5272,232
53045960400,9281,8413,868
53045960500,5190,4959,231
53045960600,4127,3270,857
53045960700,1698,1406,292
53045960800,3703,3153,550
53045960900,5081,3939,1142
53045961000,5275,4917,358
53045961100,6086,5909,177
53045961200,4164,4149,15
53045961300,3946,3536,410
53047940100,2829,2709,120
53047940200,2931,2484,447
53047970300,7560,6865,695
53047970400,3734,3105,629
53047970500,2419,2162,257
53047970600,6047,4989,1058
53047970700,4360,3135,1225
53047970800,5324,2375,2949
53047970900,2109,2014,95
53047971000,3986,3592,394
53049950200,4576,4136,440
53049950300,3465,2887,578
53049950400,3782,3454,328
53049950500,2756,2521,235
53049950600,1177,999,178
53049950700,2498,2440,58
53049950800,2489,2451,38
53049990100,0,0,0
53051970100,2145,2046,99
53051970200,2594,2513,81
53051970300,3479,3347,132
53051970400,2588,2529,59
53051970500,2195,2111,84
53053060200,1530,943,587
53053060300,4472,4230,242
53053060400,3997,3771,226
53053060500,4306,3996,310
53053060600,5276,5109,167
53053060700,6914,6442,472
53053060800,5371,5056,315
53053060903,3449,3070,379
53053060904,5233,5057,176
53053060905,6612,6072,540
53053060906,2356,2228,128
53053061001,3619,3391,228
53053061002,4172,3806,366
53053061100,6694,6311,383
53053061200,5613,4946,667
53053061300,5202,4380,822
53053061400,3598,3218,380
53053061500,4865,4334,531
53053061601,1950,1812,138
53053061602,861,780,81
53053061700,4616,4034,582
53053061800,2902,2524,378
53053061900,1906,1522,384
53053062000,4508,3683,825
53053062300,5504,4133,1371
53053062400,5903,5822,81
53053062500,7536,6778,758
53053062600,3221,2913,308
53053062801,6512,5498,1014
53053062802,3925,3713,212
53053062900,7030,5962,1068
53053063000,3265,2783,482
53053063100,4589,3742,847
53053063200,5247,4476,771
53053063300,8514,6094,2420
53053063400,7712,7056,656
53053063501,4412,3750,662
53053063502,4487,4068,419
53053070100,3687,3517,170
53053070203,5896,5606,290
53053070204,3975,3475,500
53053070205,3309,2885,424
53053070206,4193,4072,121
53053070207,5165,5121,44
53053070307,5449,5185,264
53053070308,3920,3810,110
53053070309,5584,5432,152
53053070310,5144,4810,334
53053070311,5289,4583,706
53053070312,5747,5356,391
53053070313,6051,5846,205
53053070314,3128,3086,42
53053070315,6044,5821,223
53053070316,5821,5611,210
53053070401,2356,2155,201
53053070403,3831,3423,408
53053070404,5086,4851,235
53053070703,6230,5790,440
53053071100,2218,2039,179
53053071205,4936,4657,279
53053071206,6284,6032,252
53053071207,6292,5589,703
53053071208,7672,6889,783
53053071209,4168,4017,151
53053071210,4529,4262,267
53053071304,6283,5302,981
53053071305,3874,3481,393
53053071306,5881,5500,381
53053071307,4808,4318,490
53053071309,4688,4217,471
53053071310,4998,4637,361
53053071403,4405,3820,585
53053071406,7242,6308,934
53053071407,6924,6126,798
53053071408,4085,3683,402
53053071409,4399,3826,573
53053071410,7262,5850,1412
53053071411,5522,4662,860
53053071503,5433,4732,701
53053071504,6055,5605,450
53053071505,5089,4699,390
53053071506,5183,4780,403
53053071601,4871,3204,1667
53053071602,7062,6133,929
53053071703,3520,2756,764
53053071704,4850,2484,2366
53053071705,3823,3070,753
53053071706,1906,1672,234
53053071707,2826,2425,401
53053071803,5662,4649,1013
53053071805,4434,3428,1006
53053071806,4239,2733,1506
53053071807,3645,3034,611
53053071808,3927,2613,1314
53053071901,4692,4304,388
53053071902,5082,4648,434
53053072000,4273,3139,1134
53053072105,5389,5106,283
53053072106,6100,5304,796
53053072107,4159,3846,313
53053072108,6025,5534,491
53053072109,3387,3218,169
53053072111,2722,2608,114
53053072112,4438,3788,650
53053072305,5949,5701,248
53053072307,4512,4216,296
53053072308,8083,7257,826
53053072309,5856,5521,335
53053072310,3784,3480,304
53053072311,4428,3887,541
53053072312,5497,5177,320
53053072313,3678,3576,102
53053072405,4163,3964,199
53053072406,6107,5877,230
53053072407,4720,4534,186
53053072408,6325,6112,213
53053072409,2630,2483,147
53053072410,3829,3795,34
53053072503,4447,4315,132
53053072504,5370,5174,196
53053072505,7407,7119,288
53053072506,3373,3317,56
53053072507,2943,2800,143
53053072601,5684,5339,345
53053072602,3906,3862,44
53053072603,4844,4806,38
53053072800,9285,8487,798
53053072901,3181,2330,851
53053072903,3945,3374,571
53053072905,5940,4859,1081
53053072906,1597,1418,179
53053072907,6063,4731,1332
53053073001,6164,5864,300
53053073005,5022,4840,182
53053073006,3773,3502,271
53053073108,8486,6879,1607
53053073110,3567,3275,292
53053073111,4356,4090,266
53053073113,7325,6920,405
53053073114,5269,4822,447
53053073115,4023,3623,400
53053073116,3929,3683,246
53053073117,3825,3754,71
53053073118,4260,4126,134
53053073119,3278,3255,23
53053073120,4142,3977,165
53053073121,4627,4042,585
53053073122,4465,3960,505
53053073123,4993,4292,701
53053073124,3921,3759,162
53053073125,10107,9063,1044
53053073126,4066,3493,573
53053073200,5474,5202,272
53053073301,5786,5286,500
53053073302,4004,3589,415
53053073404,6050,5782,268
53053073405,3776,3235,541
53053073406,5632,5063,569
53053073407,3676,3476,200
53053073408,4001,3601,400
53053073500,7542,6810,732
53053940001,2745,2605,140
53053940002,3876,3497,379
53053940003,7448,6178,1270
53053940004,6587,6275,312
53053940005,6092,5203,889
53053940006,3050,2846,204
53053940007,3187,2576,611
53053940008,6125,5763,362
53053940009,2848,2505,343
53053940010,4423,3758,665
53053940011,4384,4230,154
53055960100,5408,5125,283
53055960300,4705,4544,161
53055960400,2978,2671,307
53055960500,2965,2779,186
53055990100,0,0,0
53057940200,2375,2323,52
53057940300,4850,4658,192
53057940400,7115,6867,248
53057940500,2498,2240,258
53057940600,1570,1488,82
53057940700,1485,1439,46
53057940800,2843,2735,108
53057950100,844,833,11
53057950800,5878,5097,781
53057950900,4398,3964,434
53057951000,2706,2581,125
53057951100,4834,4613,221
53057951200,3233,3008,225
53057951300,1812,1751,61
53057951400,4056,3377,679
53057951500,9732,8576,1156
53057951600,4552,3343,1209
53057951700,4082,3031,1051
53057951800,4548,3044,1504
53057951900,3504,3376,128
53057952100,3302,2906,396
53057952200,4399,2645,1754
53057952301,4864,2241,2623
53057952302,9704,6640,3064
53057952401,2884,2199,685
53057952402,8082,5326,2756
53057952500,3013,2436,577
53057952600,3821,3278,543
53057952700,3491,3150,341
53057990100,0,0,0
53059950100,150,150,0
53059950200,4705,4682,23
53059950300,1886,1845,41
53059950400,2093,1827,266
53059950500,2482,2144,338
53061040100,4470,4296,174
53061040200,6362,5985,377
53061040300,2883,2656,227
53061040400,4552,4011,541
53061040500,2322,2128,194
53061040700,3810,3467,343
53061040800,2561,2447,114
53061040900,2967,2772,195
53061041000,5520,4933,587
53061041100,4551,3950,601
53061041201,3464,3181,283
53061041202,6250,5207,1043
53061041301,5525,5321,204
53061041303,4121,3787,334
53061041304,2920,2764,156
53061041400,5482,4464,1018
53061041500,1352,1294,58
53061041601,5996,5484,512
53061041605,6797,5710,1087
53061041606,5888,5318,570
53061041607,3930,3707,223
53061041608,6585,6210,375
53061041701,5672,4705,967
53061041703,6052,5368,684
53061041704,5471,4680,791
53061041805,5462,4849,613
53061041806,9195,6897,2298
53061041808,4209,3232,977
53061041809,5061,3934,1127
53061041810,5301,3854,1447
53061041811,6777,6312,465
53061041812,6554,4799,1755
53061041901,4697,4065,632
53061041903,7727,5785,1942
53061041904,5671,3296,2375
53061041905,6063,4900,1163
53061042001,5824,5530,294
53061042003,3251,3043,208
53061042004,4490,4359,131
53061042005,5382,5221,161
53061042006,4685,4341,344
53061050101,2903,2765,138
53061050102,6657,5298,1359
53061050200,4099,4032,67
53061050300,5334,5313,21
53061050401,7068,6557,511
53061050402,5655,5567,88
53061050500,7022,6564,458
53061050600,1292,1256,36
53061050700,6185,5829,356
53061050800,6268,6069,199
53061050900,3623,3116,507
53061051000,4710,4225,485
53061051100,3859,3532,327
53061051200,4469,3667,802
53061051300,7058,6505,553
53061051400,7456,5784,1672
53061051500,5903,4979,924
53061051601,4669,3977,692
53061051602,4132,3894,238
53061051701,6373,5580,793
53061051702,4266,3815,451
53061051802,5621,5041,580
53061051803,6509,5090,1419
53061051804,5424,5179,245
53061051905,8606,7714,892
53061051912,2425,2361,64
53061051913,4713,4448,265
53061051914,4538,4339,199
53061051915,7930,7691,239
53061051916,3567,3341,226
53061051917,4076,3784,292
53061051918,5004,4623,381
53061051921,5208,4131,1077
53061051922,5262,4819,443
53061051923,5837,5509,328
53061051924,6493,5904,589
53061051925,7943,7338,605
53061051926,5350,5132,218
53061051927,5048,4825,223
53061051928,5414,5200,214
53061052003,9315,8955,360
53061052004,6246,5928,318
53061052005,5822,5654,168
53061052006,4195,3909,286
53061052007,5427,5049,378
53061052104,3897,3365,532
53061052105,1599,1568,31
53061052107,5180,4871,309
53061052108,6284,6223,61
53061052112,2568,2389,179
53061052113,2645,2525,120
53061052114,4835,4545,290
53061052115,6906,6181,725
53061052118,7529,7053,476
53061052203,5329,5049,280
53061052204,5797,4992,805
53061052206,4433,4182,251
53061052207,6028,5719,309
53061052208,3674,2603,1071
53061052209,5731,4382,1349
53061052301,4604,4341,263
53061052302,4204,4037,167
53061052401,4190,3815,375
53061052402,3952,3704,248
53061052502,4989,4827,162
53061052503,7002,6481,521
53061052504,2489,2327,162
53061052603,2423,2173,250
53061052604,4300,3651,649
53061052605,6104,5848,256
53061052606,5388,4775,613
53061052607,6174,5718,456
53061052701,1711,1620,91
53061052705,8205,7696,509
53061052706,6126,5309,817
53061052707,4214,3817,397
53061052708,5350,5075,275
53061052709,3718,3322,396
53061052803,5517,4991,526
53061052804,7921,6952,969
53061052805,4062,3885,177
53061052806,7063,6099,964
53061052903,4314,3722,592
53061052904,5809,5201,608
53061052905,4195,3441,754
53061052906,4996,4643,353
53061053101,3785,3460,325
53061053102,4834,4615,219
53061053201,3980,3927,53
53061053202,4208,4009,199
53061053301,6777,6296,481
53061053302,5554,5187,367
53061053400,5700,5559,141
53061053504,6073,5585,488
53061053505,5082,4653,429
53061053506,5555,5514,41
53061053507,5131,4665,466
53061053508,3584,3306,278
53061053509,3928,3658,270
53061053602,6417,5956,461
53061053603,3984,3856,128
53061053604,4459,4224,235
53061053700,3043,3012,31
53061053801,3804,3590,214
53061053802,5481,4983,498
53061053803,4925,4662,263
53061940001,6462,5938,524
53061940002,3602,3468,134
53061990002,0,0,0
53061990100,0,0,0
53063000200,4862,4656,206
53063000300,5164,4821,343
53063000400,4307,3910,397
53063000500,3475,3226,249
53063000600,3184,3101,83
53063000700,4555,4160,395
53063000800,4952,4841,111
53063000900,6271,5885,386
53063001000,5761,5471,290
53063001100,3405,3195,210
53063001200,2369,2297,72
53063001300,3443,3286,157
53063001400,6142,5621,521
53063001500,5427,5192,235
53063001600,3397,3182,215
53063001800,2570,2483,87
53063001900,3800,3725,75
53063002000,3946,3734,212
53063002100,2539,2443,96
53063002300,5627,5052,575
53063002400,3106,2872,234
53063002500,8344,7406,938
53063002600,5405,4548,857
53063002900,3020,2835,185
53063003000,2715,2299,416
53063003100,4760,4599,161
53063003200,2407,2296,111
53063003500,2141,2028,113
53063003600,4338,4074,264
53063003800,1688,1600,88
53063003900,2030,1954,76
53063004000,4773,4459,314
53063004100,2254,2148,106
53063004200,4682,4553,129
53063004300,3264,3180,84
53063004400,4341,4069,272
53063004500,3422,3354,68
53063004601,3686,3491,195
53063004602,2996,2757,239
53063004700,6400,5964,436
53063004800,4164,4015,149
53063004900,6083,6083,0
53063005000,3597,3508,89
53063010100,6369,6156,213
53063010201,3799,3770,29
53063010202,6986,6708,278
53063010301,4415,4045,370
53063010303,3522,3409,113
53063010304,5124,5044,80
53063010305,6315,6134,181
53063010401,6715,5877,838
53063010402,7453,7294,159
53063010501,8055,7604,451
53063010503,7931,7650,281
53063010504,3413,3380,33
53063010601,3636,3494,142
53063010602,7732,7254,478
53063010700,6465,6118,347
53063010800,2097,2008,89
53063010900,4978,4744,234
53063011000,3728,3627,101
53063011101,5938,5554,384
53063011102,4249,4001,248
53063011201,6957,6580,377
53063011202,4060,3952,108
53063011300,7863,7651,212
53063011400,5983,5822,161
53063011500,1547,1533,14
53063011600,1655,1624,31
53063011701,1951,1951,0
53063011702,6194,5727,467
53063011800,4189,4007,182
53063011900,4356,3931,425
53063012000,3664,3394,270
53063012100,2642,2488,154
53063012200,2173,2064,109
53063012300,5397,5033,364
53063012401,4245,4205,40
53063012402,6254,6084,170
53063012500,3837,3661,176
53063012600,4083,3780,303
53063012701,3870,3846,24
53063012702,2136,2087,49
53063012801,4086,3727,359
53063012802,3524,3292,232
53063012901,3260,2928,332
53063012902,6972,6484,488
53063013000,8500,8094,406
53063013100,10932,10772,160
53063013201,7576,7463,113
53063013202,10092,9466,626
53063013300,3254,3227,27
53063013401,4872,4731,141
53063013500,8500,8197,303
53063013600,4708,4410,298
53063013700,3716,3493,223
53063013800,2904,2667,237
53063013900,5817,5673,144
53063014001,5545,4910,635
53063014002,5492,4946,546
53063014100,6010,5914,96
53063014200,3365,3321,44
53063014300,2799,2746,53
53063014400,5308,4915,393
53063014500,1839,1676,163
53065941000,2064,1949,115
53065950100,7192,6917,275
53065950200,3584,3378,206
53065950300,2574,2367,207
53065950500,2414,2339,75
53065950600,2548,2516,32
53065950700,2519,2493,26
53065950800,3134,3127,7
53065950900,1620,1600,20
53065951100,3758,3502,256
53065951300,4116,4003,113
53065951400,8221,8085,136
53067010100,3176,3047,129
53067010200,5469,5111,358
53067010300,5407,4723,684
53067010400,3744,3597,147
53067010510,1800,1698,102
53067010520,6137,5502,635
53067010600,5931,5515,416
53067010700,5955,5745,210
53067010800,6611,6237,374
53067010910,7843,7330,513
53067010920,4321,4114,207
53067011000,5012,4652,360
53067011100,3930,3756,174
53067011200,5358,4737,621
53067011300,4544,3977,567
53067011410,5275,4790,485
53067011420,6794,6053,741
53067011500,6225,5867,358
53067011610,7006,6061,945
53067011621,7725,6637,1088
53067011622,4677,4435,242
53067011623,6037,5080,957
53067011624,3977,3578,399
53067011710,7978,7634,344
53067011720,4560,4429,131
53067011810,3559,3462,97
53067011821,4099,3854,245
53067011822,4341,4108,233
53067011900,7798,7725,73
53067012000,6568,6299,269
53067012100,4010,3881,129
53067012211,2559,2430,129
53067012212,7449,7199,250
53067012221,5493,5152,341
53067012222,8550,7916,634
53067012310,10016,8958,1058
53067012320,3039,2651,388
53067012330,4805,3730,1075
53067012411,7945,6745,1200
53067012412,5032,4607,425
53067012420,4142,3815,327
53067012510,3112,2762,350
53067012520,7053,6695,358
53067012530,4404,4111,293
53067012610,6178,5750,428
53067012620,4246,3955,291
53067012710,2306,2143,163
53067012720,7084,5728,1356
53067012730,7031,6474,557
53067990100,0,0,0
53069950100,4051,3863,188
53071920000,5188,3598,1590
53071920100,4720,4080,640
53071920200,4090,3117,973
53071920300,8547,7085,1462
53071920400,2864,2413,451
53071920500,2844,1107,1737
53071920600,5460,3349,2111
53071920701,3682,3015,667
53071920702,4451,3839,612
53071920801,5030,4153,877
53071920802,3657,3140,517
53071920900,9276,8405,871
53073000100,9565,8846,719
53073000200,9534,8089,1445
53073000300,8815,7563,1252
53073000400,6048,5606,442
53073000501,5329,5098,231
53073000502,2482,2216,266
53073000600,1841,1604,237
53073000700,6396,5502,894
53073000803,6614,6273,341
53073000804,6842,6555,287
53073000805,5129,4891,238
53073000806,8814,8204,610
53073000901,6642,6158,484
53073000902,5688,5433,255
53073001000,7452,7006,446
53073001100,6833,6535,298
53073001201,6827,6390,437
53073001202,3672,3572,100
53073010100,8401,7676,725
53073010200,9359,7889,1470
53073010301,6542,5686,856
53073010302,4899,4530,369
53073010303,5977,5329,648
53073010401,8540,7991,549
53073010403,4735,4677,58
53073010404,6779,6610,169
53073010501,7458,6721,737
53073010502,7723,6676,1047
53073010600,6587,5573,1014
53073010701,6038,5581,457
53073010702,4586,3464,1122
53073010900,951,933,18
53073011000,1203,1179,24
53073940000,5428,5156,272
53075000100,7347,6805,542
53075000200,7075,6554,521
53075000300,4912,4660,252
53075000400,3980,3879,101
53075000500,3547,3085,462
53075000600,7511,7132,379
53075000700,3524,3405,119
53075000800,3688,3624,64
53075000900,3713,3545,168
53075001000,2197,2124,73
53077000100,3128,1350,1778
53077000200,5816,1742,4074
53077000300,4296,2291,2005
53077000400,7585,6158,1427
53077000500,5183,3799,1384
53077000600,7320,1299,6021
53077000700,6981,3185,3796
53077000800,4444,3692,752
53077000901,7747,6450,1297
53077000902,3882,2940,942
53077001000,5831,4386,1445
53077001100,6473,4585,1888
53077001201,4149,1962,2187
53077001202,6339,2120,4219
53077001300,2388,1228,1160
53077001400,3687,1781,1906
53077001501,7955,1568,6387
53077001502,3292,461,2831
53077001601,2468,2031,437
53077001602,7387,6177,1210
53077001701,2908,2282,626
53077001702,6039,3529,2510
53077001800,7110,2756,4354
53077001901,4105,733,3372
53077001902,6791,1369,5422
53077002001,8397,1137,7260
53077002002,8891,1985,6906
53077002101,2125,961,1164
53077002102,8903,1954,6949
53077002200,8150,4298,3852
53077002701,2957,393,2564
53077002801,5363,4601,762
53077002802,7942,6792,1150
53077002900,6523,3425,3098
53077003001,4153,3945,208
53077003002,3160,2708,452
53077003100,5563,4841,722
53077003200,6795,5632,1163
53077003400,4583,4040,543
53077940001,6460,3755,2705
53077940002,4468,2777,1691
53077940003,3354,2883,471
53077940004,6951,1730,5221
53077940005,4806,1135,3671
53077940006,4833,724,4109
54001965500,4269,4235,34
54001965600,3912,3881,31
54001965700,4878,4831,47
54001965800,3833,3802,31
54003971101,6351,6133,218
54003971102,8702,8280,422
54003971201,9961,9511,450
54003971202,4677,4650,27
54003971300,9850,9330,520
54003971400,10024,9666,358
54003971500,4066,3836,230
54003971600,4333,4236,97
54003971700,5527,4986,541
54003971800,7950,7723,227
54003971900,10203,9824,379
54003972000,12154,11703,451
54003972101,5660,5596,64
54003972102,10715,10414,301
54005958200,4294,4294,0
54005958300,4050,4048,2
54005958400,2358,2344,14
54005958501,2533,2495,38
54005958502,3351,3349,2
54005958600,2176,2159,17
54005958700,2039,2026,13
54005958800,2844,2796,48
54007967900,5365,5323,42
54007968000,4556,4549,7
54007968100,4542,4405,137
54009031101,4999,4975,24
54009031102,4447,4415,32
54009031200,3368,3352,16
54009031400,4049,4049,0
54009031600,3802,3722,80
54009031700,2808,2762,46
54011000101,1781,1680,101
54011000102,2292,2229,63
54011000200,2918,2868,50
54011000300,2437,2420,17
54011000400,2887,2873,14
54011000500,2895,2831,64
54011000600,1485,1452,33
54011000900,1458,1434,24
54011001000,1954,1904,50
54011001100,1664,1641,23
54011001200,2804,2765,39
54011001300,2628,2617,11
54011001400,2539,2439,100
54011001500,2019,2019,0
54011001600,1226,1226,0
54011001800,4249,4229,20
54011001900,2383,2126,257
54011002000,3292,3253,39
54011002100,3152,3132,20
54011010102,5750,5735,15
54011010201,5429,5408,21
54011010202,3794,3765,29
54011010300,2957,2957,0
54011010400,6535,6381,154
54011010500,5991,5991,0
54011010600,3789,3789,0
54011010700,8284,8252,32
54011010800,6348,6306,42
54011010900,1683,1589,94
54013962600,3426,3343,83
54013962700,4056,4056,0
54015957900,3845,3845,0
54015958000,3049,3049,0
54015958100,2139,2130,9
54017965000,3915,3915,0
54017965100,4448,4422,26
54019020100,5596,5577,19
54019020201,4837,4837,0
54019020202,3687,3655,32
54019020300,3005,2907,98
54019020400,4458,4458,0
54019020500,2128,2106,22
54019020600,2168,2153,15
54019020700,4130,4036,94
54019020800,5447,5369,78
54019020900,4141,4069,72
54019021000,2442,2442,0
54019021100,3153,3125,28
54021967700,5970,5695,275
54021967800,2527,2498,29
54023969400,3213,3164,49
54023969500,4145,4074,71
54023969600,4412,4397,15
54025950100,5535,5514,21
54025950200,3820,3789,31
54025950300,3516,3473,43
54025950400,7671,7390,281
54025950500,3455,3444,11
54025950600,5285,5194,91
54025950700,6298,6283,15
54027968200,5114,5088,26
54027968300,6091,6054,37
54027968400,4574,4468,106
54027968500,2945,2896,49
54027968600,4731,4660,71
54029020600,4415,4320,95
54029020700,4232,4189,43
54029020900,3004,2951,53
54029021100,3694,3665,29
54029021200,3668,3653,15
54029021300,2994,2864,130
54029021400,3748,3716,32
54029021500,4269,4269,0
54031970100,4824,4694,130
54031970200,5194,4833,361
54031970300,3924,3839,85
54033030100,3203,3176,27
54033030200,2555,2536,19
54033030300,2736,2653,83
54033030400,3119,3053,66
54033030500,4609,4536,73
54033030601,2495,2447,48
54033030602,6301,6186,115
54033030700,2371,2365,6
54033030800,4208,4155,53
54033031000,3778,3695,83
54033031100,2253,2163,90
54033031200,2449,2384,65
54033031300,3176,3151,25
54033031400,2837,2771,66
54033031500,1518,1518,0
54033031600,2194,2177,17
54033031700,1773,1768,5
54033031800,2212,2200,12
54033031900,2432,2403,29
54033032000,2218,2179,39
54033032101,3871,3863,8
54033032102,6467,6367,100
54035963200,4798,4787,11
54035963300,4455,4455,0
54035963400,4185,4185,0
54035963500,3198,3198,0
54035963600,4684,4601,83
54035963700,7879,7879,0
54037972201,4813,4701,112
54037972203,2437,2361,76
54037972204,2550,2521,29
54037972300,4793,4604,189
54037972401,2476,2250,226
54037972402,4969,4527,442
54037972501,4808,4296,512
54037972503,3408,3166,242
54037972505,2514,2407,107
54037972506,3493,3078,415
54037972601,2099,2054,45
54037972602,4222,4110,112
54037972701,2569,2448,121
54037972702,4082,3997,85
54037972800,6298,6109,189
54039000100,1281,1230,51
54039000200,2422,2417,5
54039000300,2939,2939,0
54039000500,2258,2170,88
54039000600,4006,3959,47
54039000700,2344,2337,7
54039000800,1402,1402,0
54039000900,982,945,37
54039001100,4909,4862,47
54039001200,1639,1563,76
54039001300,2201,2086,115
54039001500,4528,4483,45
54039001700,1666,1666,0
54039001800,2502,2455,47
54039001901,3727,3642,85
54039001902,3909,3882,27
54039002000,3237,3221,16
54039002100,5455,5383,72
54039010100,3786,3699,87
54039010200,2132,2132,0
54039010300,2396,2396,0
54039010400,1408,1374,34
54039010500,4532,4475,57
54039010600,4973,4973,0
54039010701,4972,4936,36
54039010702,5299,5299,0
54039010801,6991,6991,0
54039010802,3448,3448,0
54039010900,2816,2597,219
54039011000,4744,4725,19
54039011100,4855,4855,0
54039011200,4015,3949,66
54039011301,2981,2906,75
54039011302,6088,6014,74
54039011401,2482,2444,38
54039011402,3821,3806,15
54039011500,3964,3927,37
54039011800,4788,4787,1
54039012100,3917,3889,28
54039012200,5326,5261,65
54039012300,7436,7387,49
54039012800,4395,4346,49
54039012900,1362,1320,42
54039013000,4633,4547,86
54039013100,3947,3899,48
54039013200,3956,3956,0
54039013300,2693,2663,30
54039013400,2303,2233,70
54039013500,2564,2564,0
54039013600,4413,4395,18
54039013701,2245,2245,0
54039013702,6032,6032,0
54039013800,2516,2507,9
54041967200,3502,3502,0
54041967300,3716,3600,116
54041967400,2693,2693,0
54041967500,3067,3053,14
54041967600,3444,3442,2
54043955400,6510,6510,0
54043955500,3620,3548,72
54043955600,4160,4136,24
54043955700,3412,3412,0
54043955800,3780,3780,0
54045956101,7086,7017,69
54045956102,3114,3080,34
54045956200,3625,3605,20
54045956400,3505,3505,0
54045956500,2294,2282,12
54045956600,4803,4715,88
54045956700,4175,4132,43
54045956800,4256,4256,0
54045956900,2308,2273,35
54047953600,872,872,0
54047953800,3087,3087,0
54047953900,1803,1803,0
54047954000,1745,1745,0
54047954200,2379,2379,0
54047954501,1706,1706,0
54047954503,4088,3807,281
54047954504,4593,4593,0
54049020100,1486,1486,0
54049020200,3085,3042,43
54049020300,3781,3687,94
54049020400,1652,1610,42
54049020500,1949,1901,48
54049020600,1433,1427,6
54049020700,3701,3686,15
54049020800,2887,2858,29
54049020900,3692,3692,0
54049021000,5631,5506,125
54049021100,2805,2796,9
54049021200,6347,6177,170
54049021300,3575,3567,8
54049021400,1938,1936,2
54049021500,3460,3433,27
54049021600,4606,4591,15
54049021700,1878,1874,4
54049021800,2810,2797,13
54051020200,2009,1957,52
54051020500,1043,1029,14
54051020601,2130,2117,13
54051020702,1361,1359,2
54051020800,4385,4337,48
54051020900,5179,5169,10
54051021000,6285,6209,76
54051021100,5273,5235,38
54051021300,4631,4580,51
54053954801,3114,3114,0
54053954802,4060,4060,0
54053954900,6962,6874,88
54053955000,4744,4688,56
54053955101,2634,2615,19
54053955102,5546,5544,2
54055000900,2854,2830,24
54055001000,5051,5002,49
54055001100,6190,6113,77
54055001200,3353,3319,34
54055001300,4446,4316,130
54055001400,1934,1840,94
54055001500,5246,5246,0
54055001600,1284,1284,0
54055001700,4699,4668,31
54055001800,6341,6327,14
54055001900,1434,1427,7
54055002000,2786,2740,46
54055002100,3021,3004,17
54055002200,4699,4699,0
54055002300,5302,5216,86
54055002400,2836,2826,10
54057010100,2181,2181,0
54057010200,3775,3775,0
54057010300,4954,4929,25
54057010400,4709,4649,60
54057010500,4431,4430,1
54057010600,5659,5522,137
54057010700,1897,1879,18
54059957100,4133,4133,0
54059957200,3305,3305,0
54059957300,4075,4030,45
54059957400,3929,3929,0
54059957500,3312,3267,45
54059957600,3145,3145,0
54059957700,3650,3650,0
54061010101,1398,1336,62
54061010102,5244,5039,205
54061010201,4588,4447,141
54061010202,3776,3734,42
54061010400,4151,4120,31
54061010600,5508,5448,60
54061010700,4204,4178,26
54061010800,4633,4628,5
54061010901,3316,3258,58
54061010902,3525,3449,76
54061011000,4585,4377,208
54061011100,2666,2666,0
54061011200,4383,4375,8
54061011300,4118,4028,90
54061011400,3828,3828,0
54061011500,5138,5089,49
54061011600,6331,5978,353
54061011700,4324,4312,12
54061011803,3608,3550,58
54061011804,3512,3448,64
54061011805,4809,4617,192
54061011806,5336,5251,85
54061011900,4181,4174,7
54061012000,5665,5401,264
54063950100,3394,3394,0
54063950200,4204,4186,18
54063950300,5898,5761,137
54065970700,5985,5950,35
54065970800,3861,3832,29
54065970900,2912,2912,0
54065971000,4756,4575,181
54067950100,3216,3187,29
54067950200,6714,6638,76
54067950300,1272,1272,0
54067950400,4487,4487,0
54067950500,1347,1317,30
54067950600,5440,5440,0
54067950700,3267,3267,0
54069000200,3030,2968,62
54069000300,1809,1780,29
54069000400,1139,1139,0
54069000500,1458,1430,28
54069000600,1339,1339,0
54069000700,987,982,5
54069001300,1442,1442,0
54069001400,3408,3380,28
54069001500,2260,2136,124
54069001600,2218,2197,21
54069001700,1636,1612,24
54069001800,5582,5557,25
54069001901,2467,2464,3
54069002000,4842,4816,26
54069002100,4270,4198,72
54069002200,2387,2383,4
54069002600,2150,2150,0
54069002700,833,825,8
54071970400,1734,1718,16
54071970500,3520,3475,45
54071970600,2037,2036,1
54073962100,3471,3388,83
54073962200,4141,4092,49
54075960101,1222,1202,20
54075960102,1353,1343,10
54075960200,3558,3551,7
54075960300,2487,2447,40
54077963800,6947,6403,544
54077963900,3910,3910,0
54077964000,4019,4002,17
54077964100,4862,4843,19
54077964200,3763,3750,13
54077964300,4585,4566,19
54077964400,3053,3046,7
54077964500,2654,2654,0
54079020100,5623,5612,11
54079020200,5183,4992,191
54079020300,4988,4962,26
54079020400,6870,6858,12
54079020500,6153,6106,47
54079020601,5716,5533,183
54079020603,7339,7210,129
54079020604,2786,2786,0
54079020605,7481,7481,0
54079020700,4604,4595,9
54081000200,3955,3883,72
54081000300,4014,3999,15
54081000400,3460,3432,28
54081000500,4507,4356,151
54081000600,4209,4192,17
54081000700,3245,3201,44
54081000802,5788,5613,175
54081000803,5000,4868,132
54081000804,6034,5972,62
54081000900,5071,5071,0
54081001001,4882,4854,28
54081001002,3371,3371,0
54081001100,5461,5443,18
54081001200,4848,4848,0
54081001300,5284,5242,42
54081001400,4882,4592,290
54081001500,4040,3962,78
54083965900,4004,3979,25
54083966000,4253,4205,48
54083966100,4068,3969,99
54083966200,3697,3669,28
54083966300,2612,2612,0
54083966400,5851,5828,23
54083966500,4802,4786,16
54085962300,3863,3863,0
54085962400,2980,2931,49
54085962500,3201,3174,27
54087962800,2553,2553,0
54087962900,4269,4249,20
54087963000,3632,3513,119
54087963100,4059,4059,0
54089000500,2476,2448,28
54089000600,5358,5204,154
54089000700,1607,1607,0
54089000800,3884,3840,44
54091964600,5042,5041,1
54091964700,4568,4507,61
54091964800,5230,5155,75
54091964900,2109,2082,27
54093965200,1842,1842,0
54093965300,2077,2051,26
54093965400,3003,2984,19
54095961800,3574,3552,22
54095961900,3340,3298,42
54095962000,2086,2086,0
54097966600,4949,4815,134
54097966700,3208,3164,44
54097966800,3514,3430,84
54097966900,3436,3424,12
54097967000,4551,4541,10
54097967100,4974,4967,7
54099005100,2001,2001,0
54099005200,1852,1852,0
54099020100,2817,2798,19
54099020300,4414,4337,77
54099020400,5994,5909,85
54099020500,4893,4888,5
54099020600,5280,5254,26
54099020700,3663,3663,0
54099020800,3837,3796,41
54099020900,3170,3170,0
54099021000,3316,3316,0
54101970100,4309,4309,0
54101970200,2388,2379,9
54101970300,2123,2123,0
54103004900,3887,3856,31
54103030400,2992,2964,28
54103030500,3899,3899,0
54103030700,3922,3922,0
54103030800,1297,1279,18
54105030101,3261,3241,20
54105030102,2565,2559,6
54107000100,3413,3384,29
54107000300,2818,2811,7
54107000400,2349,2331,18
54107000500,4170,4034,136
54107000701,2750,2720,30
54107000702,1596,1588,8
54107000801,1527,1527,0
54107000802,3544,3544,0
54107000901,1465,1433,32
54107000902,1494,1490,4
54107000903,4088,4088,0
54107010101,2053,2053,0
54107010102,1957,1930,27
54107010200,3097,3073,24
54107010300,4472,4336,136
54107010400,1770,1770,0
54107010501,1551,1514,37
54107010502,4186,4186,0
54107010601,4647,4537,110
54107010602,4471,4443,28
54107010701,5603,5488,115
54107010702,8339,8265,74
54107010800,2993,2966,27
54107010901,4715,4715,0
54107010902,4123,4113,10
54107011000,3071,3032,39
54109002800,2706,2706,0
54109002901,4408,4380,28
54109002902,3357,3342,15
54109003000,2329,2329,0
54109003100,4927,4926,1
54109003200,4810,4796,14
55001950100,2935,2923,12
55001950201,1343,1319,24
55001950202,2581,2509,72
55001950400,4529,4331,198
55001950501,1511,1442,69
55001950502,3877,3566,311
55001950700,3518,3430,88
55003940000,1807,1700,107
55003950300,2835,2691,144
55003950400,2204,2170,34
55003950500,2215,2194,21
55003950600,1463,1433,30
55003950700,2189,2152,37
55003950800,3223,3204,19
55003990000,0,0,0
55005000100,4013,3931,82
55005000200,3978,3802,176
55005000300,4041,3866,175
55005000400,5108,4995,113
55005000500,4530,4476,54
55005000600,5913,5848,65
55005000800,5561,5518,43
55005000900,5054,4890,164
55005001001,1772,1732,40
55005001002,5578,5431,147
55007960100,2744,2705,39
55007960200,1724,1687,37
55007960300,3549,3506,43
55007960400,4900,4790,110
55007960600,2070,2056,14
55007990000,0,0,0
55009000100,2873,2365,508
55009000200,6353,5624,729
55009000302,4166,3879,287
55009000303,3065,2706,359
55009000401,4785,4490,295
55009000402,2105,2050,55
55009000500,3076,2972,104
55009000600,4017,3531,486
55009000700,4831,4346,485
55009000800,1694,1485,209
55009000900,3887,2353,1534
55009001000,1258,1201,57
55009001100,2054,1387,667
55009001200,2113,1588,525
55009001300,2911,2599,312
55009001400,3867,3033,834
55009001600,6190,4499,1691
55009001701,3838,2178,1660
55009001702,3728,2568,1160
55009001801,5456,4734,722
55009001802,6142,5950,192
55009002001,8530,7643,887
55009002002,5251,4399,852
55009002003,3363,3200,163
55009010100,6125,5980,145
55009010201,4635,4354,281
55009010202,5151,5057,94
55009010300,6801,6387,414
55009020100,5584,5495,89
55009020203,6661,6633,28
55009020204,5335,5305,30
55009020502,5445,5074,371
55009020503,8335,7973,362
55009020504,5170,5082,88
55009020600,5160,5105,55
55009020702,6862,6812,50
55009020703,6944,6387,557
55009020704,8243,6947,1296
55009020800,2510,2360,150
55009020900,2700,2422,278
55009021000,2675,2577,98
55009021100,1060,974,86
55009021200,4988,4832,156
55009021301,3257,3045,212
55009021302,5860,5860,0
55009021303,4079,3988,91
55009021304,2292,2281,11
55009021400,8237,7743,494
55009021500,2996,2927,69
55009021600,6022,5983,39
55009940001,17145,17002,143
55009940002,4704,4590,114
55009940003,3541,3383,158
55009940004,2551,2450,101
55011960100,2599,2555,44
55011960200,2799,2787,12
55011960300,2155,2067,88
55011960400,2452,2399,53
55011960500,3251,3168,83
55013970400,3952,3858,94
55013970600,1985,1939,46
55013970700,2344,2316,28
55013970800,2296,2283,13
55013970900,2891,2842,49
55013971000,1791,1786,5
55015020100,4802,4736,66
55015020200,3889,3713,176
55015020303,4135,3958,177
55015020304,3447,3281,166
55015020306,6362,6236,126
55015020308,3669,3585,84
55015020400,3382,3307,75
55015020500,4984,4686,298
55015020600,5150,5081,69
55015020700,4303,4189,114
55015020800,5530,4932,598
55017010100,2983,2983,0
55017010200,6799,6721,78
55017010300,5894,5608,286
55017010400,4818,4756,62
55017010500,5322,5287,35
55017010700,7521,7521,0
55017010800,7277,7062,215
55017010900,4754,4639,115
55017011000,7080,6954,126
55017011100,4173,4157,16
55017011200,6734,6695,39
55019950100,4785,4120,665
55019950200,4532,4139,393
55019950300,4425,4377,48
55019950400,3957,3931,26
55019950500,5233,5109,124
55019950600,4820,4747,73
55019950700,3623,3578,45
55019950800,3111,3035,76
55021970100,4285,4040,245
55021970200,5867,5739,128
55021970300,4019,3717,302
55021970400,6447,6288,159
55021970500,4302,3992,310
55021970600,4735,4698,37
55021970700,4073,4045,28
55021970800,5619,5431,188
55021970900,4726,4676,50
55021971000,3916,3826,90
55021971100,3479,3328,151
55021971200,5182,5166,16
55023960100,2935,2905,30
55023960200,2152,2129,23
55023960300,2498,2480,18
55023960400,3161,3109,52
55023960500,1964,1930,34
55023960600,3705,3665,40
55025000100,2513,2453,60
55025000201,2153,2053,100
55025000202,3204,3031,173
55025000204,5520,5445,75
55025000205,5061,5061,0
55025000300,5392,5174,218
55025000401,3449,3297,152
55025000402,2468,2457,11
55025000405,6561,5659,902
55025000406,3117,3051,66
55025000407,5581,5032,549
55025000408,1729,1654,75
55025000501,4401,4124,277
55025000503,7437,6394,1043
55025000504,7123,6873,250
55025000600,6673,3554,3119
55025000700,3171,2951,220
55025000800,3724,3608,116
55025000901,2233,2150,83
55025000902,5754,5639,115
55025001000,2591,2516,75
55025001101,5461,5285,176
55025001102,3817,3618,199
55025001200,6799,6307,492
55025001300,2479,2319,160
55025001401,6867,4878,1989
55025001402,5376,4404,972
55025001403,8353,6646,1707
55025001501,1965,1753,212
55025001502,5167,3807,1360
55025001603,3632,3445,187
55025001604,5354,5166,188
55025001605,3077,2976,101
55025001606,6054,5674,380
55025001704,3251,3105,146
55025001705,4373,4184,189
55025001802,3157,3062,95
55025001804,3547,3244,303
55025001900,6617,6359,258
55025002000,5480,5343,137
55025002100,4650,4412,238
55025002200,4052,3634,418
55025002301,2911,2652,259
55025002302,1807,1780,27
55025002401,3381,3192,189
55025002402,3892,3655,237
55025002500,1871,1478,393
55025002601,1940,1743,197
55025002602,6101,5478,623
55025002603,5453,5035,418
55025002700,3116,3037,79
55025002800,2176,2140,36
55025002900,3290,3113,177
55025003001,4996,4734,262
55025003002,3963,3516,447
55025003100,6305,5752,553
55025003200,2758,2461,297
55025010100,1933,1857,76
55025010200,1401,1301,100
55025010300,3469,3274,195
55025010400,3427,3226,201
55025010501,3241,3181,60
55025010502,8031,7937,94
55025010600,5207,5093,114
55025010701,6298,6074,224
55025010702,6732,6452,280
55025010800,11087,10764,323
55025010901,6101,5737,364
55025010903,3241,3189,52
55025010904,9033,8781,252
55025011000,4217,4161,56
55025011101,4630,4260,370
55025011102,8736,8278,458
55025011200,9749,9290,459
55025011301,6553,6213,340
55025011302,3054,2976,78
55025011401,7385,7007,378
55025011402,9633,9116,517
55025011503,8783,8533,250
55025011504,3823,3791,32
55025011505,4779,4113,666
55025011506,4992,4816,176
55025011600,6677,6556,121
55025011700,4358,3881,477
55025011800,5801,5237,564
55025011900,6803,6684,119
55025012001,8579,7687,892
55025012002,5293,5271,22
55025012100,2589,2439,150
55025012201,2112,2045,67
55025012202,6849,6769,80
55025012300,5768,5626,142
55025012400,5047,4952,95
55025012501,6779,6600,179
55025012502,5450,5352,98
55025012600,4613,4386,227
55025012700,4129,4093,36
55025012800,8002,7885,117
55025012900,4107,4039,68
55025013000,4528,4460,68
55025013100,4685,4596,89
55025013200,8952,8751,201
55025013301,4877,4829,48
55025013302,5837,5516,321
55025013700,6105,6093,12
55025991702,0,0,0
55025991703,0,0,0
55027960100,5778,5599,179
55027960200,2954,2933,21
55027960300,7966,7499,467
55027960400,4495,4275,220
55027960500,4277,4089,188
55027960600,3869,3673,196
55027960700,4593,4570,23
55027960800,3613,3320,293
55027960900,4459,3981,478
55027961000,4366,3941,425
55027961100,4537,4332,205
55027961200,3341,3171,170
55027961300,5199,4988,211
55027961400,3991,3934,57
55027961500,5159,5104,55
55027961600,4405,4324,81
55027961700,2920,2828,92
55027961800,4226,4116,110
55027961900,5898,5604,294
55027962000,2358,2158,200
55029100100,2401,2378,23
55029100300,2341,2301,40
55029100400,2743,2579,164
55029100500,3347,3317,30
55029100600,3147,3082,65
55029100700,4818,4524,294
55029100800,5069,5005,64
55029100900,1545,1513,32
55029101000,2258,2208,50
55029990000,0,0,0
55031020300,2847,2729,118
55031020400,3192,3127,65
55031020500,2974,2927,47
55031020600,4706,4706,0
55031020700,4016,3870,146
55031020800,3344,3320,24
55031020900,2286,2286,0
55031021000,1731,1731,0
55031021100,2259,2225,34
55031030100,6208,6145,63
55031030200,5158,5064,94
55031030300,4984,4952,32
55031990000,0,0,0
55033970100,3880,3803,77
55033970200,4715,4677,38
55033970300,5978,5917,61
55033970400,6273,6136,137
55033970500,5942,5857,85
55033970600,4308,4250,58
55033970700,6326,6101,225
55033970800,6926,6836,90
55035000100,4957,4815,142
55035000200,5013,4961,52
55035000301,3687,3687,0
55035000302,7549,7348,201
55035000400,7576,7409,167
55035000501,4733,4733,0
55035000502,4638,4638,0
55035000600,4911,4758,153
55035000700,5133,4723,410
55035000801,3837,3792,45
55035000802,4132,3961,171
55035000803,5874,5546,328
55035000900,5033,4961,72
55035001101,1985,1923,62
55035001200,5516,5421,95
55035001300,5484,5484,0
55035001400,7258,7178,80
55035001500,3397,3361,36
55035001600,5513,5410,103
55035001700,5681,5523,158
55037190100,2726,2706,20
55037190200,1748,1722,26
55039040100,4127,3939,188
55039040200,2961,2715,246
55039040300,5990,5024,966
55039040400,2740,2658,82
55039040500,3701,3566,135
55039040700,4796,4623,173
55039040800,4792,4222,570
55039040900,3524,3307,217
55039041000,3139,2971,168
55039041100,9093,8540,553
55039041300,6706,6311,395
55039041400,5771,5637,134
55039041500,3144,3078,66
55039041600,5895,5738,157
55039041700,4056,3942,114
55039041800,4801,4667,134
55039041900,7121,6914,207
55039042000,8782,8540,242
55039042100,4816,4794,22
55039042200,6013,5870,143
55041950100,1362,1336,26
55041950200,2547,2497,50
55041950300,2621,2530,91
55041950400,2578,2560,18
55043960100,3873,3778,95
55043960200,4374,4351,23
55043960300,4340,4240,100
55043960400,3491,3374,117
55043960500,3608,3595,13
55043960600,3700,3638,62
55043960700,4009,3991,18
55043960800,2913,2897,16
55043960900,4680,4598,82
55043961000,8153,8058,95
55043961100,4516,4477,39
55043961200,4066,3993,73
55045960100,6562,6396,166
55045960200,5870,5765,105
55045960300,4986,4862,124
55045960400,4037,3827,210
55045960500,4047,3853,194
55045960600,3365,3254,111
55045960700,3934,3804,130
55045960800,4249,4189,60
55047100100,3414,3104,310
55047100200,2736,2624,112
55047100300,2990,2967,23
55047100400,2665,2612,53
55047100500,2930,2903,27
55047100600,4146,3807,339
55049950100,3789,3771,18
55049950200,3080,3047,33
55049950300,3198,3087,111
55049950400,5410,5395,15
55049950500,4724,4582,142
55049950600,3550,3476,74
55051180100,2327,2291,36
55051180200,1428,1418,10
55051180300,2095,2080,15
55051990000,0,0,0
55053960100,3957,3785,172
55053960200,3422,3268,154
55053960300,4244,4118,126
55053960400,4258,4140,118
55053960500,4685,4621,64
55055100100,5968,5865,103
55055100200,3527,3176,351
55055100300,6513,6001,512
55055100400,5837,5319,518
55055100500,6409,5952,457
55055100601,1495,1480,15
55055100602,3302,3251,51
55055100700,4508,4401,107
55055100800,4305,4283,22
55055100900,3819,3697,122
55055101000,3998,3536,462
55055101100,4444,3926,518
55055101201,2152,2142,10
55055101202,1580,1576,4
55055101300,5876,5469,407
55055101400,3262,2677,585
55055101500,4099,3526,573
55055101600,7052,6259,793
55055101701,1532,1493,39
55055101702,4860,4688,172
55057100100,2692,2513,179
55057100200,3712,3665,47
55057100300,3125,3086,39
55057100400,4960,4788,172
55057100500,4340,4213,127
55057100600,3630,3523,107
55057100700,3940,3833,107
55059000100,5843,5297,546
55059000300,5029,4531,498
55059000400,3470,3096,374
55059000500,5111,4634,477
55059000601,6343,5874,469
55059000602,7645,6827,818
55059000700,5465,3995,1470
55059000800,3377,2024,1353
55059000900,3797,2415,1382
55059001000,2249,2062,187
55059001100,3080,2127,953
55059001200,4051,3104,947
55059001300,4634,3392,1242
55059001400,6565,6013,552
55059001500,3560,2989,571
55059001600,3674,2201,1473
55059001700,2959,2579,380
55059001800,2389,1885,504
55059001900,2627,2507,120
55059002000,5572,5345,227
55059002100,5059,3857,1202
55059002200,3585,3274,311
55059002300,5946,5602,344
55059002400,4934,4543,391
55059002500,3556,3411,145
55059002601,9060,7537,1523
55059002602,8874,7838,1036
55059002700,5885,5512,373
55059002800,6590,6423,167
55059002903,3246,3123,123
55059002904,5861,5490,371
55059002905,3714,3583,131
55059002906,4859,4709,150
55059003001,4287,4216,71
55059003002,5000,4801,199
55059990000,0,0,0
55061960100,3150,3096,54
55061960200,2567,2488,79
55061960400,8431,8227,204
55061960500,6311,6136,175
55061990000,0,0,0
55063000100,4593,4260,333
55063000200,4772,4650,122
55063000300,2469,2440,29
55063000400,6036,5907,129
55063000500,4787,4618,169
55063000600,2171,2149,22
55063000700,4565,4522,43
55063000800,3320,3309,11
55063000900,3500,3465,35
55063001000,4075,3991,84
55063001101,2098,2076,22
55063001102,3984,3771,213
55063001200,4273,4222,51
55063010101,5701,5658,43
55063010102,4857,4766,91
55063010201,9632,9559,73
55063010202,6857,6857,0
55063010203,2068,2063,5
55063010300,4578,4496,82
55063010401,5595,5477,118
55063010402,9823,9718,105
55063010500,5674,5627,47
55063010600,3324,3273,51
55063010700,5546,5455,91
55063010800,3240,3182,58
55065970100,3135,3068,67
55065970200,3947,3613,334
55065970300,3430,3278,152
55065970400,3127,3112,15
55065970500,3154,3133,21
55067960100,2638,2624,14
55067960300,2658,2610,48
55067960400,3888,3789,99
55067960500,1733,1681,52
55067960600,4532,4460,72
55067960700,3965,3887,78
55069960100,2372,2351,21
55069960200,2535,2479,56
55069960300,1832,1798,34
55069960400,1709,1701,8
55069960500,1814,1762,52
55069960600,4345,4304,41
55069960700,3776,3700,76
55069960800,3321,3285,36
55069960900,3032,3007,25
55069961000,3435,3392,43
55071000100,5242,5177,65
55071000200,2328,2166,162
55071000300,5536,5505,31
55071000400,4269,3863,406
55071000500,2482,2031,451
55071000600,5991,5834,157
55071000700,5531,5343,188
55071000800,3675,3432,243
55071005100,2430,2389,41
55071005200,4420,4359,61
55071005300,2152,2039,113
55071005400,2904,2762,142
55071010100,4632,4479,153
55071010200,5564,5485,79
55071010300,4199,4115,84
55071010400,6139,5972,167
55071010500,3540,3532,8
55071010600,5171,4941,230
55071010700,3973,3898,75
55071990000,0,0,0
55073000100,2750,2660,90
55073000200,3022,2936,86
55073000300,4717,4708,9
55073000400,6490,6226,264
55073000500,2960,2754,206
55073000601,2113,2100,13
55073000602,3776,3636,140
55073000700,5972,5798,174
55073000800,3564,3554,10
55073000900,2205,2139,66
55073001000,3315,3315,0
55073001102,8509,8194,315
55073001103,5207,5174,33
55073001104,6109,5790,319
55073001201,8758,8658,100
55073001202,4953,4933,20
55073001300,6894,6886,8
55073001400,6659,6345,314
55073001500,4224,4212,12
55073001600,6061,5896,165
55073001700,3681,3458,223
55073001800,5379,5355,24
55073001900,5837,5760,77
55073002000,4079,4010,69
55073002100,7176,7066,110
55073002200,3604,3073,531
55073002300,7353,7228,125
55075960100,2917,2902,15
55075960200,4076,4058,18
55075960600,2442,2442,0
55075960700,2956,2956,0
55075960800,2585,2548,37
55075960900,2548,2523,25
55075961000,4132,3957,175
55075961100,5527,5444,83
55075961200,2570,2537,33
55075961300,3137,3118,19
55075961400,4216,4154,62
55075961500,3984,3839,145
55075990000,0,0,0
55077960100,2672,2654,18
55077960200,2460,2453,7
55077960300,3775,3682,93
55077960400,2528,2385,143
55077960500,3647,3453,194
55078940101,1623,1483,140
55078940102,2834,2720,114
55079000101,4866,4432,434
55079000102,3667,3465,202
55079000201,5478,4360,1118
55079000202,6355,6074,281
55079000301,1473,1467,6
55079000302,3140,3038,102
55079000303,1826,1775,51
55079000304,3224,3053,171
55079000400,2564,2424,140
55079000501,3696,3529,167
55079000502,4995,4802,193
55079000600,6751,6650,101
55079000700,3579,3517,62
55079000800,4610,4438,172
55079000900,3766,3537,229
55079001000,3600,3565,35
55079001100,2410,2377,33
55079001200,3125,3017,108
55079001300,4375,4174,201
55079001400,2470,2351,119
55079001500,3399,3399,0
55079001600,2900,2787,113
55079001700,4617,4479,138
55079001800,3097,2869,228
55079001900,2957,2941,16
55079002000,2432,2400,32
55079002100,2115,2082,33
55079002200,1876,1634,242
55079002300,4029,3925,104
55079002400,2285,2250,35
55079002500,2116,1964,152
55079002600,3105,3019,86
55079002700,2070,2070,0
55079002800,2174,2094,80
55079002900,2062,1884,178
55079003000,4470,4297,173
55079003100,3682,3500,182
55079003200,2878,2781,97
55079003300,5320,5036,284
55079003400,6073,5899,174
55079003500,3631,3565,66
55079003600,2312,2235,77
55079003700,2193,2170,23
55079003800,2283,2105,178
55079003900,2694,2551,143
55079004000,2693,2682,11
55079004100,2434,2393,41
55079004200,3646,3626,20
55079004300,4456,4341,115
55079004400,3561,3354,207
55079004500,2182,2040,142
55079004600,2886,2874,12
55079004700,3803,3768,35
55079004800,4072,4001,71
55079004900,4387,4312,75
55079005000,5235,5069,166
55079005100,3539,3401,138
55079005200,1539,1464,75
55079005300,1941,1738,203
55079005400,3884,3693,191
55079005500,3288,2923,365
55079005600,2174,2067,107
55079005700,2486,2443,43
55079005800,3444,3344,100
55079005900,3415,2954,461
55079006000,2784,2702,82
55079006100,2167,2139,28
55079006200,2461,2449,12
55079006300,2304,2237,67
55079006400,2179,2147,32
55079006500,2043,1964,79
55079006600,2600,2471,129
55079006700,1322,1296,26
55079006800,2668,2550,118
55079006900,3096,2723,373
55079007000,2837,2627,210
55079007100,2040,1826,214
55079007200,2900,2635,265
55079007300,2635,2611,24
55079007400,4010,3821,189
55079007500,2422,2362,60
55079007600,3545,3360,185
55079007700,3678,3494,184
55079007800,3675,3384,291
55079007900,2232,2004,228
55079008000,1884,1724,160
55079008100,1295,1108,187
55079008400,1234,1214,20
55079008500,1204,1191,13
55079008600,904,899,5
55079008700,1410,1300,110
55079008800,1837,1817,20
55079008900,1046,960,86
55079009000,2591,2581,10
55079009100,2193,2110,83
55079009200,1896,1778,118
55079009300,2560,2363,197
55079009400,2897,2526,371
55079009500,2144,2017,127
55079009600,2081,1691,390
55079009700,1629,1561,68
55079009800,1496,1479,17
55079009900,1211,1195,16
55079010600,1281,946,335
55079010700,2531,2105,426
55079010800,2498,2445,53
55079011000,3050,2995,55
55079011100,1587,1515,72
55079011200,2253,2051,202
55079011300,1794,1639,155
55079011400,1409,1348,61
55079012200,2355,2287,68
55079012300,1017,957,60
55079012400,2836,2711,125
55079012500,2100,2048,52
55079012600,2407,2240,167
55079012700,1198,1002,196
55079012800,3117,2616,501
55079012900,3089,2344,745
55079013000,1832,1365,467
55079013300,1026,895,131
55079013400,2310,1927,383
55079013500,1954,1798,156
55079013600,2265,1977,288
55079013700,1596,1448,148
55079014100,1512,1423,89
55079014300,2518,2376,142
55079014400,2915,2685,230
55079014600,4019,3787,232
55079014700,3156,2872,284
55079014800,1973,1694,279
55079014900,1560,1285,275
55079015700,3017,740,2277
55079015800,2596,876,1720
55079015900,3696,1358,2338
55079016000,3323,1364,1959
55079016100,3657,995,2662
55079016200,3088,933,2155
55079016300,4715,1034,3681
55079016400,4448,985,3463
55079016500,2169,476,1693
55079016600,2014,1070,944
55079016700,3449,715,2734
55079016800,3356,922,2434
55079016900,3993,1089,2904
55079017000,5948,1802,4146
55079017100,2877,744,2133
55079017200,2709,704,2005
55079017300,4116,859,3257
55079017400,3104,721,2383
55079017500,3831,1253,2578
55079017600,2886,684,2202
55079017900,3044,2675,369
55079018000,2821,2365,456
55079018100,1727,1605,122
55079018200,1758,1686,72
55079018300,2390,2181,209
55079018400,1431,1281,150
55079018500,1908,1389,519
55079018600,2891,979,1912
55079018700,3557,1155,2402
55079018800,2319,489,1830
55079018900,1928,689,1239
55079019000,4888,3572,1316
55079019100,3609,2331,1278
55079019200,3160,2605,555
55079019300,2755,2443,312
55079019400,3780,3422,358
55079019500,3552,3136,416
55079019600,3433,3109,324
55079019700,5628,4707,921
55079019800,5643,4294,1349
55079019900,3953,3111,842
55079020000,3582,2422,1160
55079020100,3617,1917,1700
55079020200,3204,2162,1042
55079020300,3968,2084,1884
55079020400,3326,1194,2132
55079020500,3184,1067,2117
55079020600,3553,3036,517
55079020700,4252,3771,481
55079020800,3184,3024,160
55079020900,2828,2350,478
55079021000,2278,1914,364
55079021100,1425,1193,232
55079021200,2281,1851,430
55079021300,1637,1239,398
55079021400,3488,2222,1266
55079021500,2980,2665,315
55079021600,4811,3696,1115
55079021700,6442,4975,1467
55079021800,2399,1934,465
55079030100,4403,4304,99
55079035100,2297,2281,16
55079035200,4398,4293,105
55079040100,1548,1518,30
55079050101,5965,5704,261
55079050102,6110,5839,271
55079060101,3970,3807,163
55079060102,3150,2958,192
55079060200,5760,5658,102
55079070100,4525,4390,135
55079070200,4868,4818,50
55079070300,4695,4413,282
55079080100,2676,2643,33
55079080200,3585,3475,110
55079080300,3880,3771,109
55079080400,3159,2985,174
55079090100,4555,4443,112
55079090200,1938,1892,46
55079090300,3361,3062,299
55079090600,4711,4585,126
55079090700,3278,3161,117
55079090800,2358,2358,0
55079090900,3924,3878,46
55079091000,4730,4469,261
55079091100,4361,4264,97
55079091200,4686,4516,170
55079091300,3634,3575,59
55079091400,2206,2101,105
55079100100,3655,2986,669
55079100200,4070,3216,854
55079100300,2717,2305,412
55079100400,2803,2395,408
55079100500,3596,3192,404
55079100600,2213,1933,280
55079100700,2860,2657,203
55079100800,2878,2747,131
55079100900,3670,3331,339
55079101000,5085,4560,525
55079101100,1803,1650,153
55079101200,3236,3052,184
55079101300,3079,2891,188
55079101400,3610,3148,462
55079101500,4713,3834,879
55079101600,4686,3676,1010
55079101700,3320,2793,527
55079101800,2549,2463,86
55079110100,4214,2952,1262
55079120101,4051,3910,141
55079120102,3855,3647,208
55079120201,3601,3520,81
55079120202,3241,2721,520
55079120203,3499,2929,570
55079120300,2114,1584,530
55079120400,6770,5709,1061
55079120501,4456,3948,508
55079120502,5231,4777,454
55079130100,4844,4572,272
55079130200,2876,2695,181
55079140100,3067,2991,76
55079140201,5133,4642,491
55079140202,6103,5970,133
55079150100,8774,8279,495
55079150301,6132,6010,122
55079150303,4907,4751,156
55079150304,4185,4056,129
55079160100,6566,6028,538
55079160202,7406,6747,659
55079160203,5903,5346,557
55079160204,5246,4836,410
55079160300,10097,9318,779
55079170100,2736,2561,175
55079170200,3903,3501,402
55079170300,2630,2479,151
55079170400,3130,2979,151
55079170500,2427,2184,243
55079170600,3496,3153,343
55079170700,2875,2331,544
55079180100,2881,2650,231
55079180200,5014,4152,862
55079180300,3151,2609,542
55079180400,2653,2410,243
55079180500,4622,4442,180
55079185100,4505,4152,353
55079185200,5011,4291,720
55079185300,3646,3597,49
55079185400,1690,1690,0
55079185500,1880,1871,9
55079185600,1656,1582,74
55079185700,2284,2235,49
55079185800,1573,1512,61
55079185900,1191,1191,0
55079186000,1577,1564,13
55079186100,2229,2123,106
55079186200,1547,1463,84
55079186300,3358,3166,192
55079186400,1493,1366,127
55079186500,1862,693,1169
55079186600,2175,915,1260
55079186800,1488,843,645
55079186900,2390,2264,126
55079187000,3798,3615,183
55079187200,5600,5236,364
55079187300,6557,6253,304
55079187400,3054,2867,187
55079980000,0,0,0
55079990000,0,0,0
55081950100,4784,4693,91
55081950200,4849,4719,130
55081950300,6352,5903,449
55081950400,4544,4349,195
55081950500,6192,6011,181
55081950600,4302,4209,93
55081950700,4553,4508,45
55081950800,4582,4171,411
55081950900,5207,4977,230
55083100300,2821,2816,5
55083100500,2316,2235,81
55083100600,2625,2554,71
55083100700,2821,2762,59
55083100800,2397,2369,28
55083100900,2800,2762,38
55083101000,4163,4040,123
55083101100,4755,4710,45
55083101200,4037,3958,79
55083101300,8740,8651,89
55083990000,0,0,0
55085970101,1661,1631,30
55085970102,3453,3424,29
55085970400,2945,2914,31
55085970500,2007,1995,12
55085970601,2004,1994,10
55085970602,3530,3433,97
55085970800,2198,2136,62
55085970900,2243,2224,19
55085971001,1218,1218,0
55085971002,2417,2346,71
55085971100,2165,2161,4
55085971300,1839,1831,8
55085971400,3536,3446,90
55085971500,4388,4368,20
55087010100,2726,2597,129
55087010200,4164,3728,436
55087010300,2539,2428,111
55087010500,4330,4190,140
55087010601,3807,3415,392
55087010602,3789,3582,207
55087010700,4661,4304,357
55087010800,1568,1568,0
55087010900,2122,2014,108
55087011000,6046,5265,781
55087011101,4755,4512,243
55087011102,7349,6826,523
55087011200,2647,2366,281
55087011300,2932,2796,136
55087011400,5343,5085,258
55087011501,3317,3199,118
55087011502,4351,4169,182
55087011600,6880,6689,191
55087011700,2508,2451,57
55087011800,1982,1912,70
55087011900,8324,8128,196
55087012000,6714,6583,131
55087012100,7655,7528,127
55087012200,2134,2008,126
55087012300,1593,1574,19
55087012400,2795,2651,144
55087012503,3619,3575,44
55087012504,3336,3258,78
55087012505,4277,4223,54
55087012506,4141,4063,78
55087012601,9368,9239,129
55087012602,4738,4722,16
55087012700,6255,5864,391
55087012800,7625,7421,204
55087012901,6178,6170,8
55087012902,3539,3539,0
55087013100,5818,5627,191
55087013200,3902,3652,250
55087013300,7292,7155,137
55087940000,4680,4380,300
55089610101,4270,4075,195
55089610102,3779,3533,246
55089620100,6146,5960,186
55089630100,2827,2679,148
55089630201,4583,4379,204
55089630202,5294,5226,68
55089640100,5882,5752,130
55089640200,8125,7956,169
55089650101,6579,6371,208
55089650102,2853,2847,6
55089650200,4956,4806,150
55089650300,5459,5402,57
55089660100,3184,3175,9
55089660201,3860,3771,89
55089660202,5327,5235,92
55089660301,6198,6023,175
55089660303,5083,4997,86
55089660304,3220,3111,109
55089990000,0,0,0
55091950100,3965,3875,90
55091950200,3384,3360,24
55093960100,2948,2930,18
55093960200,6063,5904,159
55093960300,5565,5504,61
55093960400,5406,5406,0
55093960500,7847,7671,176
55093960600,4742,4669,73
55093960700,4732,4632,100
55093960800,3578,3406,172
55095960100,3601,3443,158
55095960200,3581,3517,64
55095960300,5457,5365,92
55095960500,2844,2829,15
55095960600,2168,2158,10
55095960700,5936,5832,104
55095960800,6171,6027,144
55095960900,5061,4943,118
55095961000,4850,4822,28
55095961100,3814,3765,49
55097960100,4545,4511,34
55097960200,4672,4595,77
55097960300,3958,3907,51
55097960400,7267,7054,213
55097960500,6966,6764,202
55097960600,5435,5388,47
55097960701,5143,4986,157
55097960702,3292,3280,12
55097960800,5170,4851,319
55097960900,3348,3166,182
55097961000,2857,2794,63
55097961100,6635,6530,105
55097961200,6176,6061,115
55097961300,5087,4582,505
55099970100,2614,2583,31
55099970200,2529,2507,22
55099970400,1861,1827,34
55099970500,2075,2065,10
55099970600,2189,2156,33
55099970700,2439,2362,77
55101000100,829,768,61
55101000200,5315,4478,837
55101000300,3505,2312,1193
55101000400,3648,1692,1956
55101000500,5383,2712,2671
55101000600,5514,4189,1325
55101000700,5670,4456,1214
55101000800,4124,3072,1052
55101000901,3970,3044,926
55101000903,4194,3835,359
55101000904,4949,4508,441
55101001001,2385,2044,341
55101001002,2551,2112,439
55101001003,3958,3260,698
55101001100,6266,5847,419
55101001201,3465,2898,567
55101001202,6476,4663,1813
55101001301,4266,3598,668
55101001302,4443,3406,1037
55101001400,6498,6025,473
55101001501,3567,3364,203
55101001502,6899,6575,324
55101001504,2954,2682,272
55101001505,4105,3748,357
55101001601,6497,6242,255
55101001602,3122,3054,68
55101001701,3664,3542,122
55101001702,6695,6157,538
55101001703,4432,4032,400
55101001705,5374,4974,400
55101001706,3681,3506,175
55101001801,5050,4672,378
55101001802,2856,2736,120
55101001900,3911,3730,181
55101002001,3036,3036,0
55101002002,5008,4835,173
55101002100,3379,3313,66
55101002401,5655,5044,611
55101002402,5155,4754,401
55101002600,5911,5870,41
55101002701,3963,3852,111
55101002702,5704,5525,179
55101002800,6154,5774,380
55101980000,692,671,21
55101990000,0,0,0
55103970100,2903,2829,74
55103970200,4599,4557,42
55103970300,2394,2332,62
55103970400,3543,3518,25
55103970500,4203,4024,179
55105000100,1066,1026,40
55105000200,2828,2740,88
55105000300,2696,2398,298
55105000400,3858,3728,130
55105000500,4123,3836,287
55105000600,3254,3105,149
55105000700,3985,3539,446
55105000800,3695,3495,200
55105000900,2963,2823,140
55105001000,3466,2905,561
55105001100,5085,4857,228
55105001201,5121,5121,0
55105001202,5603,5226,377
55105001302,6843,6759,84
55105001303,4659,4557,102
55105001304,8211,7717,494
55105001400,6399,5652,747
55105001500,2200,1977,223
55105001600,4573,3304,1269
55105001700,5571,4200,1371
55105001800,4272,2543,1729
55105001900,2515,2206,309
55105002000,3659,3261,398
55105002100,4032,3767,265
55105002200,2286,2104,182
55105002300,1846,1638,208
55105002400,3867,3859,8
55105002500,2804,2220,584
55105002601,5198,4667,531
55105002602,4125,3766,359
55105002700,2492,2466,26
55105002800,5189,5097,92
55105002900,8421,8077,344
55105003001,5026,4854,172
55105003002,5332,5261,71
55105003100,7586,7398,188
55105003200,2599,2352,247
55105003300,3538,3272,266
55107960100,3567,3492,75
55107960200,2049,2019,30
55107960300,2238,2186,52
55107960400,2793,2770,23
55107960500,3625,3576,49
55109120100,2019,1996,23
55109120201,5944,5892,52
55109120202,5459,5350,109
55109120300,5497,5229,268
55109120400,10769,10393,376
55109120501,5441,5389,52
55109120502,5245,5083,162
55109120600,8217,8150,67
55109120700,4737,4671,66
55109120800,8072,7855,217
55109120901,4204,4054,150
55109120903,9705,9497,208
55109120904,4072,4062,10
55109121000,7345,7214,131
55111000100,6390,6097,293
55111000200,4773,4666,107
55111000300,7061,6794,267
55111000401,5438,5009,429
55111000402,3532,3318,214
55111000500,3556,3105,451
55111000600,6589,6251,338
55111000700,2993,2809,184
55111000800,3834,3781,53
55111000900,4929,4748,181
55111001001,6966,6782,184
55111001002,2949,2735,214
55111001100,4307,4211,96
55113100300,4355,4284,71
55113100400,2291,2153,138
55113100500,3518,3495,23
55113100700,1509,1499,10
55113100800,1513,1440,73
55113940000,3252,3194,58
55115100100,2862,2803,59
55115100200,1764,1764,0
55115100300,3479,3400,79
55115100400,4720,4585,135
55115100500,4715,4573,142
55115100600,4289,4180,109
55115100700,3428,3263,165
55115100800,4925,4761,164
55115100900,3626,3543,83
55115101000,3729,3640,89
55115101100,3847,3831,16
55117000100,3716,3467,249
55117000201,2782,2339,443
55117000202,3882,3670,212
55117000300,6951,6695,256
55117000400,4257,3767,490
55117000500,3815,3275,540
55117000800,5908,4669,1239
55117000900,4815,4293,522
55117001000,7418,6541,877
55117001100,3680,3621,59
55117010100,1451,1421,30
55117010200,4680,4597,83
55117010300,3147,3142,5
55117010400,3614,3468,146
55117010501,7702,7490,212
55117010502,3786,3700,86
55117010601,5421,5291,130
55117010602,3931,3602,329
55117010700,8648,8450,198
55117010800,3396,3217,179
55117010900,3225,3188,37
55117011000,2598,2562,36
55117011100,3048,2979,69
55117011200,3416,3305,111
55117011300,7447,7254,193
55117011400,2535,2378,157
55117990000,0,0,0
55119960100,4208,4019,189
55119960200,2279,2269,10
55119960300,3009,2990,19
55119960400,4819,4812,7
55119960500,2825,2801,24
55119960600,3381,3272,109
55121100100,3082,2999,83
55121100200,3373,3266,107
55121100300,2819,2265,554
55121100400,4022,3897,125
55121100500,3051,2995,56
55121100600,4076,2990,1086
55121100700,5377,5352,25
55121100800,3721,3683,38
55123960100,4424,4344,80
55123960200,4576,4429,147
55123960300,4613,4555,58
55123960400,4873,4867,6
55123960500,3398,3343,55
55123960600,4580,4519,61
55123960700,3978,3922,56
55125940000,3457,3417,40
55125950200,4111,4008,103
55125950500,5845,5621,224
55125950600,3782,3767,15
55125950700,4178,4130,48
55127000101,5817,5562,255
55127000102,2604,2577,27
55127000200,6268,6073,195
55127000301,3153,3043,110
55127000302,6344,5861,483
55127000400,3967,3488,479
55127000501,4071,3891,180
55127000502,3786,3511,275
55127000600,5896,4747,1149
55127000701,3992,2914,1078
55127000702,4706,3422,1284
55127000800,4826,4368,458
55127000901,5711,5287,424
55127000902,3221,2848,373
55127001000,5328,5126,202
55127001501,3120,2731,389
55127001502,5152,4344,808
55127001602,6360,5393,967
55127001603,2600,2278,322
55127001604,5198,4463,735
55127001701,5845,5316,529
55127001702,5056,4554,502
55129950100,1768,1752,16
55129950200,1740,1717,23
55129950300,2702,2676,26
55129950500,5092,4986,106
55129950600,4383,4299,84
55131400102,3705,3613,92
55131400103,4014,3944,70
55131400104,5850,5686,164
55131410100,5175,4932,243
55131420103,6185,6099,86
55131420104,4678,4601,77
55131420105,4950,4632,318
55131420106,3618,3475,143
55131420200,5820,5708,112
55131420300,5741,5484,257
55131420401,2122,2065,57
55131420402,2203,2156,47
55131430100,5651,5604,47
55131440103,4700,4526,174
55131440104,5846,5584,262
55131440105,3420,3304,116
55131440106,3794,3668,126
55131440200,4107,3842,265
55131450103,5259,5102,157
55131450104,6334,6275,59
55131450105,2781,2754,27
55131450106,5819,5587,232
55131460101,6259,6221,38
55131460102,5224,5141,83
55131470100,5063,4757,306
55131470202,6312,6126,186
55131470203,4438,4291,147
55131470204,4354,4279,75
55133200101,4810,4585,225
55133200102,5189,4972,217
55133200103,3204,3132,72
55133200201,3748,3697,51
55133200202,4266,4185,81
55133200300,4189,4048,141
55133200400,6191,6096,95
55133200500,5530,5437,93
55133200600,1816,1761,55
55133200700,3615,3542,73
55133200801,4681,4593,88
55133200803,4308,4200,108
55133200804,3565,3533,32
55133200901,3841,3814,27
55133200902,4046,3987,59
55133201000,6180,6151,29
55133201101,5193,5087,106
55133201102,3130,2863,267
55133201201,2083,1961,122
55133201202,5871,5719,152
55133201203,3336,3234,102
55133201300,5228,5178,50
55133201402,4497,4350,147
55133201403,4161,3990,171
55133201404,3851,3794,57
55133201503,6663,6412,251
55133201504,6685,6355,330
55133201505,2921,2881,40
55133201506,4592,4464,128
55133201600,5231,5078,153
55133201701,4452,4414,38
55133201703,5864,5740,124
55133201704,5395,5094,301
55133201800,1630,1591,39
55133201900,5504,5399,105
55133202001,5089,5059,30
55133202002,3955,3887,68
55133202101,4286,4105,181
55133202102,4992,4611,381
55133202103,3679,3509,170
55133202201,4111,4048,63
55133202202,5723,4865,858
55133202301,4215,3895,320
55133202302,6654,5488,1166
55133202400,5036,4417,619
55133202500,3891,3228,663
55133202600,3366,2958,408
55133202700,1511,1314,197
55133202800,4129,2849,1280
55133202901,4648,4208,440
55133202902,3707,3606,101
55133203000,2518,2167,351
55133203101,6786,6331,455
55133203102,7416,6766,650
55133203103,4651,3940,711
55133203200,4209,3893,316
55133203303,3744,3676,68
55133203304,4771,4683,88
55133203305,4155,4040,115
55133203306,6530,6152,378
55133203402,3871,3862,9
55133203403,5576,5503,73
55133203404,3168,3079,89
55133203405,4407,4386,21
55133203406,6691,6529,162
55133203500,6416,6282,134
55133203601,3878,3754,124
55133203602,5601,5326,275
55133203702,5094,4834,260
55133203703,3477,3449,28
55133203704,5121,5009,112
55133203802,6356,6270,86
55133203803,4066,3975,91
55133203804,7068,6808,260
55133203901,4821,4593,228
55133203902,4098,3973,125
55133204002,5424,5260,164
55133204003,4146,3978,168
55133204004,4228,4187,41
55133204100,5103,4932,171
55133204200,7203,6656,547
55133204301,5447,5355,92
55133204302,3860,3655,205
55133204400,2183,2156,27
55133204501,2636,2621,15
55133204502,6200,6138,62
55135100100,4017,3953,64
55135100200,2898,2849,49
55135100300,3742,3723,19
55135100400,4567,4491,76
55135100500,3210,3107,103
55135100600,4992,4941,51
55135100700,3475,3149,326
55135100800,4643,4583,60
55135100900,6035,5857,178
55135101000,5855,5712,143
55135101100,4831,4466,365
55135101200,3709,3646,63
55137960100,3034,2932,102
55137960200,3818,3790,28
55137960300,3450,2951,499
55137960400,3342,3111,231
55137960600,2032,2032,0
55137960700,4369,4164,205
55137960800,4193,3752,441
55139000100,3019,2940,79
55139000200,2711,2675,36
55139000300,4210,4029,181
55139000400,2823,2798,25
55139000500,6238,6111,127
55139000700,5275,5098,177
55139000800,3243,3154,89
55139000900,3445,3419,26
55139001000,2621,2459,162
55139001100,4159,4077,82
55139001200,2145,2019,126
55139001300,2583,2574,9
55139001400,4134,4001,133
55139001500,3134,3011,123
55139001600,4872,4673,199
55139001700,5397,5165,232
55139001801,5090,5052,38
55139001803,6147,5823,324
55139001804,4408,4389,19
55139001900,4960,4845,115
55139002000,7283,6567,716
55139002100,3724,3541,183
55139002201,4555,4508,47
55139002202,2820,2786,34
55139002300,5500,5436,64
55139002400,10134,9987,147
55139002500,4660,4328,332
55139002601,4012,3809,203
55139002602,4950,4666,284
55139002700,2293,2215,78
55139002800,4649,4459,190
55139002900,2530,2156,374
55139003000,1491,1467,24
55139003100,2021,1833,188
55139003200,2473,2281,192
55139003300,2619,2553,66
55139003400,4105,3921,184
55139003500,2628,2504,124
55139003600,3915,3862,53
55139003701,3758,3275,483
55139003702,8753,8511,242
55141010100,4772,4638,134
55141010200,4883,4819,64
55141010300,2966,2727,239
55141010400,3325,3131,194
55141010500,3168,3082,86
55141010600,4481,4465,16
55141010700,5016,4953,63
55141010800,2756,2699,57
55141010900,4147,3952,195
55141011000,5413,5158,255
55141011100,3706,3407,299
55141011200,4216,4116,100
55141011300,4232,4207,25
55141011400,5163,5097,66
55141011500,5833,5793,40
55141011600,5042,5042,0
55141011700,4502,4373,129
56001962700,3606,3433,173
56001962800,3473,3216,257
56001962900,1965,1424,541
56001963000,2253,2100,153
56001963100,7374,6558,816
56001963400,3687,3503,184
56001963500,2586,2402,184
56001963600,4348,4197,151
56001963700,6493,5518,975
56001963900,2051,1993,58
56003962600,3006,2924,82
56003962700,3445,3008,437
56003962800,5480,4942,538
56005000100,10860,9803,1057
56005000200,7417,6783,634
56005000300,6224,5516,708
56005000400,4059,3387,672
56005000500,6473,6187,286
56005000600,5643,5414,229
56005000700,7797,7332,465
56007967600,2094,1706,388
56007967700,4564,3408,1156
56007967800,3983,2948,1035
56007968000,3545,3468,77
56007968100,1510,1396,114
56009956400,5299,4711,588
56009956500,2738,2646,92
56009956600,3417,3194,223
56009956700,2769,2578,191
56011950200,4560,4457,103
56011950300,2724,2652,72
56013000100,4046,3786,260
56013000200,3523,3424,99
56013000300,4578,4431,147
56013000400,1776,1731,45
56013940100,3998,3787,211
56013940201,3934,3805,129
56013940202,5034,4694,340
56013940300,5367,4890,477
56013940400,5821,5144,677
56013940500,2606,2233,373
56015957700,1986,1913,73
56015957800,3163,2691,472
56015957900,5407,4871,536
56015958000,2990,2646,344
56017967800,2872,2803,69
56017967900,1909,1831,78
56019955100,2475,2368,107
56019955200,6097,6021,76
56021000200,4249,2803,1446
56021000300,3699,2589,1110
56021000401,4728,3799,929
56021000402,6269,4235,2034
56021000501,8819,7726,1093
56021000600,6143,5464,679
56021000700,3971,3412,559
56021000800,1888,1698,190
56021000900,2688,2336,352
56021001000,3204,2558,646
56021001100,2430,2145,285
56021001200,4740,4441,299
56021001300,7980,7125,855
56021001401,4234,3827,407
56021001402,2657,2445,212
56021001501,5380,4753,627
56021001502,5013,4246,767
56021001901,5222,4907,315
56021001902,4239,4088,151
56021002000,8906,8165,741
56021980801,0,0,0
56023978000,7040,6778,262
56023978100,6172,5883,289
56023978200,1875,1788,87
56023978400,3456,3275,181
56025000200,4236,3627,609
56025000300,4352,3694,658
56025000400,4496,4131,365
56025000501,5425,4886,539
56025000502,3432,2879,553
56025000600,7480,7131,349
56025000700,2572,2410,162
56025000800,4511,3952,559
56025000901,4826,4406,420
56025000902,3762,3533,229
56025001000,4846,4595,251
56025001100,2696,2448,248
56025001200,2196,2024,172
56025001401,6233,5769,464
56025001602,7036,6588,448
56025001603,3981,3811,170
56025001700,4942,4582,360
56025001800,3849,3775,74
56027957200,2498,2392,106
56029965100,5208,4841,367
56029965200,6221,5597,624
56029965300,7093,6906,187
56029965400,6091,5770,321
56029965500,4470,4335,135
56031959100,2194,2029,165
56031959400,6546,6028,518
56033000100,5105,4826,279
56033000200,3391,3358,33
56033000300,3724,3615,109
56033000400,5561,5033,528
56033000500,7066,7008,58
56033000600,5077,4853,224
56035000101,3784,3491,293
56035000102,6248,5757,491
56037970500,2834,2492,342
56037970601,4747,3485,1262
56037970602,3518,3041,477
56037970700,3848,3271,577
56037970800,4414,3414,1000
56037970901,7303,6698,605
56037970902,4931,4243,688
56037970903,3197,2466,731
56037971000,2098,1800,298
56037971100,3622,2937,685
56037971200,2681,2384,297
56037971600,1619,1474,145
56039967600,4981,4737,244
56039967701,2743,2100,643
56039967702,7043,5916,1127
56039967800,7856,6437,1419
56041975200,6430,6268,162
56041975300,7549,6756,793
56041975400,6914,5997,917
56043000200,3129,2803,326
56043000301,2523,2190,333
56043000302,2699,2192,507
56045951100,3313,3247,66
56045951300,3862,3856,6
72001956300,4091,12,4079
72001956400,2771,21,2750
72001956500,2919,0,2919
72001956600,2265,0,2265
72001956700,2145,3,2142
72001956800,4569,0,4569
72003430100,4815,137,4678
72003430200,6126,297,5829
72003430300,2220,150,2070
72003430401,5276,419,4857
72003430402,4414,87,4327
72003430501,5286,618,4668
72003430502,4942,417,4525
72003430601,3375,194,3181
72003430602,3629,293,3336
72003990000,0,0,0
72005400100,4246,227,4019
72005400300,3173,410,2763
72005400400,4081,101,3980
72005400501,3984,74,3910
72005400502,6721,86,6635
72005400600,2673,56,2617
72005400700,2330,102,2228
72005400800,1337,19,1318
72005400900,2155,38,2117
72005401000,1407,31,1376
72005401100,1372,12,1360
72005401200,3490,174,3316
72005401301,4505,210,4295
72005401302,6211,156,6055
72005401401,4999,103,4896
72005401402,4209,103,4106
72005990000,0,0,0
72007230100,4275,0,4275
72007230200,6558,109,6449
72007230300,2871,9,2862
72007230400,5116,29,5087
72007230501,4166,0,4166
72007230502,4337,0,4337
72009250100,5155,0,5155
72009250200,4811,37,4774
72009250300,3290,16,3274
72009250400,2356,12,2344
72009250500,5073,14,5059
72009250600,3753,21,3732
72011810100,3192,31,3161
72011810200,7181,147,7034
72011810300,2661,116,2545
72011810400,1050,67,983
72011810500,5734,0,5734
72011810600,3984,90,3894
72011810700,4448,131,4317
72011990000,0,0,0
72013300101,4998,16,4982
72013300102,5131,12,5119
72013300200,3758,25,3733
72013300301,3543,29,3514
72013300302,5314,36,5278
72013300400,1580,0,1580
72013300500,1359,0,1359
72013300700,1454,0,1454
72013300800,5294,65,5229
72013301000,5152,0,5152
72013301100,7114,0,7114
72013301200,3544,10,3534
72013301300,3552,4,3548
72013301400,1245,0,1245
72013301500,5617,16,5601
72013301600,4005,11,3994
72013301700,4469,0,4469
72013301800,1286,48,1238
72013301900,4573,21,4552
72013302000,2847,18,2829
72013302100,4730,0,4730
72013302201,2672,7,2665
72013302202,4654,84,4570
72013302300,3205,9,3196
72013992900,0,0,0
72015280101,2871,0,2871
72015280102,6742,0,6742
72015280201,4689,18,4671
72015280202,4476,11,4465
72015991500,0,0,0
72017590100,6452,0,6452
72017590200,3819,43,3776
72017590300,8475,33,8442
72017590400,5953,81,5872
72017990000,0,0,0
72019952201,4852,1,4851
72019952202,5651,0,5651
72019952301,4187,0,4187
72019952302,6512,0,6512
72019952400,1852,0,1852
72019952500,6494,0,6494
72021030101,6770,158,6612
72021030103,4270,62,4208
72021030104,4064,44,4020
72021030105,2557,151,2406
72021030200,3203,61,3142
72021030300,3784,0,3784
72021030700,1183,5,1178
72021030800,1229,0,1229
72021030901,1892,64,1828
72021030902,2329,47,2282
72021030903,1809,0,1809
72021030904,2270,6,2264
72021031004,2625,57,2568
72021031005,3108,61,3047
72021031011,3814,70,3744
72021031013,8424,74,8350
72021031021,3236,48,3188
72021031023,2978,0,2978
72021031031,4006,43,3963
72021031032,2241,79,2162
72021031033,4080,39,4041
72021031101,2519,57,2462
72021031113,4033,75,3958
72021031114,3041,0,3041
72021031121,3102,58,3044
72021031122,2972,0,2972
72021031123,2667,5,2662
72021031124,1747,0,1747
72021031125,2390,17,2373
72021031201,3372,0,3372
72021031202,2165,0,2165
72021031203,1797,0,1797
72021031301,5008,0,5008
72021031304,2211,12,2199
72021031305,4388,0,4388
72021031306,3352,8,3344
72021031307,2211,0,2211
72021031401,3034,9,3025
72021031402,2627,35,2592
72021031403,2610,0,2610
72021031501,2393,16,2377
72021031502,1904,0,1904
72021031503,2208,24,2184
72021031611,2212,40,2172
72021031612,5355,9,5346
72021031621,1944,18,1926
72021031622,3068,0,3068
72021031631,2394,0,2394
72021031632,2252,11,2241
72021031641,2278,0,2278
72021031651,2569,35,2534
72021031701,4000,17,3983
72021031702,4020,4,4016
72021031703,3548,9,3539
72021031704,4600,0,4600
72021031800,6416,75,6341
72021031900,5381,211,5170
72021032000,1362,9,1353
72021032100,2366,0,2366
72021032200,2464,0,2464
72021032301,3038,0,3038
72021032302,2084,0,2084
72023830101,5173,21,5152
72023830102,5502,0,5502
72023830200,7151,0,7151
72023830300,4499,39,4460
72023830400,5278,0,5278
72023830502,4008,15,3993
72023830503,5114,0,5114
72023830504,3502,0,3502
72023830603,5453,50,5403
72023830604,4416,0,4416
72023980000,0,0,0
72023990000,0,0,0
72025200100,7345,57,7288
72025200200,4865,41,4824
72025200302,6502,54,6448
72025200303,9489,113,9376
72025200304,5960,60,5900
72025200400,3089,16,3073
72025200500,5278,85,5193
72025200600,3702,0,3702
72025200700,3538,53,3485
72025200800,3048,23,3025
72025200900,1655,0,1655
72025201000,2338,21,2317
72025201200,3012,0,3012
72025201300,2703,0,2703
72025201400,2323,0,2323
72025201500,2776,12,2764
72025201600,2809,17,2792
72025201700,2060,31,2029
72025201800,3008,91,2917
72025201900,1415,14,1401
72025202000,3797,35,3762
72025202100,2794,0,2794
72025202200,1703,0,1703
72025202300,3019,21,2998
72025202402,7650,272,7378
72025202403,3935,0,3935
72025202404,4739,0,4739
72025202500,3874,10,3864
72025202601,5870,133,5737
72025202602,7513,65,7448
72025202701,4965,63,4902
72025202702,5262,23,5239
72025202800,4336,0,4336
72027320100,2677,66,2611
72027320200,6838,44,6794
72027320300,7167,0,7167
72027320401,4126,0,4126
72027320402,3905,85,3820
72027320500,4114,34,4080
72027320600,4654,14,4640
72027990000,0,0,0
72029100101,3737,0,3737
72029100103,2972,29,2943
72029100104,5400,23,5377
72029100200,2320,0,2320
72029100400,6942,0,6942
72029100502,3184,8,3176
72029100503,6323,0,6323
72029100504,4349,0,4349
72029100601,2641,17,2624
72029100602,3312,0,3312
72029100700,4563,0,4563
72029100800,1431,31,1400
72031050103,4391,349,4042
72031050105,2474,35,2439
72031050106,1367,293,1074
72031050107,1860,123,1737
72031050110,3678,135,3543
72031050111,1249,84,1165
72031050211,3759,9,3750
72031050212,6471,50,6421
72031050221,4583,55,4528
72031050222,4587,57,4530
72031050231,3086,55,3031
72031050232,5495,0,5495
72031050241,5348,34,5314
72031050242,4022,35,3987
72031050302,3387,16,3371
72031050311,2334,0,2334
72031050321,4144,37,4107
72031050331,1960,0,1960
72031050341,4231,0,4231
72031050401,2088,0,2088
72031050402,10976,112,10864
72031050501,6522,0,6522
72031050503,4967,0,4967
72031050504,6824,35,6789
72031050600,5371,52,5319
72031050700,1175,0,1175
72031050803,3788,0,3788
72031050811,4032,25,4007
72031050812,4113,29,4084
72031050821,4018,82,3936
72031050822,3652,0,3652
72031050831,4511,0,4511
72031050841,2660,5,2655
72031050901,5927,36,5891
72031050902,5454,33,5421
72031051001,4247,20,4227
72031051002,3686,79,3607
72031051102,4004,18,3986
72031051103,4673,47,4626
72031051104,3926,28,3898
72031980003,0,0,0
72031990000,0,0,0
72033020200,3987,44,3943
72033020302,2175,22,2153
72033020403,4272,8,4264
72033020422,2537,0,2537
72033020423,4222,68,4154
72033020425,2258,0,2258
72033020426,1965,11,1954
72033020427,819,31,788
72033020500,3793,34,3759
72033980001,0,0,0
72033980002,0,0,0
72033980003,109,0,109
72033980004,0,0,0
72033980005,0,0,0
72033980006,0,0,0
72033980007,0,0,0
72033980008,0,0,0
72033990201,0,0,0
72035260100,9080,115,8965
72035260201,3265,0,3265
72035260202,4251,0,4251
72035260300,3608,0,3608
72035260400,4473,10,4463
72035260500,4633,22,4611
72035260600,3180,0,3180
72035260700,2412,10,2402
72035260800,2621,0,2621
72035260901,3912,94,3818
72035260902,4636,19,4617
72037160100,4,1,3
72037160201,4879,39,4840
72037160202,3532,81,3451
72037160300,4123,26,4097
72037990000,0,0,0
72039955600,4748,0,4748
72039955700,3079,0,3079
72039955800,5003,12,4991
72039955900,4814,56,4758
72041240101,5236,54,5182
72041240102,4522,39,4483
72041240201,4464,0,4464
72041240202,3510,0,3510
72041240300,2069,14,2055
72041240401,4335,21,4314
72041240402,3430,48,3382
72041240500,4616,0,4616
72041240601,5162,0,5162
72041240602,4438,0,4438
72043953900,3181,0,3181
72043954000,3605,24,3581
72043954100,2067,12,2055
72043954200,5731,0,5731
72043954300,1938,0,1938
72043954400,2102,5,2097
72043954500,8358,5,8353
72043954600,5783,8,5775
72043954700,7325,189,7136
72045951700,4423,19,4404
72045951800,5618,18,5600
72045951900,3452,0,3452
72045952000,2158,7,2151
72045952100,4502,48,4454
72047530100,3366,0,3366
72047530200,5591,58,5533
72047530300,3785,0,3785
72047530400,6952,0,6952
72047530500,8362,27,8335
72047530600,7428,177,7251
72049950500,1508,88,1420
72049990501,0,0,0
72051540100,2940,0,2940
72051540200,4026,250,3776
72051540300,2423,0,2423
72051540400,9066,256,8810
72051540500,8326,109,8217
72051540600,5081,16,5065
72051540700,6151,46,6105
72051990021,0,0,0
72053150102,2219,5,2214
72053150104,4397,160,4237
72053150200,4754,32,4722
72053150301,3958,40,3918
72053150302,2165,0,2165
72053150400,3713,28,3685
72053150500,4852,0,4852
72053150601,2872,0,2872
72053150602,4982,46,4936
72053990103,0,0,0
72054580100,5869,19,5850
72054580200,6418,34,6384
72055960900,4332,25,4307
72055961000,2542,0,2542
72055961100,2935,22,2913
72055961200,1832,0,1832
72055961300,2133,9,2124
72055961400,1398,0,1398
72055961500,2616,0,2616
72055990000,0,0,0
72057270100,4945,151,4794
72057270201,5267,77,5190
72057270202,4888,121,4767
72057270300,5402,24,5378
72057270400,3122,11,3111
72057270500,4750,19,4731
72057270600,3253,0,3253
72057270700,3074,0,3074
72057270800,8509,0,8509
72057992600,0,0,0
72059740101,3014,19,2995
72059740102,2889,16,2873
72059740200,5270,53,5217
72059740300,3776,7,3769
72059740400,5076,0,5076
72059990001,0,0,0
72061040101,1875,0,1875
72061040102,1657,18,1639
72061040103,2176,0,2176
72061040200,3921,96,3825
72061040301,1630,26,1604
72061040302,1962,43,1919
72061040303,1928,13,1915
72061040304,5071,35,5036
72061040403,6246,51,6195
72061040411,4824,77,4747
72061040412,1714,41,1673
72061040421,9534,87,9447
72061040422,2720,28,2692
72061040432,2743,0,2743
72061040442,3761,86,3675
72061040500,4128,24,4104
72061040601,4771,0,4771
72061040602,9680,478,9202
72061040700,8511,25,8486
72061040800,3514,47,3467
72061040900,4064,0,4064
72061041000,2166,42,2124
72061041100,3848,15,3833
72063210100,3983,44,3939
72063210201,3964,20,3944
72063210202,9807,72,9735
72063210300,2047,10,2037
72063210400,4023,167,3856
72063210502,13007,209,12798
72063210503,2593,27,2566
72063210504,7566,150,7416
72065310100,8379,24,8355
72065310200,4729,0,4729
72065310300,6905,53,6852
72065310400,8193,0,8193
72065310500,7117,0,7117
72065310600,6004,0,6004
72065990016,0,0,0
72067820100,7237,41,7196
72067820300,4725,24,4701
72067820400,1878,14,1864
72067820500,2838,14,2824
72069180100,5042,0,5042
72069180201,2281,9,2272
72069180202,6201,250,5951
72069180301,3093,18,3075
72069180302,4217,41,4176
72069180400,5041,0,5041
72069180500,5606,16,5590
72069180600,5444,87,5357
72069180700,4932,0,4932
72069180800,6601,77,6524
72069180901,2785,13,2772
72069180902,4378,107,4271
72069991800,0,0,0
72071410100,5687,88,5599
72071410200,2801,0,2801
72071410300,2298,99,2199
72071410401,3788,76,3712
72071410402,7902,46,7856
72071410500,6845,85,6760
72071410600,4102,67,4035
72071410701,3332,52,3280
72071410702,7164,96,7068
72071990000,0,0,0
72073956000,6034,16,6018
72073956100,2824,9,2815
72073956200,6747,0,6747
72075710102,5511,19,5492
72075710200,5417,0,5417
72075710301,4160,71,4089
72075710302,4210,18,4192
72075710400,2456,0,2456
72075710500,1281,0,1281
72075710600,1995,6,1989
72075710700,1769,0,1769
72075710800,6502,21,6481
72075710901,5306,0,5306
72075710902,6147,1,6146
72075711002,3904,0,3904
72075990001,0,0,0
72077500100,7867,127,7740
72077500200,5186,0,5186
72077500301,8586,71,8515
72077500302,6571,0,6571
72077500401,6410,36,6374
72077500402,5322,0,5322
72079850101,2476,0,2476
72079850102,6196,0,6196
72079850200,4582,0,4582
72079850300,6070,29,6041
72079850400,4999,0,4999
72079991100,0,0,0
72081957700,4472,30,4442
72081957800,6330,29,6301
72081957900,4896,2,4894
72081958000,3037,0,3037
72081958100,2082,19,2063
72081958200,3289,7,3282
72081958300,2181,52,2129
72081958400,1765,9,1756
72083959700,2775,60,2715
72083959800,1405,1,1404
72083959900,4913,36,4877
72085190101,7991,66,7925
72085190102,8666,44,8622
72085190201,4185,14,4171
72085190202,3809,9,3800
72085190301,8206,22,8184
72085190302,5609,0,5609
72087110101,2475,6,2469
72087110102,2375,0,2375
72087110200,1707,0,1707
72087110301,4536,0,4536
72087110302,4006,0,4006
72087110303,3086,0,3086
72087110304,3675,48,3627
72087110400,2191,0,2191
72087110500,1278,0,1278
72087110600,2528,6,2522
72087990000,0,0,0
72089140101,3862,76,3786
72089140102,3327,19,3308
72089140201,2176,126,2050
72089140202,4907,27,4880
72089140300,4965,56,4909
72089990001,0,0,0
72091570100,6781,85,6696
72091570201,5695,50,5645
72091570202,3251,72,3179
72091570300,3695,41,3654
72091570400,3330,46,3284
72091570500,5453,60,5393
72091570600,2930,50,2880
72091570700,4260,26,4234
72091570800,6073,119,5954
72091990025,0,0,0
72093960100,4115,0,4115
72093960200,2159,11,2148
72095951400,6998,124,6874
72095951500,2606,0,2606
72095951600,1902,19,1883
72095990000,0,0,0
72097080100,883,0,883
72097080200,1479,1,1478
72097080300,2316,0,2316
72097080400,1206,13,1193
72097080500,1153,0,1153
72097080600,1959,9,1950
72097080800,2393,16,2377
72097080900,1192,15,1177
72097081000,1072,0,1072
72097081100,934,0,934
72097081200,5887,0,5887
72097081300,2162,0,2162
72097081501,4501,112,4389
72097081512,5109,44,5065
72097081522,4140,132,4008
72097081601,5348,85,5263
72097081602,3829,21,3808
72097081700,3525,58,3467
72097081800,3414,13,3401
72097081900,5279,25,5254
72097082001,5800,24,5776
72097082012,3686,0,3686
72097082022,3946,94,3852
72097082102,3157,19,3138
72097082103,4195,30,4165
72097082104,3029,17,3012
72097990000,0,0,0
72099420100,7178,39,7139
72099420200,6536,49,6487
72099420301,5363,16,5347
72099420302,4163,59,4104
72099420401,3592,13,3579
72099420402,5101,0,5101
72099420500,6356,160,6196
72101955201,4947,0,4947
72101955202,5910,18,5892
72101955300,7980,0,7980
72101955401,7117,55,7062
72101955402,3609,0,3609
72101955500,2524,0,2524
72103170100,5969,19,5950
72103170200,7903,0,7903
72103170300,5101,57,5044
72103170400,7749,35,7714
72103990013,0,0,0
72105520100,5580,0,5580
72105520200,5389,0,5389
72105520300,2562,16,2546
72105520400,8072,23,8049
72105520500,7864,45,7819
72107954801,4215,43,4172
72107954802,1674,0,1674
72107954901,3436,3,3433
72107954902,2122,0,2122
72107955001,4964,0,4964
72107955002,2268,0,2268
72107955100,3579,0,3579
72109290100,3398,0,3398
72109290200,6053,0,6053
72109290300,5051,36,5015
72109290400,3633,11,3622
72109990000,0,0,0
72111730100,5516,26,5490
72111730200,2319,23,2296
72111730300,7052,0,7052
72111730400,2094,29,2065
72111730700,3703,0,3703
72111730800,1547,0,1547
72111990000,0,0,0
72113070100,4723,29,4694
72113070201,3064,59,3005
72113070202,1545,26,1519
72113070300,2920,18,2902
72113070400,2313,0,2313
72113070502,3911,8,3903
72113070503,4143,52,4091
72113070513,2673,7,2666
72113070514,2832,0,2832
72113070522,3040,0,3040
72113070800,1533,0,1533
72113070900,2158,0,2158
72113071000,1398,5,1393
72113071200,2463,26,2437
72113071300,3837,18,3819
72113071401,2181,29,2152
72113071402,3967,16,3951
72113071500,3701,10,3691
72113071601,2659,16,2643
72113071602,3535,43,3492
72113071700,1945,76,1869
72113071800,1963,19,1944
72113071900,5113,103,5010
72113072000,1958,11,1947
72113072101,1682,5,1677
72113072102,4509,48,4461
72113072201,3539,0,3539
72113072202,4711,54,4657
72113072300,1375,0,1375
72113072400,5769,89,5680
72113072500,6734,92,6642
72113072600,3448,0,3448
72113072701,3314,118,3196
72113072703,5100,95,5005
72113072704,3369,0,3369
72113072900,6777,40,6737
72113073001,3174,13,3161
72113073002,5032,65,4967
72113073003,2073,0,2073
72113073004,3957,24,3933
72113073005,3068,0,3068
72113073006,3427,0,3427
72113073008,2103,42,2061
72113073009,5222,0,5222
72113073010,4636,0,4636
72113993000,0,0,0
72115330100,7344,26,7318
72115330200,5969,68,5901
72115330300,5677,153,5524
72115330400,5914,0,5914
72115990000,0,0,0
72117959400,4949,611,4338
72117959500,2890,335,2555
72117959600,6861,472,6389
72117990400,0,0,0
72119130101,5245,0,5245
72119130102,5588,179,5409
72119130200,2441,0,2441
72119130300,3541,55,3486
72119130401,3632,0,3632
72119130402,5447,0,5447
72119130500,6587,0,6587
72119130601,3414,12,3402
72119130602,3360,34,3326
72119130701,7692,0,7692
72119130702,5532,0,5532
72119992700,0,0,0
72121960300,5983,48,5935
72121960400,5038,46,4992
72121960500,1669,18,1651
72121960600,3129,0,3129
72121960700,4931,61,4870
72121960800,3263,0,3263
72123952600,3141,22,3119
72123952700,2250,4,2246
72123952800,6869,28,6841
72123952900,8784,36,8748
72123953000,2394,77,2317
72123953100,2193,21,2172
72123953200,4091,27,4064
72123992800,0,0,0
72125840100,3977,0,3977
72125840200,6936,0,6936
72125840300,4294,23,4271
72125840400,5580,29,5551
72125840500,4649,55,4594
72125840600,4060,35,4025
72125840700,4050,0,4050
72127000400,1482,54,1428
72127000506,1475,142,1333
72127000600,1356,62,1294
72127000700,2217,86,2131
72127000900,2755,219,2536
72127001000,4867,384,4483
72127001100,1577,257,1320
72127001200,1909,180,1729
72127001301,1870,0,1870
72127001302,5103,13,5090
72127001400,1189,31,1158
72127001500,2109,70,2039
72127001600,1841,35,1806
72127001800,2076,110,1966
72127001900,3576,71,3505
72127002002,1321,30,1291
72127002100,1579,79,1500
72127002200,1564,6,1558
72127002300,992,18,974
72127002400,2173,69,2104
72127002500,1431,25,1406
72127002600,2028,19,2009
72127002800,2381,29,2352
72127002900,1648,5,1643
72127003000,1597,13,1584
72127003100,2368,0,2368
72127003200,1929,22,1907
72127003300,1359,35,1324
72127003400,1847,21,1826
72127003501,4604,23,4581
72127003502,1352,0,1352
72127003600,893,0,893
72127003700,4228,59,4169
72127003800,2237,58,2179
72127003902,3820,26,3794
72127004200,2303,70,2233
72127004306,2622,0,2622
72127004400,1766,0,1766
72127004500,1964,5,1959
72127004600,3934,57,3877
72127004700,4284,18,4266
72127004800,3250,18,3232
72127004900,3180,18,3162
72127005000,4978,194,4784
72127005101,1990,15,1975
72127005102,2129,38,2091
72127005103,3522,73,3449
72127005201,2605,36,2569
72127005202,2639,29,2610
72127005204,1987,11,1976
72127005214,3898,18,3880
72127005215,2408,60,2348
72127005300,3143,86,3057
72127005401,6802,171,6631
72127005402,1813,0,1813
72127005403,6418,52,6366
72127005500,4599,74,4525
72127005601,3155,72,3083
72127005602,4107,136,3971
72127005800,2492,105,2387
72127005900,1516,10,1506
72127006000,1721,19,1702
72127006101,3843,41,3802
72127006102,1595,21,1574
72127006200,1940,19,1921
72127006300,4230,34,4196
72127006500,1648,76,1572
72127006600,1884,104,1780
72127006700,3748,44,3704
72127006800,4220,0,4220
72127006900,3378,17,3361
72127007004,2040,16,2024
72127007100,2589,60,2529
72127007300,3459,48,3411
72127007400,1735,39,1696
72127007500,2021,0,2021
72127007600,2199,52,2147
72127007700,2952,8,2944
72127007800,5922,62,5860
72127007900,2597,61,2536
72127008001,3866,41,3825
72127008002,4655,41,4614
72127008100,2769,0,2769
72127008201,2537,38,2499
72127008202,2387,9,2378
72127008300,2482,0,2482
72127008400,4533,44,4489
72127008500,4021,87,3934
72127008601,2030,108,1922
72127008602,3428,162,3266
72127008603,1501,22,1479
72127008700,2160,146,2014
72127008900,2752,73,2679
72127009000,2246,20,2226
72127009111,3036,107,2929
72127009112,3308,136,3172
72127009121,3836,63,3773
72127009122,5782,76,5706
72127009123,2465,110,2355
72127009300,3372,16,3356
72127009400,1870,62,1808
72127009601,1559,44,1515
72127009602,1718,6,1712
72127009603,2331,19,2312
72127009614,1737,28,1709
72127009624,4580,67,4513
72127009800,5207,90,5117
72127009901,3496,41,3455
72127009902,5454,38,5416
72127009903,4171,37,4134
72127009904,2226,23,2203
72127010001,5389,271,5118
72127010002,4890,36,4854
72127010012,5236,28,5208
72127010022,3079,37,3042
72127010032,5069,0,5069
72127010042,7555,0,7555
72127010100,8974,163,8811
72127010200,6792,0,6792
72127010500,3305,79,3226
72127980000,23,0,23
72127980101,0,0,0
72127980102,0,0,0
72127980103,1852,0,1852
72127980104,0,0,0
72127980105,0,0,0
72127980107,0,0,0
72127980108,0,0,0
72127980200,87,22,65
72127980300,0,0,0
72127990000,0,0,0
72129220100,7201,0,7201
72129220200,3748,0,3748
72129220300,1766,14,1752
72129220401,5198,9,5189
72129220402,5617,24,5593
72129220501,3703,0,3703
72129220502,4378,0,4378
72129220600,2859,16,2843
72129220700,4813,0,4813
72131009200,2226,12,2214
72131958500,4454,18,4436
72131958700,4973,72,4901
72131958800,6820,78,6742
72131958900,2980,17,2963
72131959000,4274,20,4254
72131959200,5129,24,5105
72131959300,4092,63,4029
72131959500,4807,62,4745
72133953300,4502,39,4463
72133953500,4763,0,4763
72133953600,5763,41,5722
72133953700,2429,0,2429
72133953800,5275,0,5275
72133990000,0,0,0
72135510101,8281,23,8258
72135510102,4808,18,4790
72135510200,8228,68,8160
72135510300,2845,35,2810
72135510400,5225,30,5195
72135510502,5043,0,5043
72135510503,9637,4,9633
72135510504,5028,77,4951
72135510505,4298,54,4244
72135510601,5427,236,5191
72135510602,6960,14,6946
72135510701,3532,0,3532
72135510702,5155,0,5155
72137120200,3795,0,3795
72137120300,2273,0,2273
72137120400,1440,31,1409
72137120500,1624,11,1613
72137120600,2951,32,2919
72137120700,1244,16,1228
72137120800,4229,155,4074
72137120900,4066,7,4059
72137121001,3590,44,3546
72137121002,3902,8,3894
72137121100,3087,0,3087
72137121200,3720,37,3683
72137121300,1749,0,1749
72137121400,5107,56,5051
72137121701,3109,38,3071
72137121702,5308,0,5308
72137121801,5051,0,5051
72137121802,4540,23,4517
72137121900,2691,8,2683
72137122001,4722,27,4695
72137122002,4317,0,4317
72137122100,2599,0,2599
72137122201,3582,49,3533
72137122202,3105,0,3105
72137122400,1844,58,1786
72137990000,0,0,0
72139060102,3681,52,3629
72139060103,3026,25,3001
72139060104,5977,19,5958
72139060211,5223,0,5223
72139060212,4691,0,4691
72139060213,2716,0,2716
72139060222,5462,52,5410
72139060223,3711,16,3695
72139060301,6304,37,6267
72139060302,7869,32,7837
72139060401,4256,15,4241
72139060403,3830,97,3733
72139060404,4490,128,4362
72139060501,5423,8,5415
72139060502,4078,0,4078
72141956900,4544,8,4536
72141957000,5035,0,5035
72141957100,5190,51,5139
72141957200,4206,39,4167
72141957300,3602,16,3586
72141957400,2401,12,2389
72141957500,2424,0,2424
72141957600,3467,0,3467
72143550100,9524,160,9364
72143550200,4739,10,4729
72143550300,5976,70,5906
72143550400,3989,93,3896
72143550500,5603,151,5452
72143550601,4646,59,4587
72143550602,4541,64,4477
72143990000,0,0,0
72145560100,3335,206,3129
72145560201,4942,86,4856
72145560204,3590,143,3447
72145560300,3920,160,3760
72145560401,2728,94,2634
72145560402,5558,194,5364
72145560500,1204,2,1202
72145560600,6295,339,5956
72145560701,6653,312,6341
72145560702,6249,81,6168
72145560801,2647,93,2554
72145560802,3532,33,3499
72145560900,5213,182,5031
72145990000,0,0,0
72147950500,5176,103,5073
72147950600,3870,226,3644
72147990000,0,0,0
72149720100,4491,8,4483
72149720300,5664,5,5659
72149720400,2223,0,2223
72149720502,3586,0,3586
72149720503,4336,0,4336
72149720504,3886,0,3886
72151950600,6733,0,6733
72151950700,4656,0,4656
72151950800,3717,0,3717
72151950900,5599,16,5583
72151951000,3056,0,3056
72151951100,2293,24,2269
72151951200,4289,0,4289
72151951300,5327,0,5327
72151990000,0,0,0
72153750101,2336,14,2322
72153750102,3488,0,3488
72153750201,3284,0,3284
72153750202,3595,0,3595
72153750300,4543,0,4543
72153750400,3031,16,3015
72153750501,6397,15,6382
72153750502,2026,20,2006
72153750503,2259,20,2239
72153750601,4819,32,4787
72153750602,2741,19,2722
